           1       2.976       2.976           0
           2     2.97597     2.97599  9.6753e-06
           3     2.97589     2.97595 2.68386e-05
           4     2.97575      2.9759  4.7837e-05
           5     2.97556     2.97584 7.20875e-05
           6     2.97532     2.97575 9.92127e-05
           7     2.97502     2.97564 0.000128949
           8     2.97466     2.97552 0.000161101
           9     2.97425     2.97538 0.000195518
          10     2.97379     2.97522 0.000232082
          11     2.97326     2.97504 0.000270697
          12     2.97269     2.97485 0.000311287
          13     2.97205     2.97463 0.000353788
          14     2.97136      2.9744 0.000398149
          15     2.97062     2.97415 0.000444328
          16     2.96981     2.97388 0.000492291
          17     2.96895     2.97359 0.000542011
          18     2.96802     2.97328 0.000593468
          19     2.96704     2.97295 0.000646644
          20       2.966      2.9726 0.000701529
          21     2.96489     2.97223 0.000758115
          22     2.96372     2.97185 0.000816399
          23     2.96249     2.97144 0.000876381
          24      2.9612     2.97101 0.000938062
          25     2.95984     2.97057  0.00100145
          26     2.95841      2.9701  0.00106655
          27     2.95691     2.96961  0.00113336
          28     2.95535      2.9691   0.0012019
          29     2.95372     2.96857  0.00127218
          30     2.95201     2.96802  0.00134421
          31     2.95023     2.96744  0.00141803
          32     2.94838     2.96685  0.00149364
          33     2.94645     2.96623  0.00157107
          34     2.94445     2.96559  0.00165034
          35     2.94237     2.96493  0.00173145
          36      2.9402     2.96424  0.00181443
          37     2.93796     2.96353  0.00189932
          38     2.93563      2.9628  0.00198614
          39     2.93322     2.96204  0.00207492
          40     2.93072     2.96125  0.00216568
          41     2.92814     2.96045  0.00225846
          42     2.92546     2.95961  0.00235329
          43     2.92269     2.95876  0.00245019
          44     2.91983     2.95787   0.0025492
          45     2.91687     2.95696  0.00265036
          46     2.91382     2.95602  0.00275369
          47     2.91066     2.95506  0.00285923
          48      2.9074     2.95406  0.00296702
          49     2.90404     2.95304  0.00307709
          50     2.90057     2.95199  0.00318949
          51     2.89699     2.95091  0.00330427
          52      2.8933     2.94981  0.00342147
          53     2.88949     2.94867  0.00354112
          54     2.88557      2.9475  0.00366328
          55     2.88152      2.9463  0.00378801
          56     2.87735     2.94507  0.00391533
          57     2.87306     2.94381  0.00404531
          58     2.86864     2.94251  0.00417797
          59      2.8641     2.94118  0.00431338
          60     2.85942     2.93982  0.00445156
          61      2.8546     2.93842  0.00459257
          62     2.84965     2.93699  0.00473644
          63     2.84455     2.93552  0.00488324
          64     2.83931     2.93402  0.00503301
          65     2.83393     2.93248  0.00518579
          66     2.82839      2.9309  0.00534165
          67      2.8227     2.92929  0.00550062
          68     2.81686     2.92763  0.00566276
          69     2.81086     2.92594  0.00582811
          70     2.80469     2.92421  0.00599673
          71     2.79836     2.92244  0.00616865
          72     2.79187     2.92062  0.00634393
          73      2.7852     2.91877  0.00652262
          74     2.77837     2.91687  0.00670475
          75     2.77135     2.91493  0.00689037
          76     2.76416     2.91295  0.00707952
          77      2.7568     2.91092  0.00727223
          78     2.74924     2.90885  0.00746855
          79     2.74151     2.90673  0.00766851
          80     2.73358     2.90456  0.00787215
          81     2.72547     2.90235  0.00807951
          82     2.71716     2.90009  0.00829061
          83     2.70866     2.89779   0.0085055
          84     2.69996     2.89543   0.0087242
          85     2.69106     2.89303  0.00894674
          86     2.68197     2.89057  0.00917314
          87     2.67267     2.88807  0.00940342
          88     2.66317     2.88551  0.00963759
          89     2.65347     2.88291  0.00987567
          90     2.64356     2.88025   0.0101177
          91     2.63345     2.87754   0.0103636
          92     2.62313     2.87477   0.0106135
          93     2.61261     2.87195   0.0108673
          94     2.60188     2.86908    0.011125
          95     2.59094     2.86615   0.0113866
          96     2.57979     2.86317   0.0116522
          97     2.56845     2.86013   0.0119216
          98     2.55689     2.85703   0.0121949
          99     2.54514     2.85388    0.012472
         100     2.53318     2.85068   0.0127529
         101     2.52103     2.84741   0.0130376
         102     2.50868     2.84409   0.0133261
         103     2.49614     2.84071   0.0136181
         104     2.48341     2.83728   0.0139138
         105     2.47049     2.83379   0.0142131
         106     2.45739     2.83023   0.0145158
         107     2.44411     2.82663   0.0148219
         108     2.43065     2.82296   0.0151313
         109     2.41703     2.81924    0.015444
         110     2.40325     2.81545   0.0157598
         111      2.3893     2.81161   0.0160787
         112     2.37521     2.80772   0.0164004
         113     2.36097     2.80376    0.016725
         114     2.34659     2.79975   0.0170524
         115     2.33208     2.79569   0.0173822
         116     2.31745     2.79156   0.0177146
         117      2.3027     2.78739   0.0180492
         118     2.28785     2.78315    0.018386
         119      2.2729     2.77886   0.0187248
         120     2.25786     2.77452   0.0190655
         121     2.24274     2.77013   0.0194079
         122     2.22755     2.76568   0.0197518
         123      2.2123     2.76118   0.0200971
         124       2.197     2.75663   0.0204435
         125     2.18166     2.75203    0.020791
         126     2.16629     2.74738   0.0211393
         127     2.15091     2.74269   0.0214883
         128     2.13552     2.73794   0.0218377
         129     2.12013     2.73315   0.0221874
         130     2.10476     2.72832   0.0225371
         131     2.08942     2.72344   0.0228867
         132     2.07412     2.71852   0.0232359
         133     2.05886     2.71356   0.0235846
         134     2.04367     2.70857   0.0239326
         135     2.02854     2.70353   0.0242797
         136      2.0135     2.69845   0.0246255
         137     1.99856     2.69335   0.0249701
         138     1.98371      2.6882   0.0253131
         139     1.96898     2.68303   0.0256544
         140     1.95438     2.67782   0.0259937
         141     1.93991     2.67259   0.0263309
         142     1.92559     2.66733   0.0266658
         143     1.91142     2.66204   0.0269982
         144     1.89741     2.65673   0.0273279
         145     1.88358      2.6514   0.0276548
         146     1.86993     2.64605   0.0279785
         147     1.85647     2.64068   0.0282991
         148     1.84321     2.63529   0.0286163
         149     1.83016     2.62989   0.0289299
         150     1.81732     2.62447   0.0292398
         151     1.80471     2.61904   0.0295458
         152     1.79232      2.6136   0.0298479
         153     1.78016     2.60815   0.0301458
         154     1.76825      2.6027   0.0304394
         155     1.75658     2.59724   0.0307286
         156     1.74517     2.59178   0.0310132
         157     1.73401     2.58632   0.0312932
         158     1.72311     2.58085   0.0315685
         159     1.71247     2.57539   0.0318389
         160      1.7021     2.56993   0.0321043
         161     1.69201     2.56448   0.0323647
         162     1.68219     2.55903   0.0326199
         163     1.67264      2.5536     0.03287
         164     1.66337     2.54817   0.0331147
         165     1.65439     2.54275   0.0333541
         166     1.64568     2.53735   0.0335881
         167     1.63726     2.53196   0.0338166
         168     1.62912     2.52658   0.0340397
         169     1.62126     2.52123   0.0342572
         170     1.61368     2.51589   0.0344691
         171     1.60639     2.51057   0.0346755
         172     1.59938     2.50527   0.0348762
         173     1.59265         2.5   0.0350713
         174     1.58619     2.49474   0.0352608
         175     1.58002     2.48952   0.0354446
         176     1.57411     2.48432   0.0356228
         177     1.56848     2.47914   0.0357953
         178     1.56312       2.474   0.0359622
         179     1.55802     2.46888   0.0361236
         180     1.55319     2.46379   0.0362793
         181     1.54861     2.45874   0.0364295
         182     1.54429     2.45371   0.0365742
         183     1.54023     2.44872   0.0367134
         184     1.53641     2.44376   0.0368471
         185     1.53283     2.43884   0.0369755
         186      1.5295     2.43395   0.0370985
         187     1.52639     2.42909   0.0372162
         188     1.52352     2.42428   0.0373287
         189     1.52087      2.4195    0.037436
         190     1.51844     2.41476   0.0375381
         191     1.51623     2.41005   0.0376352
         192     1.51422     2.40539   0.0377273
         193     1.51242     2.40076   0.0378145
         194     1.51081     2.39617   0.0378968
         195      1.5094     2.39162   0.0379743
         196     1.50818     2.38712   0.0380471
         197     1.50714     2.38265   0.0381153
         198     1.50627     2.37822   0.0381789
         199     1.50557     2.37384   0.0382381
         200     1.50504     2.36949   0.0382928
         201     1.50467     2.36519   0.0383433
         202     1.50445     2.36093   0.0383895
         203     1.50438     2.35671   0.0384316
         204     1.50445     2.35253   0.0384696
         205     1.50465      2.3484   0.0385036
         206     1.50499      2.3443   0.0385338
         207     1.50545     2.34025   0.0385601
         208     1.50603     2.33624   0.0385827
         209     1.50672     2.33227   0.0386017
         210     1.50753     2.32834   0.0386172
         211     1.50843     2.32446   0.0386292
         212     1.50943     2.32061   0.0386378
         213     1.51052     2.31681   0.0386431
         214      1.5117     2.31305   0.0386453
         215     1.51296     2.30933   0.0386443
         216      1.5143     2.30565   0.0386403
         217      1.5157     2.30201   0.0386333
         218     1.51717     2.29841   0.0386234
         219      1.5187     2.29484   0.0386108
         220     1.52028     2.29132   0.0385955
         221     1.52191     2.28784   0.0385776
         222     1.52359      2.2844   0.0385571
         223      1.5253       2.281   0.0385342
         224     1.52705     2.27763   0.0385089
         225     1.52883      2.2743   0.0384812
         226     1.53064     2.27101   0.0384514
         227     1.53246     2.26776   0.0384194
         228     1.53431     2.26454   0.0383853
         229     1.53617     2.26136   0.0383493
         230     1.53803     2.25822   0.0383113
         231      1.5399     2.25511   0.0382714
         232     1.54177     2.25203   0.0382298
         233     1.54365     2.24899   0.0381864
         234     1.54551     2.24598   0.0381414
         235     1.54737     2.24301   0.0380947
         236     1.54922     2.24007   0.0380466
         237     1.55106     2.23717   0.0379969
         238     1.55288     2.23429   0.0379459
         239     1.55469     2.23145   0.0378935
         240     1.55647     2.22863   0.0378399
         241     1.55824     2.22585    0.037785
         242     1.55999      2.2231   0.0377289
         243     1.56171     2.22038   0.0376717
         244     1.56341     2.21769   0.0376134
         245     1.56509     2.21502    0.037554
         246     1.56674     2.21239   0.0374937
         247     1.56837     2.20978   0.0374325
         248     1.56997      2.2072   0.0373704
         249     1.57155     2.20465   0.0373074
         250     1.57311     2.20212   0.0372436
         251     1.57465     2.19962    0.037179
         252     1.57617     2.19715   0.0371137
         253     1.57767      2.1947   0.0370477
         254     1.57915     2.19228    0.036981
         255     1.58062     2.18988   0.0369137
         256     1.58207      2.1875   0.0368457
         257     1.58351     2.18515   0.0367773
         258     1.58495     2.18283   0.0367082
         259     1.58638     2.18052   0.0366386
         260      1.5878     2.17824   0.0365686
         261     1.58923     2.17599    0.036498
         262     1.59066     2.17375    0.036427
         263     1.59209     2.17154   0.0363556
         264     1.59354     2.16935   0.0362838
         265     1.59499     2.16718   0.0362115
         266     1.59646     2.16504   0.0361389
         267     1.59795     2.16291   0.0360659
         268     1.59945     2.16081   0.0359926
         269     1.60097     2.15873   0.0359189
         270     1.60252     2.15667   0.0358449
         271      1.6041     2.15463   0.0357706
         272      1.6057     2.15261   0.0356959
         273     1.60733     2.15062    0.035621
         274     1.60899     2.14864   0.0355458
         275     1.61069     2.14668   0.0354703
         276     1.61242     2.14475   0.0353946
         277     1.61418     2.14283   0.0353186
         278     1.61597     2.14094   0.0352424
         279     1.61781     2.13906   0.0351659
         280     1.61967     2.13721   0.0350892
         281     1.62158     2.13537   0.0350123
         282     1.62351     2.13356   0.0349351
         283     1.62548     2.13176   0.0348578
         284     1.62748     2.12999   0.0347803
         285     1.62952     2.12823   0.0347025
         286     1.63158     2.12649   0.0346246
         287     1.63367     2.12478   0.0345465
         288     1.63578     2.12308   0.0344683
         289     1.63792      2.1214   0.0343899
         290     1.64008     2.11974   0.0343113
         291     1.64226      2.1181   0.0342326
         292     1.64446     2.11648   0.0341538
         293     1.64666     2.11487   0.0340748
         294     1.64888     2.11329   0.0339958
         295     1.65111     2.11172   0.0339166
         296     1.65333     2.11017   0.0338374
         297     1.65556     2.10864    0.033758
         298     1.65779     2.10713   0.0336786
         299        1.66     2.10563   0.0335992
         300     1.66221     2.10416   0.0335197
         301     1.66441      2.1027   0.0334401
         302     1.66659     2.10125   0.0333606
         303     1.66876     2.09982    0.033281
         304      1.6709     2.09841   0.0332014
         305     1.67302     2.09702   0.0331218
         306     1.67511     2.09564   0.0330423
         307     1.67716     2.09428   0.0329628
         308     1.67919     2.09293   0.0328833
         309     1.68118      2.0916   0.0328038
         310     1.68313     2.09028   0.0327245
         311     1.68505     2.08898   0.0326452
         312     1.68692     2.08769    0.032566
         313     1.68874     2.08641   0.0324869
         314     1.69052     2.08515   0.0324079
         315     1.69225      2.0839    0.032329
         316     1.69393     2.08267   0.0322502
         317     1.69557     2.08145   0.0321716
         318     1.69715     2.08024   0.0320931
         319     1.69867     2.07904   0.0320148
         320     1.70014     2.07786   0.0319366
         321     1.70156     2.07669   0.0318586
         322     1.70292     2.07553   0.0317808
         323     1.70422     2.07438   0.0317032
         324     1.70547     2.07324   0.0316258
         325     1.70666     2.07211   0.0315486
         326     1.70778     2.07099   0.0314716
         327     1.70885     2.06989   0.0313949
         328     1.70986     2.06879   0.0313183
         329     1.71081      2.0677    0.031242
         330      1.7117     2.06662    0.031166
         331     1.71253     2.06555   0.0310902
         332      1.7133     2.06449   0.0310146
         333     1.71401     2.06344   0.0309394
         334     1.71465     2.06239   0.0308643
         335     1.71524     2.06136   0.0307896
         336     1.71577     2.06033   0.0307151
         337     1.71624     2.05931    0.030641
         338     1.71665     2.05829   0.0305671
         339       1.717     2.05729   0.0304935
         340     1.71729     2.05629   0.0304202
         341     1.71751     2.05529   0.0303472
         342     1.71768     2.05431   0.0302745
         343     1.71779     2.05333   0.0302021
         344     1.71784     2.05235   0.0301301
         345     1.71783     2.05138   0.0300584
         346     1.71776     2.05042   0.0299869
         347     1.71762     2.04946   0.0299159
         348     1.71743      2.0485   0.0298451
         349     1.71718     2.04755   0.0297747
         350     1.71686     2.04661   0.0297046
         351     1.71649     2.04567   0.0296349
         352     1.71605     2.04473   0.0295655
         353     1.71556      2.0438   0.0294964
         354       1.715     2.04287   0.0294277
         355     1.71438     2.04195   0.0293594
         356      1.7137     2.04102   0.0292914
         357     1.71295      2.0401   0.0292237
         358     1.71214     2.03919   0.0291564
         359     1.71127     2.03828   0.0290895
         360     1.71033     2.03736    0.029023
         361     1.70933     2.03646   0.0289568
         362     1.70826     2.03555    0.028891
         363     1.70713     2.03464   0.0288256
         364     1.70593     2.03374   0.0287605
         365     1.70467     2.03284   0.0286959
         366     1.70334     2.03194   0.0286316
         367     1.70195     2.03104   0.0285677
         368     1.70049     2.03014   0.0285042
         369     1.69896     2.02924    0.028441
         370     1.69737     2.02835   0.0283783
         371     1.69571     2.02745    0.028316
         372     1.69399     2.02655   0.0282541
         373     1.69221     2.02566   0.0281925
         374     1.69035     2.02476   0.0281314
         375     1.68844     2.02386   0.0280707
         376     1.68646     2.02297   0.0280104
         377     1.68442     2.02207   0.0279504
         378     1.68232     2.02117    0.027891
         379     1.68016     2.02027   0.0278319
         380     1.67794     2.01937   0.0277732
         381     1.67566     2.01847    0.027715
         382     1.67333     2.01756   0.0276571
         383     1.67094     2.01666   0.0275997
         384      1.6685     2.01575   0.0275427
         385     1.66601     2.01484   0.0274862
         386     1.66347     2.01393     0.02743
         387     1.66088     2.01302   0.0273743
         388     1.65825     2.01211    0.027319
         389     1.65558     2.01119   0.0272642
         390     1.65288     2.01027   0.0272097
         391     1.65014     2.00935   0.0271557
         392     1.64737     2.00843   0.0271022
         393     1.64457      2.0075    0.027049
         394     1.64175     2.00657   0.0269963
         395      1.6389     2.00564    0.026944
         396     1.63604     2.00471   0.0268921
         397     1.63317     2.00377   0.0268406
         398     1.63028     2.00283   0.0267896
         399     1.62739     2.00189    0.026739
         400      1.6245     2.00095   0.0266888
         401     1.62162           2    0.026639
         402     1.61873     1.99906   0.0265896
         403     1.61587     1.99811   0.0265406
         404     1.61301     1.99715    0.026492
         405     1.61018      1.9962   0.0264438
         406     1.60737     1.99524    0.026396
         407      1.6046     1.99428   0.0263486
         408     1.60185     1.99332   0.0263016
         409     1.59915     1.99235   0.0262549
         410     1.59648     1.99139   0.0262086
         411     1.59387     1.99042   0.0261627
         412      1.5913     1.98945   0.0261171
         413     1.58879     1.98848   0.0260719
         414     1.58633     1.98751    0.026027
         415     1.58394     1.98654   0.0259825
         416     1.58162     1.98556   0.0259383
         417     1.57936     1.98459   0.0258943
         418     1.57718     1.98362   0.0258507
         419     1.57507     1.98264   0.0258074
         420     1.57304     1.98167   0.0257644
         421      1.5711     1.98069   0.0257216
         422     1.56924     1.97972   0.0256792
         423     1.56747     1.97874   0.0256369
         424     1.56579     1.97777    0.025595
         425     1.56421     1.97679   0.0255532
         426     1.56271     1.97582   0.0255117
         427     1.56132     1.97485   0.0254704
         428     1.56002     1.97388   0.0254294
         429     1.55882     1.97291   0.0253885
         430     1.55773     1.97195   0.0253478
         431     1.55673     1.97099   0.0253073
         432     1.55584     1.97002   0.0252669
         433     1.55505     1.96907   0.0252268
         434     1.55436     1.96811   0.0251867
         435     1.55378     1.96716   0.0251468
         436      1.5533     1.96621   0.0251071
         437     1.55293     1.96526   0.0250674
         438     1.55266     1.96432   0.0250279
         439     1.55249     1.96338   0.0249884
         440     1.55242     1.96245   0.0249491
         441     1.55245     1.96152   0.0249098
         442     1.55258     1.96059   0.0248707
         443     1.55282     1.95967   0.0248315
         444     1.55315     1.95876   0.0247925
         445     1.55358     1.95785   0.0247535
         446      1.5541     1.95694   0.0247145
         447     1.55471     1.95604   0.0246756
         448     1.55542     1.95515   0.0246367
         449     1.55622     1.95426   0.0245979
         450      1.5571     1.95338   0.0245591
         451     1.55807      1.9525   0.0245202
         452     1.55913     1.95163   0.0244814
         453     1.56027     1.95077   0.0244426
         454     1.56149     1.94991   0.0244038
         455     1.56279     1.94906    0.024365
         456     1.56416     1.94821   0.0243262
         457     1.56561     1.94738   0.0242874
         458     1.56713     1.94655   0.0242485
         459     1.56873     1.94572   0.0242097
         460     1.57039     1.94491   0.0241708
         461     1.57212      1.9441   0.0241319
         462     1.57391      1.9433   0.0240929
         463     1.57576      1.9425    0.024054
         464     1.57767     1.94172    0.024015
         465     1.57964     1.94094    0.023976
         466     1.58167     1.94017   0.0239369
         467     1.58375      1.9394   0.0238978
         468     1.58588     1.93865   0.0238587
         469     1.58806      1.9379   0.0238195
         470     1.59028     1.93716   0.0237803
         471     1.59255     1.93643   0.0237411
         472     1.59486     1.93571   0.0237018
         473     1.59722     1.93499   0.0236625
         474     1.59961     1.93428   0.0236232
         475     1.60204     1.93358   0.0235838
         476      1.6045     1.93289   0.0235444
         477     1.60699     1.93221   0.0235049
         478     1.60952     1.93153   0.0234654
         479     1.61207     1.93087   0.0234259
         480     1.61465     1.93021   0.0233864
         481     1.61725     1.92956   0.0233468
         482     1.61988     1.92892   0.0233072
         483     1.62252     1.92828   0.0232676
         484     1.62519     1.92765   0.0232279
         485     1.62787     1.92704   0.0231883
         486     1.63056     1.92643   0.0231486
         487     1.63326     1.92582   0.0231089
         488     1.63598     1.92523   0.0230691
         489      1.6387     1.92464   0.0230294
         490     1.64142     1.92407   0.0229897
         491     1.64415      1.9235   0.0229499
         492     1.64687     1.92293   0.0229101
         493      1.6496     1.92238   0.0228704
         494     1.65232     1.92183   0.0228306
         495     1.65503     1.92129   0.0227909
         496     1.65773     1.92076   0.0227511
         497     1.66041     1.92024   0.0227114
         498     1.66308     1.91972   0.0226716
         499     1.66573     1.91921   0.0226319
         500     1.66836     1.91871   0.0225922
         501     1.67097     1.91822   0.0225525
         502     1.67354     1.91773   0.0225129
         503     1.67609     1.91725   0.0224732
         504      1.6786     1.91678   0.0224336
         505     1.68107     1.91631   0.0223941
         506     1.68351     1.91585   0.0223545
         507      1.6859      1.9154    0.022315
         508     1.68824     1.91495   0.0222756
         509     1.69053     1.91451   0.0222362
         510     1.69278     1.91407   0.0221968
         511     1.69496     1.91364   0.0221575
         512     1.69709     1.91322   0.0221183
         513     1.69915      1.9128   0.0220791
         514     1.70115     1.91239     0.02204
         515     1.70309     1.91199    0.022001
         516     1.70495     1.91158    0.021962
         517     1.70674     1.91119   0.0219231
         518     1.70845      1.9108   0.0218842
         519     1.71008     1.91041   0.0218455
         520     1.71164     1.91003   0.0218068
         521     1.71311     1.90965   0.0217682
         522     1.71449     1.90928   0.0217298
         523     1.71579     1.90891   0.0216914
         524     1.71699     1.90854    0.021653
         525      1.7181     1.90818   0.0216148
         526     1.71913     1.90782   0.0215767
         527     1.72005     1.90746   0.0215387
         528     1.72088     1.90711   0.0215008
         529     1.72161     1.90676   0.0214631
         530     1.72224     1.90641   0.0214254
         531     1.72278     1.90606   0.0213878
         532     1.72321     1.90572   0.0213504
         533     1.72354     1.90538   0.0213131
         534     1.72377     1.90504   0.0212759
         535     1.72389      1.9047   0.0212388
         536     1.72391     1.90436   0.0212018
         537     1.72382     1.90403    0.021165
         538     1.72363     1.90369   0.0211283
         539     1.72334     1.90336   0.0210918
         540     1.72295     1.90302   0.0210554
         541     1.72244     1.90269   0.0210191
         542     1.72184     1.90235    0.020983
         543     1.72113     1.90202    0.020947
         544     1.72032     1.90169   0.0209111
         545     1.71941     1.90135   0.0208754
         546      1.7184     1.90102   0.0208399
         547     1.71729     1.90068   0.0208045
         548     1.71608     1.90034   0.0207693
         549     1.71477     1.90001   0.0207342
         550     1.71337     1.89967   0.0206993
         551     1.71187     1.89933   0.0206645
         552     1.71028     1.89898   0.0206299
         553     1.70859     1.89864   0.0205955
         554     1.70682     1.89829   0.0205612
         555     1.70496     1.89794   0.0205271
         556     1.70302     1.89759   0.0204932
         557     1.70099     1.89724   0.0204594
         558     1.69888     1.89689   0.0204259
         559     1.69669     1.89653   0.0203925
         560     1.69443     1.89617   0.0203592
         561     1.69209      1.8958   0.0203262
         562     1.68969     1.89544   0.0202933
         563     1.68721     1.89507   0.0202607
         564     1.68468     1.89469   0.0202282
         565     1.68209     1.89432   0.0201959
         566     1.67944     1.89394   0.0201638
         567     1.67674     1.89355   0.0201318
         568     1.67399     1.89317   0.0201001
         569      1.6712     1.89278   0.0200686
         570     1.66837     1.89238   0.0200372
         571      1.6655     1.89199   0.0200061
         572     1.66261     1.89159   0.0199751
         573     1.65969     1.89118   0.0199443
         574     1.65676     1.89077   0.0199138
         575     1.65381     1.89036   0.0198834
         576     1.65086     1.88994   0.0198532
         577      1.6479     1.88953   0.0198233
         578     1.64495      1.8891   0.0197935
         579       1.642     1.88868   0.0197639
         580     1.63908     1.88824   0.0197345
         581     1.63617     1.88781   0.0197053
         582     1.63329     1.88737   0.0196763
         583     1.63045     1.88693   0.0196475
         584     1.62765     1.88649   0.0196189
         585      1.6249     1.88604   0.0195904
         586     1.62221     1.88559   0.0195622
         587     1.61958     1.88514   0.0195341
         588     1.61701     1.88468   0.0195062
         589     1.61452     1.88422   0.0194785
         590     1.61211     1.88376   0.0194509
         591     1.60979      1.8833   0.0194235
         592     1.60757     1.88283   0.0193963
         593     1.60545     1.88237   0.0193692
         594     1.60343      1.8819   0.0193423
         595     1.60153     1.88142   0.0193155
         596     1.59976     1.88095   0.0192889
         597     1.59811     1.88048   0.0192624
         598     1.59659        1.88    0.019236
         599     1.59521     1.87953   0.0192098
         600     1.59398     1.87905   0.0191837
         601      1.5929     1.87858   0.0191577
         602     1.59197      1.8781   0.0191318
         603      1.5912     1.87762    0.019106
         604      1.5906     1.87715   0.0190802
         605     1.59016     1.87667   0.0190546
         606     1.58989      1.8762    0.019029
         607     1.58978     1.87573   0.0190035
         608     1.58986     1.87526   0.0189781
         609     1.59011     1.87479   0.0189527
         610     1.59053     1.87433   0.0189274
         611     1.59113     1.87386    0.018902
         612     1.59191      1.8734   0.0188768
         613     1.59285     1.87294   0.0188515
         614     1.59397     1.87249   0.0188263
         615     1.59526     1.87204   0.0188011
         616     1.59671     1.87159   0.0187759
         617     1.59833     1.87115   0.0187507
         618      1.6001     1.87071   0.0187255
         619     1.60202     1.87028   0.0187002
         620     1.60409     1.86985    0.018675
         621      1.6063     1.86942   0.0186498
         622     1.60864       1.869   0.0186245
         623     1.61111     1.86859   0.0185992
         624      1.6137     1.86818   0.0185739
         625     1.61641     1.86778   0.0185485
         626     1.61921     1.86738   0.0185231
         627     1.62212     1.86699   0.0184977
         628     1.62511      1.8666   0.0184723
         629     1.62819     1.86622   0.0184468
         630     1.63134     1.86585   0.0184213
         631     1.63455     1.86549   0.0183957
         632     1.63783     1.86513   0.0183702
         633     1.64115     1.86477   0.0183445
         634     1.64452     1.86442   0.0183189
         635     1.64793     1.86408   0.0182932
         636     1.65136     1.86375   0.0182675
         637     1.65483     1.86342   0.0182418
         638     1.65831      1.8631    0.018216
         639      1.6618     1.86278   0.0181902
         640      1.6653     1.86248   0.0181644
         641      1.6688     1.86217   0.0181386
         642      1.6723     1.86188   0.0181128
         643     1.67579     1.86159   0.0180869
         644     1.67926     1.86131    0.018061
         645     1.68273     1.86103   0.0180352
         646     1.68617     1.86076   0.0180093
         647     1.68959     1.86049   0.0179834
         648     1.69298     1.86023   0.0179575
         649     1.69634     1.85998   0.0179316
         650     1.69967     1.85974   0.0179057
         651     1.70297     1.85949   0.0178798
         652     1.70622     1.85926   0.0178539
         653     1.70944     1.85903   0.0178281
         654     1.71261     1.85881   0.0178022
         655     1.71574     1.85859   0.0177764
         656     1.71881     1.85837   0.0177506
         657     1.72184     1.85817   0.0177248
         658     1.72482     1.85796    0.017699
         659     1.72774     1.85777   0.0176732
         660      1.7306     1.85757   0.0176475
         661     1.73341     1.85739   0.0176218
         662     1.73615      1.8572   0.0175961
         663     1.73882     1.85702   0.0175705
         664     1.74143     1.85685   0.0175449
         665     1.74397     1.85668   0.0175193
         666     1.74643     1.85652   0.0174938
         667     1.74881     1.85635   0.0174683
         668     1.75112      1.8562   0.0174429
         669     1.75334     1.85604   0.0174175
         670     1.75548     1.85589   0.0173921
         671     1.75753     1.85575   0.0173668
         672     1.75949      1.8556   0.0173416
         673     1.76136     1.85546   0.0173164
         674     1.76312     1.85533   0.0172912
         675     1.76479     1.85519   0.0172661
         676     1.76636     1.85506   0.0172411
         677     1.76781     1.85493   0.0172161
         678     1.76916      1.8548   0.0171912
         679      1.7704     1.85468   0.0171663
         680     1.77152     1.85456   0.0171415
         681     1.77253     1.85444   0.0171168
         682     1.77341     1.85432   0.0170921
         683     1.77417      1.8542   0.0170674
         684     1.77481     1.85409   0.0170429
         685     1.77532     1.85397   0.0170184
         686     1.77571     1.85386    0.016994
         687     1.77596     1.85374   0.0169696
         688     1.77609     1.85363   0.0169453
         689     1.77608     1.85352   0.0169211
         690     1.77593      1.8534    0.016897
         691     1.77566     1.85329   0.0168729
         692     1.77524     1.85318   0.0168489
         693      1.7747     1.85307   0.0168249
         694     1.77402     1.85295   0.0168011
         695      1.7732     1.85284   0.0167773
         696     1.77226     1.85272   0.0167536
         697     1.77117      1.8526     0.01673
         698     1.76996     1.85249   0.0167064
         699     1.76862     1.85237   0.0166829
         700     1.76714     1.85224   0.0166596
         701     1.76554     1.85212   0.0166363
         702     1.76381       1.852    0.016613
         703     1.76196     1.85187   0.0165899
         704     1.75999     1.85174   0.0165668
         705      1.7579      1.8516   0.0165439
         706      1.7557     1.85147    0.016521
         707     1.75338     1.85133   0.0164982
         708     1.75096     1.85119   0.0164755
         709     1.74843     1.85104   0.0164529
         710     1.74579     1.85089   0.0164304
         711     1.74306     1.85074    0.016408
         712     1.74024     1.85059   0.0163857
         713     1.73733     1.85043   0.0163635
         714     1.73434     1.85027   0.0163414
         715     1.73126      1.8501   0.0163194
         716      1.7281     1.84993   0.0162975
         717     1.72487     1.84975   0.0162757
         718     1.72158     1.84958    0.016254
         719     1.71822     1.84939   0.0162324
         720      1.7148     1.84921   0.0162109
         721     1.71132     1.84902   0.0161896
         722     1.70779     1.84882   0.0161683
         723     1.70422     1.84862   0.0161472
         724      1.7006     1.84842   0.0161262
         725     1.69694     1.84821   0.0161053
         726     1.69325     1.84799   0.0160845
         727     1.68952     1.84777   0.0160639
         728     1.68576     1.84755   0.0160434
         729     1.68198     1.84733    0.016023
         730     1.67817     1.84709   0.0160027
         731     1.67434     1.84686   0.0159825
         732      1.6705     1.84662   0.0159625
         733     1.66663     1.84637   0.0159426
         734     1.66276     1.84612   0.0159229
         735     1.65887     1.84587   0.0159033
         736     1.65498     1.84561   0.0158838
         737     1.65108     1.84534   0.0158644
         738     1.64717     1.84507   0.0158452
         739     1.64326      1.8448   0.0158261
         740     1.63936     1.84452   0.0158071
         741     1.63545     1.84424   0.0157883
         742     1.63155     1.84395   0.0157696
         743     1.62766     1.84366   0.0157511
         744     1.62377     1.84337   0.0157327
         745     1.61989     1.84307   0.0157145
         746     1.61602     1.84276   0.0156963
         747     1.61217     1.84245   0.0156784
         748     1.60834     1.84214   0.0156605
         749     1.60452     1.84182   0.0156428
         750     1.60072      1.8415   0.0156253
         751     1.59694     1.84118   0.0156079
         752     1.59319     1.84085   0.0155906
         753     1.58947     1.84051   0.0155735
         754     1.58578     1.84018   0.0155565
         755     1.58212     1.83983   0.0155396
         756     1.57849     1.83949   0.0155229
         757      1.5749     1.83914   0.0155063
         758     1.57136     1.83879   0.0154899
         759     1.56785     1.83843   0.0154736
         760      1.5644     1.83807   0.0154574
         761     1.56099      1.8377   0.0154414
         762     1.55764     1.83734   0.0154255
         763     1.55434     1.83697   0.0154098
         764      1.5511     1.83659   0.0153941
         765     1.54793     1.83621   0.0153786
         766     1.54482     1.83583   0.0153633
         767     1.54177     1.83545    0.015348
         768     1.53881     1.83506   0.0153329
         769     1.53591     1.83467   0.0153179
         770      1.5331     1.83428    0.015303
         771     1.53037     1.83389   0.0152882
         772     1.52772     1.83349   0.0152736
         773     1.52515     1.83309    0.015259
         774     1.52268     1.83269   0.0152446
         775      1.5203     1.83229   0.0152302
         776     1.51801     1.83188    0.015216
         777     1.51582     1.83148   0.0152018
         778     1.51373     1.83107   0.0151878
         779     1.51173     1.83066   0.0151738
         780     1.50984     1.83025   0.0151599
         781     1.50805     1.82984   0.0151461
         782     1.50636     1.82942   0.0151324
         783     1.50478     1.82901   0.0151188
         784     1.50331     1.82859   0.0151052
         785     1.50194     1.82818   0.0150917
         786     1.50067     1.82776   0.0150782
         787     1.49952     1.82734   0.0150649
         788     1.49847     1.82692   0.0150515
         789     1.49752     1.82651   0.0150382
         790     1.49668     1.82609    0.015025
         791     1.49594     1.82567   0.0150118
         792     1.49531     1.82525   0.0149986
         793     1.49478     1.82484   0.0149855
         794     1.49434     1.82442   0.0149724
         795     1.49401     1.82401   0.0149593
         796     1.49377     1.82359   0.0149463
         797     1.49363     1.82318   0.0149333
         798     1.49358     1.82276   0.0149203
         799     1.49361     1.82235   0.0149073
         800     1.49374     1.82194   0.0148943
         801     1.49395     1.82153   0.0148813
         802     1.49424     1.82112   0.0148684
         803      1.4946     1.82072   0.0148554
         804     1.49505     1.82031   0.0148425
         805     1.49556     1.81991   0.0148295
         806     1.49614     1.81951   0.0148166
         807      1.4968     1.81911   0.0148036
         808     1.49751     1.81871   0.0147906
         809     1.49828     1.81831   0.0147776
         810     1.49912     1.81792   0.0147646
         811         1.5     1.81753   0.0147516
         812     1.50094     1.81714   0.0147386
         813     1.50192     1.81675   0.0147256
         814     1.50295     1.81636   0.0147126
         815     1.50402     1.81598   0.0146995
         816     1.50513      1.8156   0.0146864
         817     1.50627     1.81522   0.0146733
         818     1.50745     1.81485   0.0146602
         819     1.50866     1.81447   0.0146471
         820      1.5099      1.8141   0.0146339
         821     1.51116     1.81373   0.0146207
         822     1.51245     1.81336   0.0146076
         823     1.51376       1.813   0.0145943
         824      1.5151     1.81264   0.0145811
         825     1.51645     1.81228   0.0145678
         826     1.51781     1.81192   0.0145546
         827      1.5192     1.81157   0.0145413
         828      1.5206     1.81122    0.014528
         829     1.52201     1.81087   0.0145146
         830     1.52343     1.81052   0.0145013
         831     1.52486     1.81018   0.0144879
         832      1.5263     1.80984   0.0144745
         833     1.52775      1.8095   0.0144611
         834     1.52921     1.80916   0.0144476
         835     1.53068     1.80883   0.0144342
         836     1.53215      1.8085   0.0144207
         837     1.53363     1.80817   0.0144072
         838     1.53511     1.80784   0.0143937
         839      1.5366     1.80752   0.0143802
         840     1.53809      1.8072   0.0143667
         841     1.53958     1.80688   0.0143531
         842     1.54108     1.80657   0.0143395
         843     1.54259     1.80625   0.0143259
         844     1.54409     1.80594   0.0143123
         845     1.54561     1.80563   0.0142987
         846     1.54712     1.80533   0.0142851
         847     1.54863     1.80503   0.0142714
         848     1.55015     1.80473   0.0142577
         849     1.55167     1.80443   0.0142441
         850      1.5532     1.80413   0.0142304
         851     1.55472     1.80384   0.0142167
         852     1.55625     1.80355    0.014203
         853     1.55778     1.80326   0.0141892
         854     1.55931     1.80297   0.0141755
         855     1.56084     1.80269   0.0141617
         856     1.56237     1.80241    0.014148
         857      1.5639     1.80213   0.0141342
         858     1.56544     1.80186   0.0141204
         859     1.56697     1.80158   0.0141066
         860      1.5685     1.80131   0.0140928
         861     1.57004     1.80104    0.014079
         862     1.57157     1.80078   0.0140652
         863      1.5731     1.80051   0.0140514
         864     1.57463     1.80025   0.0140375
         865     1.57616     1.79999   0.0140237
         866     1.57768     1.79974   0.0140099
         867      1.5792     1.79948    0.013996
         868     1.58072     1.79923   0.0139822
         869     1.58223     1.79898   0.0139683
         870     1.58373     1.79873   0.0139544
         871     1.58523     1.79849   0.0139406
         872     1.58673     1.79824   0.0139267
         873     1.58821       1.798   0.0139128
         874     1.58969     1.79777   0.0138989
         875     1.59115     1.79753   0.0138851
         876      1.5926      1.7973   0.0138712
         877     1.59404     1.79706   0.0138573
         878     1.59547     1.79683   0.0138434
         879     1.59689     1.79661   0.0138295
         880     1.59829     1.79638   0.0138157
         881     1.59967     1.79616   0.0138018
         882     1.60103     1.79594   0.0137879
         883     1.60238     1.79572    0.013774
         884      1.6037      1.7955   0.0137602
         885     1.60501     1.79528   0.0137463
         886     1.60629     1.79507   0.0137324
         887     1.60755     1.79486   0.0137186
         888     1.60878     1.79465   0.0137047
         889     1.60999     1.79444   0.0136909
         890     1.61117     1.79424   0.0136771
         891     1.61232     1.79403   0.0136632
         892     1.61345     1.79383   0.0136494
         893     1.61454     1.79363   0.0136356
         894      1.6156     1.79343   0.0136218
         895     1.61663     1.79323    0.013608
         896     1.61762     1.79304   0.0135943
         897     1.61858     1.79284   0.0135805
         898      1.6195     1.79265   0.0135667
         899     1.62038     1.79246    0.013553
         900     1.62123     1.79227   0.0135393
         901     1.62203     1.79208   0.0135256
         902      1.6228     1.79189   0.0135119
         903     1.62352      1.7917   0.0134982
         904      1.6242     1.79152   0.0134845
         905     1.62483     1.79134   0.0134709
         906     1.62542     1.79115   0.0134573
         907     1.62596     1.79097   0.0134437
         908     1.62645     1.79079   0.0134301
         909      1.6269     1.79061   0.0134165
         910     1.62729     1.79043    0.013403
         911     1.62764     1.79025   0.0133895
         912     1.62793     1.79007    0.013376
         913     1.62817     1.78989   0.0133625
         914     1.62835     1.78972    0.013349
         915     1.62849     1.78954   0.0133356
         916     1.62857     1.78937   0.0133222
         917     1.62859     1.78919   0.0133088
         918     1.62856     1.78902   0.0132955
         919     1.62847     1.78884   0.0132822
         920     1.62833     1.78867   0.0132689
         921     1.62813     1.78849   0.0132556
         922     1.62787     1.78832   0.0132424
         923     1.62755     1.78814   0.0132292
         924     1.62718     1.78797    0.013216
         925     1.62675      1.7878   0.0132029
         926     1.62626     1.78762   0.0131898
         927     1.62571     1.78745   0.0131767
         928     1.62511     1.78727   0.0131636
         929     1.62445      1.7871   0.0131506
         930     1.62373     1.78692   0.0131377
         931     1.62295     1.78674   0.0131247
         932     1.62212     1.78657   0.0131119
         933     1.62123     1.78639    0.013099
         934     1.62029     1.78621   0.0130862
         935     1.61929     1.78603   0.0130734
         936     1.61824     1.78585   0.0130607
         937     1.61714     1.78567    0.013048
         938     1.61599     1.78549   0.0130353
         939     1.61478     1.78531   0.0130227
         940     1.61353     1.78513   0.0130101
         941     1.61223     1.78495   0.0129976
         942     1.61089     1.78476   0.0129851
         943      1.6095     1.78457   0.0129727
         944     1.60807     1.78439   0.0129603
         945      1.6066      1.7842   0.0129479
         946     1.60509     1.78401   0.0129356
         947     1.60355     1.78382   0.0129234
         948     1.60197     1.78363   0.0129112
         949     1.60035     1.78344    0.012899
         950     1.59871     1.78324   0.0128869
         951     1.59704     1.78304   0.0128748
         952     1.59534     1.78285   0.0128628
         953     1.59361     1.78265   0.0128508
         954     1.59187     1.78245   0.0128389
         955      1.5901     1.78225   0.0128271
         956     1.58832     1.78204   0.0128153
         957     1.58653     1.78184   0.0128035
         958     1.58473     1.78163   0.0127918
         959     1.58291     1.78143   0.0127801
         960      1.5811     1.78122   0.0127685
         961     1.57928     1.78101   0.0127569
         962     1.57745      1.7808   0.0127454
         963     1.57564     1.78058    0.012734
         964     1.57382     1.78037   0.0127226
         965     1.57202     1.78015   0.0127112
         966     1.57022     1.77994   0.0126999
         967     1.56844     1.77972   0.0126887
         968     1.56667      1.7795   0.0126775
         969     1.56493     1.77928   0.0126663
         970      1.5632     1.77905   0.0126552
         971      1.5615     1.77883   0.0126442
         972     1.55983      1.7786   0.0126332
         973     1.55818     1.77838   0.0126222
         974     1.55657     1.77815   0.0126113
         975       1.555     1.77792   0.0126005
         976     1.55346     1.77769   0.0125897
         977     1.55197     1.77746   0.0125789
         978     1.55051     1.77723   0.0125682
         979     1.54911     1.77699   0.0125575
         980     1.54775     1.77676   0.0125469
         981     1.54643     1.77653   0.0125363
         982     1.54518     1.77629   0.0125257
         983     1.54397     1.77605   0.0125152
         984     1.54282     1.77582   0.0125047
         985     1.54173     1.77558   0.0124943
         986      1.5407     1.77534   0.0124839
         987     1.53972      1.7751   0.0124735
         988     1.53881     1.77486   0.0124632
         989     1.53797     1.77462   0.0124529
         990     1.53718     1.77438   0.0124426
         991     1.53646     1.77414   0.0124324
         992     1.53581      1.7739   0.0124222
         993     1.53522     1.77366    0.012412
         994     1.53469     1.77342   0.0124018
         995     1.53423     1.77318   0.0123917
         996     1.53384     1.77294   0.0123816
         997     1.53351      1.7727   0.0123715
         998     1.53325     1.77246   0.0123614
         999     1.53305     1.77222   0.0123514
        1000     1.53291     1.77198   0.0123413
        1001     1.53284     1.77174   0.0123313
        1002     1.53283     1.77151   0.0123213
        1003     1.53287     1.77127   0.0123113
        1004     1.53298     1.77103   0.0123013
        1005     1.53314     1.77079   0.0122914
        1006     1.53336     1.77056   0.0122814
        1007     1.53363     1.77032   0.0122715
        1008     1.53395     1.77009   0.0122616
        1009     1.53432     1.76985   0.0122516
        1010     1.53474     1.76962   0.0122417
        1011     1.53521     1.76939   0.0122318
        1012     1.53572     1.76916   0.0122219
        1013     1.53627     1.76893    0.012212
        1014     1.53686      1.7687   0.0122021
        1015     1.53749     1.76847   0.0121922
        1016     1.53815     1.76825   0.0121823
        1017     1.53885     1.76802   0.0121724
        1018     1.53958      1.7678   0.0121625
        1019     1.54034     1.76757   0.0121526
        1020     1.54114     1.76735   0.0121427
        1021     1.54196     1.76713   0.0121329
        1022      1.5428     1.76691    0.012123
        1023     1.54367     1.76669   0.0121131
        1024     1.54457     1.76647   0.0121032
        1025     1.54548     1.76626   0.0120933
        1026     1.54642     1.76605   0.0120834
        1027     1.54737     1.76583   0.0120735
        1028     1.54835     1.76562   0.0120636
        1029     1.54934     1.76541   0.0120538
        1030     1.55035      1.7652   0.0120439
        1031     1.55137     1.76499    0.012034
        1032     1.55241     1.76479   0.0120241
        1033     1.55346     1.76458   0.0120142
        1034     1.55452     1.76438   0.0120043
        1035     1.55559     1.76418   0.0119944
        1036     1.55667     1.76398   0.0119845
        1037     1.55777     1.76378   0.0119745
        1038     1.55887     1.76358   0.0119646
        1039     1.55999     1.76339   0.0119547
        1040     1.56111     1.76319   0.0119448
        1041     1.56225       1.763   0.0119349
        1042     1.56339     1.76281    0.011925
        1043     1.56454     1.76262   0.0119151
        1044     1.56569     1.76243   0.0119051
        1045     1.56686     1.76224   0.0118952
        1046     1.56804     1.76206   0.0118853
        1047     1.56922     1.76187   0.0118754
        1048     1.57041     1.76169   0.0118654
        1049     1.57161     1.76151   0.0118555
        1050     1.57282     1.76133   0.0118456
        1051     1.57404     1.76115   0.0118357
        1052     1.57527     1.76097   0.0118257
        1053      1.5765      1.7608   0.0118158
        1054     1.57775     1.76062   0.0118059
        1055     1.57901     1.76045   0.0117959
        1056     1.58028     1.76028    0.011786
        1057     1.58156     1.76011   0.0117761
        1058     1.58285     1.75994   0.0117661
        1059     1.58416     1.75978   0.0117562
        1060     1.58547     1.75961   0.0117462
        1061     1.58681     1.75945   0.0117363
        1062     1.58816     1.75929   0.0117263
        1063     1.58952     1.75913   0.0117164
        1064      1.5909     1.75897   0.0117065
        1065      1.5923     1.75882   0.0116965
        1066     1.59372     1.75866   0.0116866
        1067     1.59516     1.75851   0.0116766
        1068     1.59661     1.75836   0.0116667
        1069     1.59809     1.75821   0.0116567
        1070     1.59959     1.75806   0.0116468
        1071     1.60112     1.75791   0.0116368
        1072     1.60266     1.75777   0.0116269
        1073     1.60424     1.75762   0.0116169
        1074     1.60584     1.75748   0.0116069
        1075     1.60746     1.75734    0.011597
        1076     1.60912      1.7572    0.011587
        1077      1.6108     1.75707   0.0115771
        1078     1.61251     1.75693   0.0115671
        1079     1.61425      1.7568   0.0115571
        1080     1.61602     1.75667   0.0115472
        1081     1.61782     1.75654   0.0115372
        1082     1.61965     1.75642   0.0115272
        1083     1.62151     1.75629   0.0115173
        1084     1.62341     1.75617   0.0115073
        1085     1.62533     1.75605   0.0114973
        1086     1.62729     1.75593   0.0114873
        1087     1.62927     1.75581   0.0114774
        1088     1.63129      1.7557   0.0114674
        1089     1.63333     1.75559   0.0114574
        1090      1.6354     1.75548   0.0114474
        1091     1.63751     1.75537   0.0114374
        1092     1.63963     1.75526   0.0114275
        1093     1.64179     1.75516   0.0114175
        1094     1.64396     1.75506   0.0114075
        1095     1.64616     1.75496   0.0113975
        1096     1.64839     1.75486   0.0113875
        1097     1.65063     1.75477   0.0113775
        1098     1.65289     1.75467   0.0113676
        1099     1.65516     1.75458   0.0113576
        1100     1.65745     1.75449   0.0113476
        1101     1.65975     1.75441   0.0113376
        1102     1.66206     1.75432   0.0113276
        1103     1.66438     1.75424   0.0113177
        1104      1.6667     1.75416   0.0113077
        1105     1.66902     1.75409   0.0112977
        1106     1.67135     1.75401   0.0112877
        1107     1.67366     1.75394   0.0112778
        1108     1.67598     1.75387   0.0112678
        1109     1.67828      1.7538   0.0112579
        1110     1.68057     1.75373   0.0112479
        1111     1.68285     1.75367    0.011238
        1112     1.68511     1.75361    0.011228
        1113     1.68735     1.75355   0.0112181
        1114     1.68957     1.75349   0.0112082
        1115     1.69177     1.75344   0.0111983
        1116     1.69393     1.75338   0.0111884
        1117     1.69606     1.75333   0.0111785
        1118     1.69816     1.75328   0.0111686
        1119     1.70023     1.75324   0.0111587
        1120     1.70225     1.75319   0.0111488
        1121     1.70423     1.75315    0.011139
        1122     1.70617      1.7531   0.0111291
        1123     1.70806     1.75306   0.0111193
        1124      1.7099     1.75303   0.0111095
        1125     1.71169     1.75299   0.0110996
        1126     1.71343     1.75295   0.0110898
        1127     1.71511     1.75292     0.01108
        1128     1.71673     1.75289   0.0110703
        1129     1.71829     1.75286   0.0110605
        1130     1.71979     1.75283   0.0110508
        1131     1.72122      1.7528    0.011041
        1132     1.72259     1.75277   0.0110313
        1133     1.72389     1.75275   0.0110216
        1134     1.72513     1.75272   0.0110119
        1135     1.72629      1.7527   0.0110022
        1136     1.72738     1.75268   0.0109926
        1137      1.7284     1.75266   0.0109829
        1138     1.72934     1.75264   0.0109733
        1139     1.73021     1.75262   0.0109637
        1140     1.73101      1.7526   0.0109541
        1141     1.73173     1.75258   0.0109445
        1142     1.73237     1.75256   0.0109349
        1143     1.73293     1.75254   0.0109254
        1144     1.73342     1.75253   0.0109158
        1145     1.73383     1.75251   0.0109063
        1146     1.73416      1.7525   0.0108968
        1147     1.73441     1.75248   0.0108873
        1148     1.73459     1.75246   0.0108778
        1149     1.73469     1.75245   0.0108684
        1150     1.73471     1.75243   0.0108589
        1151     1.73465     1.75242   0.0108495
        1152     1.73452      1.7524   0.0108401
        1153     1.73431     1.75239   0.0108307
        1154     1.73403     1.75237   0.0108213
        1155     1.73367     1.75235    0.010812
        1156     1.73324     1.75234   0.0108026
        1157     1.73274     1.75232   0.0107933
        1158     1.73217      1.7523    0.010784
        1159     1.73153     1.75229   0.0107747
        1160     1.73082     1.75227   0.0107655
        1161     1.73005     1.75225   0.0107562
        1162     1.72921     1.75223    0.010747
        1163     1.72832     1.75221   0.0107377
        1164     1.72736     1.75219   0.0107285
        1165     1.72635     1.75216   0.0107194
        1166     1.72529     1.75214   0.0107102
        1167     1.72417     1.75212    0.010701
        1168     1.72301     1.75209   0.0106919
        1169      1.7218     1.75207   0.0106828
        1170     1.72055     1.75204   0.0106737
        1171     1.71927     1.75201   0.0106646
        1172     1.71794     1.75198   0.0106555
        1173     1.71659     1.75195   0.0106465
        1174     1.71521     1.75192   0.0106375
        1175     1.71381     1.75189   0.0106285
        1176     1.71238     1.75186   0.0106195
        1177     1.71094     1.75182   0.0106105
        1178     1.70949     1.75178   0.0106016
        1179     1.70803     1.75175   0.0105927
        1180     1.70657     1.75171   0.0105837
        1181     1.70511     1.75167   0.0105749
        1182     1.70366     1.75163    0.010566
        1183     1.70222     1.75159   0.0105571
        1184      1.7008     1.75154   0.0105483
        1185      1.6994      1.7515   0.0105395
        1186     1.69802     1.75146   0.0105307
        1187     1.69669     1.75141   0.0105219
        1188     1.69538     1.75136   0.0105132
        1189     1.69413     1.75131   0.0105045
        1190     1.69292     1.75126   0.0104957
        1191     1.69177     1.75121   0.0104871
        1192     1.69067     1.75116   0.0104784
        1193     1.68964     1.75111   0.0104697
        1194     1.68869     1.75106   0.0104611
        1195      1.6878     1.75101   0.0104525
        1196     1.68699     1.75095   0.0104439
        1197     1.68627      1.7509   0.0104353
        1198     1.68563     1.75085   0.0104267
        1199     1.68509     1.75079   0.0104182
        1200     1.68463     1.75074   0.0104096
        1201     1.68428     1.75068   0.0104011
        1202     1.68402     1.75062   0.0103926
        1203     1.68386     1.75057   0.0103841
        1204     1.68381     1.75051   0.0103756
        1205     1.68386     1.75046   0.0103672
        1206     1.68401      1.7504   0.0103587
        1207     1.68427     1.75035   0.0103503
        1208     1.68463     1.75029   0.0103419
        1209      1.6851     1.75024   0.0103334
        1210     1.68567     1.75019    0.010325
        1211     1.68633     1.75013   0.0103166
        1212     1.68709     1.75008   0.0103083
        1213     1.68795     1.75003   0.0102999
        1214     1.68889     1.74998   0.0102915
        1215     1.68992     1.74993   0.0102832
        1216     1.69103     1.74988   0.0102748
        1217     1.69221     1.74983   0.0102665
        1218     1.69347     1.74979   0.0102582
        1219     1.69479     1.74974   0.0102499
        1220     1.69616      1.7497   0.0102416
        1221     1.69759     1.74966   0.0102333
        1222     1.69906     1.74962    0.010225
        1223     1.70057     1.74958   0.0102167
        1224     1.70211     1.74954   0.0102084
        1225     1.70367      1.7495   0.0102001
        1226     1.70524     1.74946   0.0101919
        1227     1.70682     1.74943   0.0101836
        1228      1.7084     1.74939   0.0101754
        1229     1.70998     1.74936   0.0101672
        1230     1.71154     1.74933    0.010159
        1231     1.71307      1.7493   0.0101507
        1232     1.71458     1.74927   0.0101425
        1233     1.71605     1.74925   0.0101344
        1234     1.71748     1.74922   0.0101262
        1235     1.71886      1.7492    0.010118
        1236     1.72019     1.74917   0.0101098
        1237     1.72145     1.74915   0.0101017
        1238     1.72264     1.74913   0.0100936
        1239     1.72377     1.74911   0.0100854
        1240     1.72481     1.74909   0.0100773
        1241     1.72577     1.74907   0.0100692
        1242     1.72664     1.74905   0.0100611
        1243     1.72742     1.74904   0.0100531
        1244     1.72811     1.74902    0.010045
        1245     1.72869       1.749   0.0100369
        1246     1.72918     1.74899   0.0100289
        1247     1.72955     1.74897   0.0100209
        1248     1.72982     1.74896   0.0100128
        1249     1.72997     1.74894   0.0100048
        1250     1.73001     1.74893  0.00999684
        1251     1.72994     1.74891  0.00998886
        1252     1.72975     1.74889  0.00998089
        1253     1.72943     1.74888  0.00997294
        1254       1.729     1.74886    0.009965
        1255     1.72844     1.74885  0.00995707
        1256     1.72776     1.74883  0.00994916
        1257     1.72696     1.74881  0.00994126
        1258     1.72603     1.74879  0.00993337
        1259     1.72498     1.74878   0.0099255
        1260      1.7238     1.74876  0.00991765
        1261      1.7225     1.74874   0.0099098
        1262     1.72107     1.74871  0.00990197
        1263     1.71951     1.74869  0.00989416
        1264     1.71783     1.74867  0.00988636
        1265     1.71603     1.74864  0.00987858
        1266     1.71411     1.74861  0.00987082
        1267     1.71206     1.74858  0.00986307
        1268     1.70989     1.74855  0.00985534
        1269     1.70761     1.74852  0.00984762
        1270      1.7052     1.74849  0.00983993
        1271     1.70269     1.74845  0.00983225
        1272     1.70005     1.74841   0.0098246
        1273     1.69731     1.74837  0.00981696
        1274     1.69445     1.74833  0.00980935
        1275     1.69149     1.74829  0.00980175
        1276     1.68842     1.74824  0.00979418
        1277     1.68525     1.74819  0.00978664
        1278     1.68198     1.74814  0.00977912
        1279     1.67862     1.74808  0.00977162
        1280     1.67517     1.74803  0.00976416
        1281     1.67163     1.74797  0.00975672
        1282       1.668      1.7479   0.0097493
        1283      1.6643     1.74784  0.00974192
        1284     1.66052     1.74777  0.00973457
        1285     1.65668      1.7477  0.00972726
        1286     1.65277     1.74763  0.00971997
        1287      1.6488     1.74755  0.00971272
        1288     1.64478     1.74747  0.00970551
        1289     1.64071     1.74739  0.00969833
        1290     1.63659      1.7473   0.0096912
        1291     1.63245     1.74721   0.0096841
        1292     1.62827     1.74712  0.00967704
        1293     1.62407     1.74703  0.00967002
        1294     1.61985     1.74693  0.00966305
        1295     1.61563     1.74683  0.00965612
        1296      1.6114     1.74672  0.00964923
        1297     1.60718     1.74661  0.00964239
        1298     1.60297      1.7465   0.0096356
        1299     1.59878     1.74639  0.00962885
        1300     1.59462     1.74627  0.00962216
        1301     1.59049     1.74615   0.0096155
        1302      1.5864     1.74603   0.0096089
        1303     1.58237      1.7459  0.00960235
        1304     1.57839     1.74578  0.00959584
        1305     1.57448     1.74564  0.00958939
        1306     1.57064     1.74551  0.00958298
        1307     1.56687     1.74537  0.00957663
        1308      1.5632     1.74523  0.00957032
        1309     1.55962     1.74509  0.00956406
        1310     1.55614     1.74495  0.00955784
        1311     1.55276      1.7448  0.00955168
        1312      1.5495     1.74465  0.00954556
        1313     1.54636      1.7445  0.00953948
        1314     1.54334     1.74435  0.00953345
        1315     1.54044     1.74419  0.00952746
        1316     1.53769     1.74404  0.00952151
        1317     1.53507     1.74388   0.0095156
        1318     1.53259     1.74372  0.00950974
        1319     1.53026     1.74356   0.0095039
        1320     1.52807     1.74339   0.0094981
        1321     1.52604     1.74323  0.00949234
        1322     1.52416     1.74306  0.00948661
        1323     1.52243      1.7429   0.0094809
        1324     1.52086     1.74273  0.00947522
        1325     1.51945     1.74256  0.00946957
        1326      1.5182     1.74239  0.00946394
        1327      1.5171     1.74222  0.00945833
        1328     1.51616     1.74205  0.00945274
        1329     1.51538     1.74188  0.00944717
        1330     1.51475     1.74171  0.00944161
        1331     1.51427     1.74154  0.00943606
        1332     1.51394     1.74137  0.00943052
        1333     1.51376      1.7412  0.00942499
        1334     1.51372     1.74103  0.00941947
        1335     1.51382     1.74086  0.00941395
        1336     1.51406     1.74069  0.00940844
        1337     1.51443     1.74052  0.00940292
        1338     1.51492     1.74035   0.0093974
        1339     1.51554     1.74018  0.00939189
        1340     1.51628     1.74001  0.00938636
        1341     1.51714     1.73985  0.00938084
        1342      1.5181     1.73968   0.0093753
        1343     1.51917     1.73952  0.00936976
        1344     1.52033     1.73935   0.0093642
        1345     1.52159     1.73919  0.00935864
        1346     1.52294     1.73903  0.00935307
        1347     1.52437     1.73887  0.00934748
        1348     1.52588     1.73871  0.00934188
        1349     1.52746     1.73856  0.00933627
        1350     1.52911      1.7384  0.00933064
        1351     1.53082     1.73825    0.009325
        1352     1.53259      1.7381  0.00931935
        1353     1.53441     1.73795  0.00931367
        1354     1.53627      1.7378  0.00930799
        1355     1.53818     1.73765  0.00930228
        1356     1.54013      1.7375  0.00929656
        1357     1.54211     1.73736  0.00929083
        1358     1.54413     1.73722  0.00928507
        1359     1.54617     1.73708  0.00927931
        1360     1.54823     1.73694  0.00927352
        1361     1.55031      1.7368  0.00926772
        1362      1.5524     1.73667  0.00926191
        1363     1.55451     1.73653  0.00925608
        1364     1.55662      1.7364  0.00925023
        1365     1.55874     1.73627  0.00924437
        1366     1.56086     1.73614  0.00923849
        1367     1.56299     1.73602   0.0092326
        1368     1.56511     1.73589   0.0092267
        1369     1.56722     1.73577  0.00922078
        1370     1.56933     1.73565  0.00921485
        1371     1.57142     1.73553  0.00920891
        1372     1.57351     1.73541  0.00920295
        1373     1.57558     1.73529  0.00919699
        1374     1.57764     1.73518  0.00919101
        1375     1.57968     1.73506  0.00918502
        1376      1.5817     1.73495  0.00917902
        1377      1.5837     1.73484  0.00917301
        1378     1.58568     1.73473    0.009167
        1379     1.58763     1.73463  0.00916097
        1380     1.58955     1.73452  0.00915493
        1381     1.59145     1.73442  0.00914889
        1382     1.59333     1.73432  0.00914284
        1383     1.59517     1.73422  0.00913678
        1384     1.59698     1.73412  0.00913072
        1385     1.59876     1.73402  0.00912465
        1386     1.60051     1.73392  0.00911857
        1387     1.60222     1.73383  0.00911249
        1388      1.6039     1.73373  0.00910641
        1389     1.60555     1.73364  0.00910032
        1390     1.60715     1.73355  0.00909423
        1391     1.60872     1.73346  0.00908813
        1392     1.61025     1.73337  0.00908204
        1393     1.61174     1.73329  0.00907594
        1394      1.6132      1.7332  0.00906983
        1395     1.61461     1.73311  0.00906373
        1396     1.61598     1.73303  0.00905763
        1397     1.61731     1.73295  0.00905152
        1398     1.61859     1.73287  0.00904542
        1399     1.61983     1.73279  0.00903931
        1400     1.62103     1.73271  0.00903321
        1401     1.62218     1.73263   0.0090271
        1402     1.62329     1.73255    0.009021
        1403     1.62436     1.73247   0.0090149
        1404     1.62538      1.7324   0.0090088
        1405     1.62635     1.73232  0.00900271
        1406     1.62728     1.73224  0.00899662
        1407     1.62817     1.73217  0.00899053
        1408     1.62901      1.7321  0.00898444
        1409      1.6298     1.73202  0.00897836
        1410     1.63055     1.73195  0.00897228
        1411     1.63125     1.73188   0.0089662
        1412     1.63191     1.73181  0.00896013
        1413     1.63253     1.73174  0.00895407
        1414      1.6331     1.73167    0.008948
        1415     1.63363      1.7316  0.00894195
        1416     1.63411     1.73153   0.0089359
        1417     1.63456     1.73146  0.00892986
        1418     1.63496      1.7314  0.00892382
        1419     1.63531     1.73133  0.00891778
        1420     1.63563     1.73126  0.00891176
        1421      1.6359     1.73119  0.00890574
        1422     1.63614     1.73113  0.00889973
        1423     1.63634     1.73106  0.00889372
        1424     1.63649     1.73099  0.00888773
        1425     1.63661     1.73093  0.00888174
        1426      1.6367     1.73086  0.00887575
        1427     1.63674      1.7308  0.00886978
        1428     1.63675     1.73073  0.00886381
        1429     1.63672     1.73066  0.00885785
        1430     1.63666      1.7306   0.0088519
        1431     1.63656     1.73053  0.00884596
        1432     1.63643     1.73047  0.00884003
        1433     1.63627      1.7304   0.0088341
        1434     1.63607     1.73034  0.00882819
        1435     1.63583     1.73027  0.00882228
        1436     1.63556      1.7302  0.00881638
        1437     1.63526     1.73014   0.0088105
        1438     1.63493     1.73007  0.00880462
        1439     1.63456     1.73001  0.00879875
        1440     1.63416     1.72994  0.00879289
        1441     1.63373     1.72987  0.00878704
        1442     1.63327      1.7298   0.0087812
        1443     1.63277     1.72974  0.00877538
        1444     1.63224     1.72967  0.00876956
        1445     1.63168      1.7296  0.00876375
        1446     1.63109     1.72953  0.00875796
        1447     1.63046     1.72947  0.00875217
        1448     1.62981      1.7294   0.0087464
        1449     1.62911     1.72933  0.00874064
        1450     1.62839     1.72926  0.00873488
        1451     1.62763     1.72919  0.00872915
        1452     1.62684     1.72912  0.00872342
        1453     1.62602     1.72905   0.0087177
        1454     1.62516     1.72898    0.008712
        1455     1.62427      1.7289  0.00870631
        1456     1.62335     1.72883  0.00870063
        1457     1.62239     1.72876  0.00869497
        1458      1.6214     1.72868  0.00868932
        1459     1.62038     1.72861  0.00868368
        1460     1.61933     1.72853  0.00867805
        1461     1.61824     1.72846  0.00867244
        1462     1.61712     1.72838  0.00866684
        1463     1.61598     1.72831  0.00866126
        1464      1.6148     1.72823  0.00865569
        1465     1.61359     1.72815  0.00865014
        1466     1.61235     1.72807   0.0086446
        1467     1.61109     1.72799  0.00863907
        1468     1.60979     1.72791  0.00863356
        1469     1.60848     1.72783  0.00862807
        1470     1.60714     1.72775  0.00862259
        1471     1.60577     1.72766  0.00861712
        1472     1.60439     1.72758  0.00861168
        1473     1.60298      1.7275  0.00860625
        1474     1.60156     1.72741  0.00860083
        1475     1.60012     1.72732  0.00859543
        1476     1.59866     1.72724  0.00859005
        1477     1.59719     1.72715  0.00858469
        1478     1.59571     1.72706  0.00857934
        1479     1.59421     1.72697  0.00857401
        1480     1.59271     1.72688   0.0085687
        1481     1.59121     1.72679   0.0085634
        1482     1.58969      1.7267  0.00855812
        1483     1.58818      1.7266  0.00855286
        1484     1.58666     1.72651  0.00854762
        1485     1.58514     1.72641  0.00854239
        1486     1.58363     1.72632  0.00853718
        1487     1.58212     1.72622  0.00853199
        1488     1.58062     1.72612  0.00852682
        1489     1.57912     1.72602  0.00852166
        1490     1.57764     1.72592  0.00851653
        1491     1.57617     1.72582  0.00851141
        1492     1.57472     1.72572  0.00850631
        1493     1.57328     1.72562  0.00850122
        1494     1.57186     1.72552  0.00849615
        1495     1.57046     1.72541   0.0084911
        1496     1.56908     1.72531  0.00848607
        1497     1.56773      1.7252  0.00848105
        1498      1.5664      1.7251  0.00847606
        1499      1.5651     1.72499  0.00847107
        1500     1.56383     1.72488  0.00846611
        1501     1.56259     1.72478  0.00846116
        1502     1.56139     1.72467  0.00845622
        1503     1.56022     1.72456   0.0084513
        1504     1.55909     1.72445   0.0084464
        1505       1.558     1.72434  0.00844151
        1506     1.55695     1.72423  0.00843664
        1507     1.55594     1.72411  0.00843178
        1508     1.55498       1.724  0.00842693
        1509     1.55406     1.72389   0.0084221
        1510      1.5532     1.72378  0.00841728
        1511     1.55238     1.72366  0.00841248
        1512     1.55162     1.72355  0.00840768
        1513     1.55091     1.72343   0.0084029
        1514     1.55026     1.72332  0.00839813
        1515     1.54967     1.72321  0.00839337
        1516     1.54914     1.72309  0.00838862
        1517     1.54867     1.72298  0.00838387
        1518     1.54827     1.72286  0.00837914
        1519     1.54793     1.72275  0.00837442
        1520     1.54766     1.72263   0.0083697
        1521     1.54746     1.72252  0.00836499
        1522     1.54733      1.7224  0.00836028
        1523     1.54728     1.72229  0.00835559
        1524     1.54729     1.72217  0.00835089
        1525     1.54739     1.72206   0.0083462
        1526     1.54755     1.72194  0.00834152
        1527      1.5478     1.72183  0.00833683
        1528     1.54812     1.72171  0.00833215
        1529     1.54852      1.7216  0.00832747
        1530     1.54899     1.72149  0.00832279
        1531     1.54955     1.72138  0.00831812
        1532     1.55019     1.72126  0.00831344
        1533      1.5509     1.72115  0.00830876
        1534      1.5517     1.72104  0.00830407
        1535     1.55257     1.72093  0.00829939
        1536     1.55352     1.72082   0.0082947
        1537     1.55454     1.72072  0.00829001
        1538     1.55564     1.72061  0.00828532
        1539     1.55681      1.7205  0.00828062
        1540     1.55805      1.7204  0.00827591
        1541     1.55936     1.72029   0.0082712
        1542     1.56073     1.72019  0.00826648
        1543     1.56217     1.72009  0.00826176
        1544     1.56367     1.71998  0.00825703
        1545     1.56522     1.71988  0.00825229
        1546     1.56683     1.71978  0.00824755
        1547     1.56849     1.71969   0.0082428
        1548      1.5702     1.71959  0.00823804
        1549     1.57195      1.7195  0.00823327
        1550     1.57373      1.7194   0.0082285
        1551     1.57556     1.71931  0.00822371
        1552     1.57741     1.71922  0.00821892
        1553     1.57929     1.71913  0.00821413
        1554      1.5812     1.71904  0.00820932
        1555     1.58312     1.71895  0.00820451
        1556     1.58505     1.71886  0.00819968
        1557       1.587     1.71878  0.00819485
        1558     1.58895      1.7187  0.00819002
        1559      1.5909     1.71861  0.00818518
        1560     1.59285     1.71853  0.00818033
        1561     1.59479     1.71845  0.00817547
        1562     1.59672     1.71838  0.00817061
        1563     1.59863      1.7183  0.00816574
        1564     1.60052     1.71822  0.00816086
        1565     1.60239     1.71815  0.00815599
        1566     1.60423     1.71808   0.0081511
        1567     1.60604     1.71801  0.00814621
        1568     1.60782     1.71794  0.00814132
        1569     1.60956     1.71787  0.00813643
        1570     1.61126      1.7178  0.00813153
        1571     1.61291     1.71773  0.00812662
        1572     1.61452     1.71767  0.00812172
        1573     1.61609      1.7176  0.00811681
        1574      1.6176     1.71754  0.00811191
        1575     1.61906     1.71748    0.008107
        1576     1.62047     1.71741  0.00810209
        1577     1.62181     1.71735  0.00809717
        1578     1.62311     1.71729  0.00809226
        1579     1.62434     1.71724  0.00808735
        1580     1.62551     1.71718  0.00808244
        1581     1.62662     1.71712  0.00807753
        1582     1.62766     1.71706  0.00807263
        1583     1.62865     1.71701  0.00806772
        1584     1.62957     1.71695  0.00806281
        1585     1.63043      1.7169  0.00805791
        1586     1.63123     1.71684  0.00805301
        1587     1.63196     1.71679  0.00804812
        1588     1.63263     1.71674  0.00804322
        1589     1.63324     1.71669  0.00803833
        1590     1.63379     1.71663  0.00803345
        1591     1.63428     1.71658  0.00802856
        1592     1.63471     1.71653  0.00802369
        1593     1.63508     1.71648  0.00801881
        1594      1.6354     1.71643  0.00801394
        1595     1.63566     1.71638  0.00800908
        1596     1.63587     1.71633  0.00800422
        1597     1.63602     1.71628  0.00799936
        1598     1.63613     1.71623  0.00799452
        1599     1.63618     1.71618  0.00798967
        1600     1.63619     1.71613  0.00798484
        1601     1.63616     1.71608     0.00798
        1602     1.63609     1.71603  0.00797518
        1603     1.63598     1.71598  0.00797036
        1604     1.63583     1.71593  0.00796555
        1605     1.63564     1.71588  0.00796074
        1606     1.63543     1.71583  0.00795594
        1607     1.63519     1.71578  0.00795115
        1608     1.63492     1.71573  0.00794636
        1609     1.63462     1.71568  0.00794159
        1610     1.63431     1.71562  0.00793681
        1611     1.63397     1.71557  0.00793205
        1612     1.63362     1.71552  0.00792729
        1613     1.63326     1.71547  0.00792254
        1614     1.63289     1.71542   0.0079178
        1615      1.6325     1.71537  0.00791306
        1616     1.63211     1.71532  0.00790833
        1617     1.63172     1.71527  0.00790361
        1618     1.63133     1.71521   0.0078989
        1619     1.63093     1.71516  0.00789419
        1620     1.63054     1.71511  0.00788949
        1621     1.63016     1.71506   0.0078848
        1622     1.62978     1.71501  0.00788011
        1623     1.62941     1.71495  0.00787543
        1624     1.62905      1.7149  0.00787076
        1625      1.6287     1.71485  0.00786609
        1626     1.62837     1.71479  0.00786144
        1627     1.62805     1.71474  0.00785679
        1628     1.62775     1.71469  0.00785214
        1629     1.62747     1.71463   0.0078475
        1630      1.6272     1.71458  0.00784287
        1631     1.62696     1.71453  0.00783825
        1632     1.62674     1.71447  0.00783363
        1633     1.62653     1.71442  0.00782902
        1634     1.62635     1.71436  0.00782441
        1635     1.62619     1.71431  0.00781981
        1636     1.62605     1.71426  0.00781522
        1637     1.62594      1.7142  0.00781063
        1638     1.62584     1.71415  0.00780605
        1639     1.62577     1.71409  0.00780147
        1640     1.62572     1.71404   0.0077969
        1641      1.6257     1.71399  0.00779233
        1642     1.62569     1.71393  0.00778777
        1643      1.6257     1.71388  0.00778322
        1644     1.62573     1.71383  0.00777867
        1645     1.62579     1.71377  0.00777413
        1646     1.62586     1.71372  0.00776959
        1647     1.62594     1.71367  0.00776505
        1648     1.62605     1.71361  0.00776052
        1649     1.62617     1.71356    0.007756
        1650      1.6263     1.71351  0.00775148
        1651     1.62644     1.71345  0.00774696
        1652      1.6266      1.7134  0.00774245
        1653     1.62676     1.71335  0.00773794
        1654     1.62693      1.7133  0.00773344
        1655     1.62711     1.71324  0.00772894
        1656      1.6273     1.71319  0.00772445
        1657     1.62749     1.71314  0.00771996
        1658     1.62768     1.71309  0.00771548
        1659     1.62787     1.71304    0.007711
        1660     1.62805     1.71299  0.00770652
        1661     1.62824     1.71294  0.00770205
        1662     1.62842     1.71288  0.00769759
        1663     1.62859     1.71283  0.00769312
        1664     1.62876     1.71278  0.00768867
        1665     1.62891     1.71273  0.00768421
        1666     1.62906     1.71268  0.00767977
        1667     1.62919     1.71263  0.00767532
        1668     1.62931     1.71258  0.00767088
        1669     1.62941     1.71253  0.00766645
        1670      1.6295     1.71248  0.00766202
        1671     1.62957     1.71243   0.0076576
        1672     1.62962     1.71238  0.00765318
        1673     1.62965     1.71233  0.00764876
        1674     1.62966     1.71229  0.00764435
        1675     1.62965     1.71224  0.00763995
        1676     1.62962     1.71219  0.00763555
        1677     1.62956     1.71214  0.00763115
        1678     1.62948     1.71209  0.00762676
        1679     1.62937     1.71204  0.00762238
        1680     1.62924     1.71199    0.007618
        1681     1.62908     1.71194  0.00761363
        1682      1.6289     1.71189  0.00760926
        1683     1.62868     1.71184   0.0076049
        1684     1.62845     1.71179  0.00760055
        1685     1.62819     1.71174   0.0075962
        1686      1.6279     1.71169  0.00759186
        1687     1.62758     1.71164  0.00758752
        1688     1.62725     1.71159  0.00758319
        1689     1.62688     1.71154  0.00757887
        1690      1.6265     1.71149  0.00757455
        1691     1.62609     1.71144  0.00757024
        1692     1.62566     1.71139  0.00756593
        1693     1.62521     1.71134  0.00756164
        1694     1.62474     1.71129  0.00755735
        1695     1.62426     1.71124  0.00755306
        1696     1.62375     1.71119  0.00754878
        1697     1.62323     1.71113  0.00754451
        1698      1.6227     1.71108  0.00754025
        1699     1.62215     1.71103  0.00753599
        1700      1.6216     1.71098  0.00753174
        1701     1.62103     1.71092   0.0075275
        1702     1.62046     1.71087  0.00752327
        1703     1.61988     1.71082  0.00751904
        1704     1.61929     1.71076  0.00751482
        1705     1.61871     1.71071   0.0075106
        1706     1.61812     1.71066   0.0075064
        1707     1.61753      1.7106   0.0075022
        1708     1.61695     1.71055  0.00749801
        1709     1.61637     1.71049  0.00749382
        1710      1.6158     1.71044  0.00748964
        1711     1.61523     1.71038  0.00748547
        1712     1.61468     1.71032  0.00748131
        1713     1.61414     1.71027  0.00747715
        1714     1.61361     1.71021    0.007473
        1715     1.61309     1.71016  0.00746886
        1716     1.61259      1.7101  0.00746473
        1717     1.61211     1.71004   0.0074606
        1718     1.61165     1.70998  0.00745647
        1719     1.61121     1.70993  0.00745236
        1720     1.61079     1.70987  0.00744825
        1721     1.61039     1.70981  0.00744414
        1722     1.61002     1.70975  0.00744005
        1723     1.60967      1.7097  0.00743595
        1724     1.60935     1.70964  0.00743187
        1725     1.60905     1.70958  0.00742779
        1726     1.60878     1.70952  0.00742372
        1727     1.60854     1.70946  0.00741965
        1728     1.60832      1.7094  0.00741558
        1729     1.60814     1.70934  0.00741153
        1730     1.60798     1.70929  0.00740747
        1731     1.60784     1.70923  0.00740343
        1732     1.60774     1.70917  0.00739938
        1733     1.60767     1.70911  0.00739535
        1734     1.60762     1.70905  0.00739131
        1735     1.60761     1.70899  0.00738728
        1736     1.60762     1.70894  0.00738326
        1737     1.60765     1.70888  0.00737924
        1738     1.60772     1.70882  0.00737522
        1739     1.60781     1.70876  0.00737121
        1740     1.60792      1.7087   0.0073672
        1741     1.60806     1.70864   0.0073632
        1742     1.60823     1.70859   0.0073592
        1743     1.60841     1.70853   0.0073552
        1744     1.60862     1.70847   0.0073512
        1745     1.60885     1.70842  0.00734721
        1746     1.60909     1.70836  0.00734322
        1747     1.60936      1.7083  0.00733924
        1748     1.60964     1.70825  0.00733526
        1749     1.60994     1.70819  0.00733128
        1750     1.61026     1.70813   0.0073273
        1751     1.61058     1.70808  0.00732333
        1752     1.61092     1.70802  0.00731936
        1753     1.61128     1.70797  0.00731539
        1754     1.61164     1.70791  0.00731143
        1755     1.61201     1.70786  0.00730747
        1756     1.61239      1.7078  0.00730351
        1757     1.61278     1.70775  0.00729955
        1758     1.61317     1.70769   0.0072956
        1759     1.61357     1.70764  0.00729165
        1760     1.61397     1.70759   0.0072877
        1761     1.61437     1.70754  0.00728375
        1762     1.61477     1.70748  0.00727981
        1763     1.61517     1.70743  0.00727587
        1764     1.61557     1.70738  0.00727193
        1765     1.61596     1.70733  0.00726799
        1766     1.61636     1.70727  0.00726406
        1767     1.61675     1.70722  0.00726013
        1768     1.61713     1.70717   0.0072562
        1769     1.61751     1.70712  0.00725228
        1770     1.61789     1.70707  0.00724836
        1771     1.61826     1.70702  0.00724444
        1772     1.61862     1.70697  0.00724052
        1773     1.61898     1.70692  0.00723661
        1774     1.61933     1.70687   0.0072327
        1775     1.61967     1.70682  0.00722879
        1776     1.62001     1.70677  0.00722488
        1777     1.62034     1.70673  0.00722098
        1778     1.62066     1.70668  0.00721708
        1779     1.62098     1.70663  0.00721319
        1780     1.62129     1.70658  0.00720929
        1781      1.6216     1.70653   0.0072054
        1782      1.6219     1.70649  0.00720152
        1783     1.62219     1.70644  0.00719763
        1784     1.62248     1.70639  0.00719375
        1785     1.62277     1.70634  0.00718987
        1786     1.62306      1.7063    0.007186
        1787     1.62334     1.70625  0.00718213
        1788     1.62362     1.70621  0.00717826
        1789      1.6239     1.70616  0.00717439
        1790     1.62418     1.70611  0.00717053
        1791     1.62446     1.70607  0.00716667
        1792     1.62475     1.70602  0.00716282
        1793     1.62503     1.70598  0.00715897
        1794     1.62532     1.70593  0.00715512
        1795     1.62561     1.70589  0.00715127
        1796     1.62591     1.70584  0.00714743
        1797     1.62621      1.7058  0.00714359
        1798     1.62652     1.70576  0.00713975
        1799     1.62684     1.70571  0.00713592
        1800     1.62716     1.70567  0.00713208
        1801     1.62749     1.70562  0.00712826
        1802     1.62783     1.70558  0.00712443
        1803     1.62818     1.70554  0.00712061
        1804     1.62853      1.7055  0.00711679
        1805      1.6289     1.70545  0.00711297
        1806     1.62927     1.70541  0.00710916
        1807     1.62966     1.70537  0.00710535
        1808     1.63005     1.70533  0.00710154
        1809     1.63045     1.70529  0.00709774
        1810     1.63087     1.70524  0.00709393
        1811     1.63129      1.7052  0.00709014
        1812     1.63172     1.70516  0.00708634
        1813     1.63215     1.70512  0.00708254
        1814      1.6326     1.70508  0.00707875
        1815     1.63305     1.70504  0.00707496
        1816     1.63351       1.705  0.00707118
        1817     1.63397     1.70496  0.00706739
        1818     1.63444     1.70493  0.00706361
        1819     1.63491     1.70489  0.00705983
        1820     1.63538     1.70485  0.00705606
        1821     1.63586     1.70481  0.00705229
        1822     1.63633     1.70477  0.00704852
        1823     1.63681     1.70474  0.00704475
        1824     1.63729      1.7047  0.00704098
        1825     1.63776     1.70466  0.00703722
        1826     1.63823     1.70463  0.00703346
        1827      1.6387     1.70459   0.0070297
        1828     1.63916     1.70455  0.00702595
        1829     1.63961     1.70452   0.0070222
        1830     1.64006     1.70448  0.00701845
        1831      1.6405     1.70445   0.0070147
        1832     1.64093     1.70441  0.00701096
        1833     1.64135     1.70438  0.00700722
        1834     1.64176     1.70435  0.00700348
        1835     1.64216     1.70431  0.00699975
        1836     1.64255     1.70428  0.00699601
        1837     1.64292     1.70424  0.00699229
        1838     1.64328     1.70421  0.00698856
        1839     1.64362     1.70418  0.00698484
        1840     1.64395     1.70415  0.00698112
        1841     1.64427     1.70411   0.0069774
        1842     1.64456     1.70408  0.00697369
        1843     1.64485     1.70405  0.00696998
        1844     1.64511     1.70402  0.00696627
        1845     1.64537     1.70399  0.00696257
        1846      1.6456     1.70395  0.00695887
        1847     1.64582     1.70392  0.00695517
        1848     1.64602     1.70389  0.00695148
        1849     1.64621     1.70386  0.00694779
        1850     1.64638     1.70383   0.0069441
        1851     1.64654      1.7038  0.00694042
        1852     1.64669     1.70377  0.00693674
        1853     1.64682     1.70374  0.00693307
        1854     1.64694     1.70371  0.00692939
        1855     1.64705     1.70367  0.00692573
        1856     1.64715     1.70364  0.00692206
        1857     1.64724     1.70361   0.0069184
        1858     1.64731     1.70358  0.00691474
        1859     1.64738     1.70355  0.00691109
        1860     1.64745     1.70352  0.00690744
        1861      1.6475     1.70349  0.00690379
        1862     1.64755     1.70346  0.00690015
        1863      1.6476     1.70343  0.00689651
        1864     1.64764      1.7034  0.00689288
        1865     1.64768     1.70337  0.00688925
        1866     1.64772     1.70334  0.00688562
        1867     1.64776     1.70331    0.006882
        1868     1.64781     1.70328  0.00687838
        1869     1.64785     1.70325  0.00687476
        1870     1.64789     1.70322  0.00687115
        1871     1.64794      1.7032  0.00686754
        1872     1.64799     1.70317  0.00686393
        1873     1.64804     1.70314  0.00686033
        1874      1.6481     1.70311  0.00685673
        1875     1.64817     1.70308  0.00685314
        1876     1.64824     1.70305  0.00684955
        1877     1.64832     1.70302  0.00684596
        1878      1.6484     1.70299  0.00684238
        1879      1.6485     1.70296   0.0068388
        1880      1.6486     1.70293  0.00683522
        1881     1.64871      1.7029  0.00683165
        1882     1.64883     1.70287  0.00682808
        1883     1.64896     1.70285  0.00682451
        1884     1.64909     1.70282  0.00682095
        1885     1.64924     1.70279  0.00681739
        1886     1.64939     1.70276  0.00681383
        1887     1.64955     1.70273  0.00681028
        1888     1.64972      1.7027  0.00680673
        1889      1.6499     1.70268  0.00680319
        1890     1.65008     1.70265  0.00679964
        1891     1.65028     1.70262   0.0067961
        1892     1.65048     1.70259  0.00679257
        1893     1.65068     1.70257  0.00678904
        1894      1.6509     1.70254  0.00678551
        1895     1.65112     1.70251  0.00678198
        1896     1.65134     1.70248  0.00677846
        1897     1.65157     1.70246  0.00677494
        1898      1.6518     1.70243  0.00677142
        1899     1.65204      1.7024  0.00676791
        1900     1.65228     1.70238  0.00676439
        1901     1.65252     1.70235  0.00676089
        1902     1.65276     1.70233  0.00675738
        1903     1.65301      1.7023  0.00675388
        1904     1.65325     1.70227  0.00675038
        1905     1.65349     1.70225  0.00674689
        1906     1.65373     1.70222   0.0067434
        1907     1.65397      1.7022  0.00673991
        1908     1.65421     1.70217  0.00673642
        1909     1.65444     1.70215  0.00673294
        1910     1.65467     1.70212  0.00672946
        1911     1.65489      1.7021  0.00672599
        1912     1.65511     1.70207  0.00672251
        1913     1.65532     1.70205  0.00671904
        1914     1.65551     1.70202  0.00671558
        1915      1.6557       1.702  0.00671211
        1916     1.65588     1.70198  0.00670865
        1917     1.65605     1.70195   0.0067052
        1918     1.65621     1.70193  0.00670174
        1919     1.65635     1.70191  0.00669829
        1920     1.65648     1.70188  0.00669485
        1921     1.65659     1.70186   0.0066914
        1922     1.65669     1.70183  0.00668796
        1923     1.65677     1.70181  0.00668452
        1924     1.65683     1.70179  0.00668109
        1925     1.65688     1.70176  0.00667766
        1926      1.6569     1.70174  0.00667424
        1927      1.6569     1.70172  0.00667081
        1928     1.65688     1.70169  0.00666739
        1929     1.65684     1.70167  0.00666398
        1930     1.65677     1.70165  0.00666056
        1931     1.65667     1.70162  0.00665716
        1932     1.65655      1.7016  0.00665375
        1933     1.65639     1.70158  0.00665035
        1934     1.65621     1.70155  0.00664695
        1935       1.656     1.70153  0.00664356
        1936     1.65575     1.70151  0.00664017
        1937     1.65548     1.70148  0.00663678
        1938     1.65516     1.70146   0.0066334
        1939     1.65482     1.70144  0.00663003
        1940     1.65443     1.70141  0.00662665
        1941     1.65401     1.70139  0.00662328
        1942     1.65355     1.70136  0.00661992
        1943     1.65306     1.70134  0.00661656
        1944     1.65252     1.70131   0.0066132
        1945     1.65195     1.70129  0.00660985
        1946     1.65133     1.70126   0.0066065
        1947     1.65067     1.70124  0.00660316
        1948     1.64997     1.70121  0.00659982
        1949     1.64923     1.70118  0.00659649
        1950     1.64845     1.70116  0.00659316
        1951     1.64762     1.70113  0.00658984
        1952     1.64676      1.7011  0.00658653
        1953     1.64585     1.70107  0.00658321
        1954     1.64489     1.70104  0.00657991
        1955      1.6439     1.70101  0.00657661
        1956     1.64286     1.70098  0.00657331
        1957     1.64179     1.70095  0.00657002
        1958     1.64067     1.70092  0.00656674
        1959     1.63952     1.70089  0.00656346
        1960     1.63834     1.70086  0.00656019
        1961     1.63712     1.70083  0.00655693
        1962     1.63586     1.70079  0.00655367
        1963     1.63458     1.70076  0.00655042
        1964     1.63327     1.70073  0.00654717
        1965     1.63192     1.70069  0.00654393
        1966     1.63056     1.70066   0.0065407
        1967     1.62917     1.70062  0.00653748
        1968     1.62777     1.70058  0.00653426
        1969     1.62635     1.70054  0.00653105
        1970     1.62492     1.70051  0.00652785
        1971     1.62348     1.70047  0.00652465
        1972     1.62203     1.70043  0.00652146
        1973     1.62058     1.70039  0.00651829
        1974     1.61913     1.70035  0.00651511
        1975     1.61769      1.7003  0.00651195
        1976     1.61626     1.70026  0.00650879
        1977     1.61484     1.70022  0.00650564
        1978     1.61344     1.70017   0.0065025
        1979     1.61206     1.70013  0.00649937
        1980     1.61071     1.70008  0.00649624
        1981     1.60939     1.70004  0.00649313
        1982      1.6081     1.69999  0.00649001
        1983     1.60686     1.69994  0.00648691
        1984     1.60566      1.6999  0.00648382
        1985     1.60451     1.69985  0.00648073
        1986     1.60342      1.6998  0.00647765
        1987     1.60238     1.69975  0.00647457
        1988      1.6014      1.6997   0.0064715
        1989      1.6005     1.69965  0.00646844
        1990     1.59966      1.6996  0.00646539
        1991      1.5989     1.69955  0.00646234
        1992     1.59822      1.6995  0.00645929
        1993     1.59762     1.69945  0.00645626
        1994     1.59711      1.6994  0.00645322
        1995     1.59669     1.69935  0.00645019
        1996     1.59636      1.6993  0.00644717
        1997     1.59612     1.69924  0.00644415
        1998     1.59598     1.69919  0.00644113
        1999     1.59594     1.69914  0.00643811
        2000       1.596     1.69909   0.0064351
