           1    -3.38872    -3.38872           0
           2    -3.38866    -3.38869 1.93321e-05
           3    -3.38861    -3.38866 2.57544e-05
           4    -3.38856    -3.38864 3.05249e-05
           5     -3.3885    -3.38861 3.45278e-05
           6    -3.38845    -3.38858 3.80673e-05
           7    -3.38839    -3.38856 4.12901e-05
           8    -3.38834    -3.38853 4.42807e-05
           9    -3.38828     -3.3885 4.70936e-05
          10    -3.38823    -3.38847 4.97665e-05
          11    -3.38817    -3.38845 5.23272e-05
          12    -3.38811    -3.38842 5.47967e-05
          13    -3.38806    -3.38839 5.71918e-05
          14      -3.388    -3.38836 5.95258e-05
          15    -3.38794    -3.38833   6.181e-05
          16    -3.38788    -3.38831 6.40538e-05
          17    -3.38782    -3.38828 6.62651e-05
          18    -3.38776    -3.38825 6.84509e-05
          19     -3.3877    -3.38822 7.06174e-05
          20    -3.38764    -3.38819 7.27698e-05
          21    -3.38758    -3.38816  7.4913e-05
          22    -3.38752    -3.38813 7.70514e-05
          23    -3.38745     -3.3881 7.91889e-05
          24    -3.38739    -3.38807 8.13291e-05
          25    -3.38732    -3.38804 8.34753e-05
          26     -3.3871    -3.38801 8.77646e-05
          27    -3.38703    -3.38797 9.16192e-05
          28    -3.38696    -3.38793 9.51498e-05
          29    -3.38689     -3.3879 9.84302e-05
          30    -3.38682    -3.38786 0.000101516
          31    -3.38674    -3.38783 0.000104451
          32    -3.38637    -3.38778 0.000110689
          33    -3.38629    -3.38774 0.000116174
          34    -3.38591    -3.38768 0.000124533
          35    -3.38583    -3.38763 0.000131718
          36     -3.3856    -3.38757 0.000139614
          37    -3.38537    -3.38751 0.000148048
          38    -3.38513    -3.38745 0.000156885
          39    -3.38474    -3.38738 0.000167546
          40    -3.38435    -3.38731 0.000179669
          41    -3.38411    -3.38723 0.000191447
          42    -3.38356    -3.38714   0.0002058
          43    -3.38332    -3.38705 0.000219363
          44    -3.38262    -3.38695 0.000236378
          45    -3.38207    -3.38684 0.000254812
          46    -3.38136    -3.38672 0.000275705
          47    -3.38096     -3.3866 0.000295857
          48    -3.38055    -3.38647 0.000315387
          49    -3.37999    -3.38634 0.000335557
          50    -3.37958    -3.38621 0.000355054
          51    -3.37886    -3.38606 0.000376148
          52    -3.37845    -3.38592 0.000396393
          53    -3.37818    -3.38577 0.000414923
          54    -3.37791    -3.38563  0.00043203
          55    -3.37718    -3.38547 0.000450621
          56    -3.37691    -3.38532 0.000467804
          57    -3.37633    -3.38516 0.000485461
          58    -3.37574      -3.385 0.000503506
          59    -3.37456    -3.38482 0.000525161
          60    -3.37382    -3.38464 0.000547497
          61    -3.37308    -3.38445 0.000570391
          62    -3.37263    -3.38426 0.000592176
          63    -3.37219    -3.38407 0.000612997
          64    -3.37143    -3.38387 0.000634396
          65    -3.37098    -3.38367 0.000654879
          66    -3.37053    -3.38347 0.000674551
          67    -3.37037    -3.38328 0.000692233
          68    -3.36931    -3.38307 0.000711873
          69      -3.369    -3.38287  0.00073019
          70    -3.36883    -3.38267 0.000746775
          71    -3.36867    -3.38247 0.000761846
          72    -3.36804    -3.38227 0.000777165
          73    -3.36772    -3.38207 0.000791661
          74    -3.36664    -3.38186 0.000807961
          75    -3.36616    -3.38165 0.000823862
          76    -3.36583    -3.38144 0.000838911
          77     -3.3658    -3.38124 0.000852267
          78    -3.36516    -3.38103 0.000865915
          79    -3.36452    -3.38083 0.000879826
          80    -3.36388    -3.38061 0.000893971
          81    -3.36353     -3.3804 0.000907462
          82    -3.36334    -3.38019 0.000919946
          83    -3.36299    -3.37999  0.00093192
          84    -3.36249    -3.37978 0.000943816
          85    -3.36199    -3.37957 0.000955635
          86    -3.36179    -3.37936 0.000966631
          87    -3.36128    -3.37915 0.000977602
          88    -3.36063    -3.37894 0.000988903
          89    -3.36027    -3.37873   0.0009998
          90    -3.36007    -3.37853  0.00100998
          91    -3.35956    -3.37832  0.00102016
          92     -3.3589    -3.37811  0.00103068
          93    -3.35869     -3.3779  0.00104053
          94    -3.35879     -3.3777  0.00104913
          95    -3.35858    -3.37749   0.0010572
          96    -3.35823    -3.37729  0.00106507
          97    -3.35817     -3.3771  0.00107218
          98    -3.35767     -3.3769  0.00107941
          99    -3.35747     -3.3767   0.0010862
         100    -3.35727    -3.37651  0.00109258
         101    -3.35692    -3.37631  0.00109883
         102    -3.35688    -3.37612  0.00110446
         103    -3.35669    -3.37593  0.00110973
         104     -3.3565    -3.37575  0.00111468
         105    -3.35602    -3.37556  0.00111979
         106    -3.35614    -3.37538  0.00112411
         107    -3.35612     -3.3752  0.00112792
         108    -3.35595    -3.37502  0.00113147
         109    -3.35594    -3.37484  0.00113454
         110    -3.35578    -3.37467  0.00113739
         111    -3.35578     -3.3745   0.0011398
         112    -3.35518    -3.37433  0.00114261
         113    -3.35519    -3.37416  0.00114497
         114    -3.35521    -3.37399  0.00114693
         115    -3.35509    -3.37383  0.00114867
         116    -3.35513    -3.37367  0.00115003
         117    -3.35517    -3.37351  0.00115101
         118    -3.35537    -3.37335  0.00115147
         119    -3.35498     -3.3732   0.0011521
         120    -3.35505    -3.37305  0.00115239
         121    -3.35513     -3.3729  0.00115233
         122    -3.35492    -3.37275  0.00115227
         123    -3.35457    -3.37261  0.00115235
         124    -3.35453    -3.37246  0.00115224
         125     -3.3542    -3.37231  0.00115225
         126    -3.35433    -3.37217  0.00115191
         127    -3.35417    -3.37203  0.00115152
         128    -3.35418    -3.37189  0.00115094
         129     -3.3548    -3.37176  0.00114962
         130    -3.35483    -3.37163  0.00114813
         131    -3.35516     -3.3715  0.00114623
         132    -3.35491    -3.37138  0.00114441
         133    -3.35467    -3.37125  0.00114268
         134    -3.35519    -3.37113  0.00114042
         135    -3.35497    -3.37101  0.00113824
         136    -3.35506    -3.37089  0.00113589
         137    -3.35532    -3.37078  0.00113327
         138    -3.35574    -3.37067  0.00113029
         139    -3.35586    -3.37056  0.00112717
         140    -3.35599    -3.37046  0.00112392
         141    -3.35614    -3.37036  0.00112052
         142    -3.35644    -3.37026  0.00111691
         143    -3.35631    -3.37016  0.00111335
         144    -3.35603    -3.37006  0.00110994
         145    -3.35636    -3.36997  0.00110631
         146    -3.35685    -3.36988  0.00110237
         147     -3.3569    -3.36979   0.0010984
         148    -3.35726    -3.36971  0.00109424
         149    -3.35762    -3.36963   0.0010899
         150    -3.35769    -3.36955  0.00108554
         151    -3.35792    -3.36947  0.00108107
         152    -3.35815     -3.3694  0.00107652
         153    -3.35854    -3.36932  0.00107182
         154    -3.35864    -3.36925   0.0010671
         155    -3.35904    -3.36919  0.00106225
         156    -3.35915    -3.36912  0.00105739
         157    -3.35925    -3.36906  0.00105252
         158    -3.35937      -3.369  0.00104765
         159    -3.35979    -3.36894  0.00104266
         160    -3.36021    -3.36889  0.00103757
         161    -3.36033    -3.36883  0.00103249
         162    -3.36016    -3.36878   0.0010275
         163    -3.36074    -3.36873  0.00102238
         164    -3.36056    -3.36868  0.00101736
         165    -3.36115    -3.36864  0.00101222
         166    -3.36143    -3.36859  0.00100705
         167    -3.36201    -3.36855  0.00100179
         168     -3.3626    -3.36852 0.000996456
         169    -3.36303    -3.36849 0.000991089
         170    -3.36347    -3.36846 0.000985699
         171     -3.3636    -3.36843 0.000980344
         172    -3.36403     -3.3684 0.000974978
         173    -3.36461    -3.36838 0.000969589
         174    -3.36519    -3.36836  0.00096419
         175    -3.36546    -3.36835 0.000958823
         176    -3.36588    -3.36833 0.000953477
         177    -3.36585    -3.36832 0.000948193
         178    -3.36612     -3.3683 0.000942947
         179    -3.36653    -3.36829 0.000937731
         180    -3.36709    -3.36829 0.000932545
         181    -3.36765    -3.36828   0.0009274
         182     -3.3682    -3.36828 0.000922304
         183     -3.3686    -3.36829 0.000917266
         184    -3.36915    -3.36829 0.000912293
         185    -3.36939     -3.3683 0.000907381
         186    -3.36947     -3.3683 0.000902525
         187     -3.3697    -3.36831 0.000897729
         188    -3.37008    -3.36832 0.000893004
         189     -3.3703    -3.36833  0.00088834
         190    -3.37097    -3.36834 0.000883773
         191    -3.37103    -3.36836 0.000879257
         192    -3.37108    -3.36837 0.000874792
         193    -3.37112    -3.36839 0.000870376
         194    -3.37162     -3.3684 0.000866049
         195    -3.37196    -3.36842 0.000861799
         196    -3.37229    -3.36844 0.000857629
         197    -3.37277    -3.36846 0.000853557
         198    -3.37294    -3.36849 0.000849545
         199    -3.37341    -3.36851 0.000845636
         200    -3.37417    -3.36854 0.000841882
         201    -3.37448    -3.36857 0.000838212
         202    -3.37462     -3.3686 0.000834598
         203    -3.37477    -3.36863  0.00083104
         204    -3.37505    -3.36866 0.000827563
         205    -3.37503    -3.36869 0.000824109
         206    -3.37501    -3.36872 0.000820679
         207    -3.37513    -3.36875 0.000817297
         208    -3.37524    -3.36878 0.000813963
         209    -3.37535    -3.36882 0.000810674
         210    -3.37606    -3.36885 0.000807546
         211    -3.37645    -3.36889 0.000804523
         212     -3.3764    -3.36892 0.000801508
         213    -3.37648    -3.36896  0.00079853
         214    -3.37671    -3.36899 0.000795621
         215    -3.37679    -3.36903 0.000792747
         216    -3.37671    -3.36907 0.000789874
         217    -3.37632     -3.3691 0.000786941
         218    -3.37638    -3.36913  0.00078404
         219    -3.37643    -3.36917 0.000781169
         220    -3.37709     -3.3692 0.000778448
         221    -3.37698    -3.36924 0.000775721
         222    -3.37702    -3.36927 0.000773019
         223    -3.37706    -3.36931  0.00077034
         224    -3.37724    -3.36934 0.000767714
         225    -3.37741    -3.36938  0.00076514
         226    -3.37774    -3.36941 0.000762648
         227    -3.37745    -3.36945 0.000760111
         228    -3.37747    -3.36949 0.000757589
         229    -3.37732    -3.36952 0.000755054
         230    -3.37718    -3.36955 0.000752505
         231    -3.37733    -3.36959 0.000750001
         232    -3.37763    -3.36962  0.00074757
         233    -3.37778    -3.36966 0.000745181
         234    -3.37792    -3.36969 0.000742833
         235    -3.37776    -3.36973 0.000740466
         236     -3.3776    -3.36976 0.000738079
         237    -3.37774    -3.36979 0.000735732
         238    -3.37757    -3.36983 0.000733365
         239    -3.37725    -3.36986 0.000730954
         240    -3.37677    -3.36989 0.000728476
         241    -3.37721    -3.36992 0.000726087
         242    -3.37718    -3.36995 0.000723707
         243    -3.37716    -3.36998 0.000721338
         244    -3.37699       -3.37 0.000718953
         245    -3.37711    -3.37003 0.000716604
         246    -3.37694    -3.37006  0.00071424
         247    -3.37691    -3.37009 0.000711887
         248    -3.37689    -3.37012 0.000709545
         249    -3.37687    -3.37014 0.000707213
         250    -3.37685    -3.37017 0.000704893
         251    -3.37683     -3.3702 0.000702583
         252    -3.37666    -3.37022 0.000700263
         253    -3.37679    -3.37025 0.000697976
         254    -3.37662    -3.37027 0.000695679
         255    -3.37646     -3.3703 0.000693374
         256     -3.3763    -3.37032 0.000691062
         257    -3.37629    -3.37034 0.000688763
         258    -3.37628    -3.37037 0.000686478
         259    -3.37628    -3.37039 0.000684207
         260    -3.37643    -3.37041  0.00068197
         261    -3.37628    -3.37044 0.000679727
         262    -3.37689    -3.37046  0.00067758
         263    -3.37735    -3.37049  0.00067551
         264    -3.37737    -3.37051 0.000673454
         265    -3.37738    -3.37054 0.000671411
         266     -3.3774    -3.37056 0.000669381
         267    -3.37726    -3.37059 0.000667344
         268    -3.37744    -3.37062 0.000665343
         269    -3.37746    -3.37064 0.000663355
         270    -3.37779    -3.37067 0.000661426
         271    -3.37766    -3.37069 0.000659489
         272    -3.37784    -3.37072 0.000657588
         273    -3.37818    -3.37075 0.000655746
         274    -3.37821    -3.37077 0.000653918
         275    -3.37824     -3.3708 0.000652104
         276    -3.37828    -3.37083 0.000650303
         277    -3.37846    -3.37086 0.000648539
         278    -3.37819    -3.37088 0.000646743
         279    -3.37808    -3.37091 0.000644939
         280    -3.37811    -3.37093 0.000643149
         281    -3.37815    -3.37096 0.000641372
         282    -3.37833    -3.37099  0.00063963
         283    -3.37836    -3.37101 0.000637901
         284    -3.37839    -3.37104 0.000636184
         285    -3.37812    -3.37106 0.000634437
         286    -3.37785    -3.37109 0.000632662
         287    -3.37757    -3.37111 0.000630861
         288     -3.3779    -3.37113 0.000629111
         289    -3.37762    -3.37115 0.000627334
         290    -3.37748    -3.37118  0.00062555
         291    -3.37765     -3.3712 0.000623796
         292    -3.37812    -3.37122  0.00062211
         293    -3.37798    -3.37125 0.000620414
         294    -3.37783    -3.37127 0.000618708
         295    -3.37799    -3.37129  0.00061703
         296    -3.37829    -3.37131 0.000615398
         297    -3.37844    -3.37134 0.000613793
         298    -3.37843    -3.37136 0.000612195
         299    -3.37872    -3.37139 0.000610642
         300    -3.37871    -3.37141 0.000609095
         301     -3.3787    -3.37144 0.000607552
         302    -3.37883    -3.37146 0.000606034
         303    -3.37896    -3.37148 0.000604539
         304    -3.37909    -3.37151 0.000603067
         305    -3.37876    -3.37153 0.000601558
         306    -3.37873    -3.37156 0.000600051
         307    -3.37884    -3.37158 0.000598566
         308    -3.37866     -3.3716 0.000597063
         309    -3.37862    -3.37163 0.000595563
         310    -3.37858    -3.37165 0.000594064
         311    -3.37839    -3.37167 0.000592548
         312    -3.37819    -3.37169 0.000591018
         313    -3.37769    -3.37171  0.00058944
         314     -3.3778    -3.37173 0.000587882
         315    -3.37744    -3.37175 0.000586295
         316     -3.3777    -3.37177 0.000584742
         317    -3.37764    -3.37179 0.000583191
         318    -3.37729     -3.3718 0.000581614
         319    -3.37754    -3.37182 0.000580068
         320    -3.37748    -3.37184 0.000578525
         321    -3.37712    -3.37185 0.000576957
         322    -3.37676    -3.37187 0.000575367
         323    -3.37671    -3.37189  0.00057378
         324     -3.3765     -3.3719 0.000572186
         325    -3.37644    -3.37191 0.000570595
         326    -3.37623    -3.37193 0.000568999
         327    -3.37617    -3.37194 0.000567406
         328    -3.37611    -3.37195 0.000565819
         329     -3.3762    -3.37197 0.000564246
         330    -3.37614    -3.37198 0.000562678
         331    -3.37653    -3.37199 0.000561146
         332    -3.37632      -3.372 0.000559607
         333    -3.37626    -3.37202 0.000558073
         334    -3.37635    -3.37203 0.000556553
         335    -3.37629    -3.37204 0.000555037
         336    -3.37653    -3.37206 0.000553546
         337    -3.37647    -3.37207 0.000552058
         338    -3.37656    -3.37208 0.000550585
         339    -3.37696     -3.3721 0.000549149
         340    -3.37675    -3.37211 0.000547704
         341    -3.37654    -3.37212 0.000546251
         342    -3.37632    -3.37214 0.000544792
         343    -3.37626    -3.37215 0.000543337
         344    -3.37635    -3.37216 0.000541895
         345     -3.3766    -3.37217 0.000540477
         346    -3.37639    -3.37219 0.000539052
         347    -3.37632     -3.3722  0.00053763
         348    -3.37642    -3.37221 0.000536222
         349     -3.3762    -3.37222 0.000534808
         350    -3.37599    -3.37223 0.000533388
         351    -3.37623    -3.37224  0.00053199
         352    -3.37632    -3.37225 0.000530605
         353    -3.37611    -3.37227 0.000529215
         354    -3.37605    -3.37228 0.000527828
         355    -3.37614    -3.37229 0.000526453
         356    -3.37638     -3.3723 0.000525099
         357    -3.37616    -3.37231  0.00052374
         358    -3.37565    -3.37232  0.00052236
         359    -3.37558    -3.37233 0.000520984
         360    -3.37521    -3.37234 0.000519599
         361     -3.3753    -3.37234 0.000518224
         362    -3.37524    -3.37235 0.000516854
         363    -3.37532    -3.37236 0.000515495
         364    -3.37526    -3.37237  0.00051414
         365    -3.37519    -3.37238  0.00051279
         366    -3.37528    -3.37238  0.00051145
         367    -3.37536    -3.37239 0.000510121
         368    -3.37529     -3.3724 0.000508795
         369    -3.37538    -3.37241 0.000507481
         370    -3.37547    -3.37242 0.000506176
         371    -3.37495    -3.37242 0.000504858
         372    -3.37473    -3.37243 0.000503539
         373    -3.37467    -3.37244 0.000502225
         374     -3.3743    -3.37244 0.000500907
         375    -3.37409    -3.37244  0.00049959
         376    -3.37402    -3.37245 0.000498279
         377    -3.37366    -3.37245 0.000496968
         378     -3.3739    -3.37246 0.000495668
         379    -3.37324    -3.37246 0.000494364
         380    -3.37288    -3.37246 0.000493065
         381    -3.37267    -3.37246 0.000491771
         382    -3.37247    -3.37246 0.000490484
         383    -3.37226    -3.37246 0.000489203
         384    -3.37221    -3.37246  0.00048793
         385    -3.37201    -3.37246 0.000486664
         386    -3.37212    -3.37246 0.000485404
         387    -3.37223    -3.37246  0.00048415
         388    -3.37219    -3.37246 0.000482902
         389      -3.372    -3.37245 0.000481662
         390    -3.37196    -3.37245 0.000480429
         391    -3.37193    -3.37245 0.000479202
         392    -3.37175    -3.37245 0.000477983
         393    -3.37173    -3.37245  0.00047677
         394    -3.37156    -3.37245 0.000475566
         395    -3.37139    -3.37244 0.000474369
         396    -3.37137    -3.37244 0.000473179
         397    -3.37136    -3.37244 0.000471995
         398    -3.37121    -3.37243 0.000470819
         399     -3.3709    -3.37243 0.000469655
         400    -3.37076    -3.37243 0.000468499
         401    -3.37061    -3.37242 0.000467353
         402    -3.37047    -3.37242 0.000466215
         403    -3.37034    -3.37241 0.000465087
         404    -3.36975    -3.37241 0.000463982
         405    -3.36978     -3.3724 0.000462882
         406    -3.36951    -3.37239 0.000461797
         407    -3.36954    -3.37238 0.000460715
         408    -3.36927    -3.37238 0.000459649
         409    -3.36932    -3.37237 0.000458586
         410    -3.36876    -3.37236 0.000457552
         411    -3.36866    -3.37235 0.000456528
         412    -3.36871    -3.37234 0.000455505
         413    -3.36877    -3.37233 0.000454484
         414    -3.36883    -3.37233 0.000453465
         415     -3.3689    -3.37232 0.000452448
         416    -3.36897    -3.37231 0.000451432
         417    -3.36919     -3.3723 0.000450411
         418    -3.36942     -3.3723 0.000449387
         419    -3.36965    -3.37229 0.000448358
         420    -3.36988    -3.37228 0.000447327
         421    -3.37012    -3.37228 0.000446294
         422    -3.37036    -3.37227  0.00044526
         423    -3.37075    -3.37227 0.000444222
         424    -3.37145    -3.37227 0.000443179
         425    -3.37154    -3.37227 0.000442139
         426    -3.37179    -3.37226 0.000441103
         427    -3.37219    -3.37226  0.00044007
         428    -3.37289    -3.37227 0.000439044
         429      -3.373    -3.37227 0.000438024
         430    -3.37295    -3.37227 0.000437008
         431    -3.37305    -3.37227 0.000435998
         432     -3.3736    -3.37227 0.000434999
         433    -3.37401    -3.37228 0.000434013
         434    -3.37411    -3.37228 0.000433034
         435    -3.37452    -3.37229 0.000432069
         436    -3.37462    -3.37229 0.000431111
         437    -3.37488     -3.3723 0.000430165
         438    -3.37543    -3.37231 0.000429242
         439    -3.37584    -3.37231  0.00042834
         440    -3.37624    -3.37232 0.000427459
         441    -3.37619    -3.37233  0.00042658
         442    -3.37629    -3.37234 0.000425709
         443    -3.37654    -3.37235 0.000424853
         444    -3.37663    -3.37236 0.000424006
         445    -3.37718    -3.37237 0.000423192
         446    -3.37743    -3.37238 0.000422394
         447    -3.37767    -3.37239 0.000421615
         448    -3.37731     -3.3724 0.000420816
         449    -3.37724    -3.37242 0.000420017
         450    -3.37763    -3.37243 0.000419244
         451    -3.37772    -3.37244 0.000418478
         452    -3.37765    -3.37245 0.000417711
         453    -3.37758    -3.37246 0.000416942
         454    -3.37781    -3.37247  0.00041619
         455    -3.37758    -3.37248 0.000415427
         456     -3.3769    -3.37249 0.000414629
         457    -3.37713     -3.3725 0.000413845
         458    -3.37689    -3.37251 0.000413053
         459    -3.37711    -3.37252 0.000412274
         460    -3.37733    -3.37253  0.00041151
         461    -3.37785    -3.37255 0.000410779
         462    -3.37791    -3.37256 0.000410054
         463    -3.37812    -3.37257 0.000409344
         464    -3.37803    -3.37258 0.000408631
         465    -3.37823    -3.37259 0.000407933
         466    -3.37814    -3.37261 0.000407231
         467    -3.37819    -3.37262 0.000406534
         468    -3.37839    -3.37263 0.000405852
         469    -3.37858    -3.37264 0.000405185
         470    -3.37848    -3.37266 0.000404513
         471    -3.37852    -3.37267 0.000403846
         472    -3.37826    -3.37268 0.000403164
         473      -3.378    -3.37269 0.000402469
         474    -3.37818     -3.3727 0.000401786
         475    -3.37792    -3.37271  0.00040109
         476    -3.37795    -3.37272 0.000400399
         477    -3.37798    -3.37274 0.000399711
         478    -3.37786    -3.37275 0.000399018
         479    -3.37773    -3.37276 0.000398321
         480    -3.37776    -3.37277 0.000397627
         481    -3.37793    -3.37278 0.000396945
         482     -3.3781    -3.37279 0.000396275
         483    -3.37842     -3.3728 0.000395626
         484    -3.37874    -3.37281 0.000394999
         485    -3.37875    -3.37282 0.000394374
         486    -3.37861    -3.37284 0.000393743
         487    -3.37847    -3.37285 0.000393104
         488    -3.37848    -3.37286 0.000392468
         489    -3.37863    -3.37287 0.000391843
         490    -3.37894    -3.37288 0.000391238
         491    -3.37924     -3.3729 0.000390656
         492    -3.37954    -3.37291 0.000390095
         493    -3.37938    -3.37292 0.000389525
         494    -3.37953    -3.37294 0.000388965
         495    -3.37982    -3.37295 0.000388428
         496    -3.38011    -3.37297 0.000387913
         497    -3.37949    -3.37298 0.000387354
         498    -3.37992    -3.37299 0.000386827
         499     -3.3799    -3.37301 0.000386299
         500    -3.37987    -3.37302 0.000385771
         501    -3.37985    -3.37303 0.000385241
         502    -3.37966    -3.37305   0.0003847
         503    -3.37933    -3.37306 0.000384138
         504    -3.37929    -3.37307 0.000383575
         505     -3.3794    -3.37308  0.00038302
         506    -3.37936     -3.3731 0.000382464
         507    -3.37901    -3.37311 0.000381888
         508    -3.37896    -3.37312  0.00038131
         509    -3.37876    -3.37313 0.000380722
         510    -3.37901    -3.37314 0.000380149
         511    -3.37895    -3.37315 0.000379575
         512    -3.37888    -3.37316 0.000378999
         513    -3.37882    -3.37318  0.00037842
         514     -3.3789    -3.37319 0.000377848
         515    -3.37898     -3.3732 0.000377282
         516    -3.37936    -3.37321  0.00037674
         517    -3.37899    -3.37322 0.000376177
         518    -3.37921    -3.37323 0.000375628
         519    -3.37913    -3.37324 0.000375076
         520     -3.3789    -3.37326 0.000374512
         521    -3.37866    -3.37327 0.000373937
         522    -3.37842    -3.37328 0.000373351
         523    -3.37848    -3.37329  0.00037277
         524    -3.37793    -3.37329 0.000372164
         525    -3.37814     -3.3733  0.00037157
         526     -3.3782    -3.37331  0.00037098
         527    -3.37856    -3.37332  0.00037041
         528    -3.37846    -3.37333 0.000369836
         529    -3.37806    -3.37334 0.000369245
         530    -3.37766    -3.37335 0.000368638
         531    -3.37771    -3.37336 0.000368035
         532    -3.37776    -3.37337 0.000367436
         533     -3.3775    -3.37337 0.000366828
         534    -3.37725    -3.37338 0.000366213
         535    -3.37699    -3.37339 0.000365591
         536    -3.37689    -3.37339 0.000364967
         537    -3.37709     -3.3734 0.000364352
         538    -3.37668    -3.37341 0.000363726
         539    -3.37658    -3.37341 0.000363099
         540    -3.37617    -3.37342 0.000362462
         541    -3.37607    -3.37342 0.000361825
         542    -3.37612    -3.37343 0.000361192
         543    -3.37632    -3.37343 0.000360566
         544    -3.37621    -3.37344 0.000359939
         545    -3.37581    -3.37344 0.000359305
         546    -3.37541    -3.37345 0.000358665
         547    -3.37486    -3.37345 0.000358019
         548    -3.37506    -3.37345 0.000357377
         549    -3.37497    -3.37345 0.000356737
         550    -3.37472    -3.37346 0.000356096
         551    -3.37432    -3.37346 0.000355453
         552    -3.37438    -3.37346 0.000354813
         553    -3.37445    -3.37346 0.000354176
         554    -3.37421    -3.37346 0.000353539
         555    -3.37427    -3.37346 0.000352905
         556    -3.37434    -3.37347 0.000352274
         557    -3.37441    -3.37347 0.000351646
         558    -3.37433    -3.37347 0.000351019
         559    -3.37441    -3.37347 0.000350395
         560    -3.37434    -3.37347 0.000349773
         561    -3.37442    -3.37347 0.000349153
         562     -3.3745    -3.37348 0.000348537
         563    -3.37414    -3.37348  0.00034792
         564    -3.37408    -3.37348 0.000347305
         565    -3.37402    -3.37348 0.000346691
         566    -3.37397    -3.37348  0.00034608
         567    -3.37377    -3.37348  0.00034547
         568    -3.37343    -3.37348 0.000344861
         569    -3.37354    -3.37348 0.000344255
         570    -3.37366    -3.37348 0.000343652
         571    -3.37332    -3.37348  0.00034305
         572    -3.37315    -3.37348 0.000342451
         573    -3.37313    -3.37348 0.000341854
         574    -3.37312    -3.37348 0.000341259
         575    -3.37296    -3.37348 0.000340666
         576    -3.37311    -3.37348 0.000340075
         577    -3.37296    -3.37348 0.000339487
         578    -3.37297    -3.37348 0.000338901
         579    -3.37283    -3.37347 0.000338317
         580    -3.37286    -3.37347 0.000337736
         581    -3.37304    -3.37347 0.000337155
         582    -3.37322    -3.37347 0.000336576
         583    -3.37326    -3.37347 0.000335999
         584    -3.37286    -3.37347 0.000335426
         585    -3.37291    -3.37347 0.000334854
         586    -3.37282    -3.37347 0.000334284
         587    -3.37289    -3.37347 0.000333716
         588    -3.37297    -3.37347 0.000333149
         589     -3.3732    -3.37347 0.000332584
         590    -3.37329    -3.37347 0.000332021
         591    -3.37368    -3.37347 0.000331459
         592    -3.37378    -3.37347   0.0003309
         593    -3.37404    -3.37347 0.000330343
         594    -3.37401    -3.37347 0.000329788
         595    -3.37428    -3.37347 0.000329237
         596    -3.37426    -3.37347 0.000328687
         597    -3.37454    -3.37347 0.000328141
         598    -3.37483    -3.37348   0.0003276
         599    -3.37437    -3.37348 0.000327057
         600    -3.37467    -3.37348 0.000326518
         601    -3.37452    -3.37348 0.000325979
         602    -3.37453    -3.37348 0.000325442
         603    -3.37424    -3.37348 0.000324905
         604    -3.37426    -3.37349  0.00032437
         605    -3.37442    -3.37349 0.000323837
         606    -3.37444    -3.37349 0.000323307
         607    -3.37492    -3.37349 0.000322783
         608    -3.37494    -3.37349  0.00032226
         609    -3.37542     -3.3735 0.000321747
         610     -3.3753     -3.3735 0.000321233
         611    -3.37532     -3.3735 0.000320721
         612    -3.37564    -3.37351 0.000320216
         613    -3.37536    -3.37351 0.000319708
         614    -3.37568    -3.37351 0.000319207
         615     -3.3757    -3.37352 0.000318708
         616    -3.37586    -3.37352 0.000318213
         617    -3.37617    -3.37352 0.000317726
         618    -3.37647    -3.37353 0.000317248
         619    -3.37647    -3.37353 0.000316771
         620    -3.37691    -3.37354 0.000316306
         621    -3.37719    -3.37355 0.000315852
         622    -3.37732    -3.37355 0.000315402
         623    -3.37714    -3.37356 0.000314949
         624    -3.37755    -3.37356 0.000314509
         625    -3.37766    -3.37357 0.000314074
         626    -3.37761    -3.37358 0.000313639
         627    -3.37754    -3.37358 0.000313202
         628    -3.37748    -3.37359 0.000312765
         629    -3.37755     -3.3736 0.000312331
         630    -3.37762     -3.3736   0.0003119
         631    -3.37783    -3.37361 0.000311478
         632    -3.37788    -3.37361 0.000311058
         633    -3.37807    -3.37362 0.000310647
         634    -3.37796    -3.37363 0.000310232
         635    -3.37799    -3.37364  0.00030982
         636    -3.37786    -3.37364 0.000309404
         637    -3.37773    -3.37365 0.000308985
         638     -3.3779    -3.37366 0.000308572
         639    -3.37821    -3.37366 0.000308171
         640    -3.37806    -3.37367 0.000307766
         641    -3.37821    -3.37368 0.000307368
         642    -3.37835    -3.37368 0.000306975
         643    -3.37834    -3.37369 0.000306583
         644    -3.37862     -3.3737 0.000306202
         645     -3.3783    -3.37371 0.000305811
         646    -3.37888    -3.37371 0.000305442
         647    -3.37886    -3.37372 0.000305074
         648    -3.37867    -3.37373 0.000304699
         649    -3.37864    -3.37374 0.000304323
         650    -3.37876    -3.37374 0.000303953
         651    -3.37857    -3.37375 0.000303576
         652    -3.37823    -3.37376 0.000303188
         653    -3.37833    -3.37377 0.000302805
         654    -3.37859    -3.37377 0.000302432
         655    -3.37839    -3.37378 0.000302052
         656    -3.37804    -3.37379 0.000301661
         657    -3.37753    -3.37379 0.000301256
         658    -3.37763     -3.3738 0.000300855
         659    -3.37772     -3.3738 0.000300457
         660    -3.37751    -3.37381 0.000300054
         661     -3.3776    -3.37382 0.000299655
         662    -3.37738    -3.37382 0.000299251
         663    -3.37732    -3.37383 0.000298846
         664     -3.3774    -3.37383 0.000298444
         665    -3.37717    -3.37384 0.000298038
         666    -3.37679    -3.37384 0.000297623
         667    -3.37671    -3.37385 0.000297208
         668    -3.37708    -3.37385 0.000296803
         669     -3.3767    -3.37385  0.00029639
         670    -3.37691    -3.37386 0.000295983
         671    -3.37682    -3.37386 0.000295574
         672    -3.37673    -3.37387 0.000295165
         673    -3.37678    -3.37387 0.000294758
         674    -3.37638    -3.37388 0.000294344
         675    -3.37627    -3.37388  0.00029393
         676    -3.37632    -3.37388 0.000293517
         677    -3.37636    -3.37389 0.000293107
         678     -3.3764    -3.37389 0.000292698
         679    -3.37659    -3.37389 0.000292294
         680    -3.37647     -3.3739 0.000291888
         681    -3.37635     -3.3739 0.000291482
         682    -3.37623    -3.37391 0.000291075
         683    -3.37611    -3.37391 0.000290666
         684    -3.37598    -3.37391 0.000290257
         685     -3.3757    -3.37391 0.000289845
         686    -3.37557    -3.37392 0.000289433
         687    -3.37544    -3.37392  0.00028902
         688    -3.37546    -3.37392 0.000288608
         689    -3.37563    -3.37392   0.0002882
         690    -3.37534    -3.37393  0.00028779
         691    -3.37521    -3.37393 0.000287379
         692    -3.37462    -3.37393 0.000286966
         693    -3.37449    -3.37393 0.000286553
         694     -3.3739    -3.37393  0.00028614
         695    -3.37376    -3.37393 0.000285728
         696    -3.37378    -3.37393 0.000285318
         697     -3.3735    -3.37393 0.000284909
         698    -3.37322    -3.37393 0.000284503
         699    -3.37278    -3.37393   0.0002841
         700    -3.37235    -3.37392 0.000283703
         701    -3.37238    -3.37392 0.000283307
         702    -3.37195    -3.37392 0.000282918
         703    -3.37198    -3.37392 0.000282529
         704    -3.37202    -3.37391  0.00028214
         705    -3.37205    -3.37391 0.000281752
         706    -3.37209    -3.37391 0.000281365
         707    -3.37198     -3.3739  0.00028098
         708    -3.37188     -3.3739 0.000280598
         709    -3.37178     -3.3739 0.000280218
         710    -3.37122     -3.3739 0.000279849
         711    -3.37068    -3.37389 0.000279492
         712    -3.37074    -3.37389 0.000279134
         713    -3.37065    -3.37388  0.00027878
         714    -3.37042    -3.37388 0.000278431
         715    -3.37034    -3.37387 0.000278086
         716    -3.37012    -3.37387 0.000277747
         717    -3.37005    -3.37386  0.00027741
         718    -3.36999    -3.37386 0.000277076
         719    -3.37038    -3.37385 0.000276733
         720    -3.37032    -3.37385 0.000276392
         721    -3.36997    -3.37384 0.000276061
         722    -3.36992    -3.37384 0.000275732
         723    -3.37018    -3.37383 0.000275397
         724    -3.37014    -3.37383 0.000275064
         725    -3.37056    -3.37382 0.000274721
         726    -3.37053    -3.37382  0.00027438
         727    -3.37019    -3.37381 0.000274048
         728    -3.37002    -3.37381 0.000273721
         729    -3.36984     -3.3738   0.0002734
         730    -3.36982     -3.3738  0.00027308
         731     -3.3698    -3.37379 0.000272761
         732    -3.36994    -3.37378 0.000272439
         733    -3.36962    -3.37378 0.000272126
         734    -3.36961    -3.37377 0.000271815
         735    -3.36945    -3.37377 0.000271509
         736    -3.36929    -3.37376 0.000271208
         737    -3.36914    -3.37375 0.000270912
         738    -3.36898    -3.37375 0.000270622
         739    -3.36883    -3.37374 0.000270338
         740    -3.36884    -3.37374 0.000270054
         741    -3.36899    -3.37373 0.000269765
         742    -3.36885    -3.37372 0.000269482
         743     -3.3687    -3.37372 0.000269204
         744    -3.36871    -3.37371 0.000268926
         745    -3.36887     -3.3737 0.000268643
         746    -3.36889     -3.3737 0.000268361
         747    -3.36875    -3.37369 0.000268083
         748    -3.36892    -3.37368   0.0002678
         749    -3.36849    -3.37368 0.000267533
         750    -3.36851    -3.37367 0.000267265
         751    -3.36853    -3.37366 0.000266996
         752    -3.36871    -3.37366 0.000266722
         753    -3.36844    -3.37365 0.000266458
         754    -3.36847    -3.37364 0.000266193
         755    -3.36896    -3.37364 0.000265913
         756     -3.3687    -3.37363 0.000265641
         757    -3.36874    -3.37362 0.000265369
         758    -3.36878    -3.37362 0.000265095
         759    -3.36898    -3.37361 0.000264817
         760    -3.36903     -3.3736 0.000264537
         761    -3.36908     -3.3736 0.000264256
         762    -3.36883    -3.37359 0.000263983
         763     -3.3692    -3.37359   0.0002637
         764    -3.36926    -3.37358 0.000263416
         765    -3.36917    -3.37357 0.000263134
         766    -3.36924    -3.37357 0.000262852
         767    -3.36977    -3.37356 0.000262556
         768    -3.37014    -3.37356 0.000262252
         769    -3.37053    -3.37356  0.00026194
         770    -3.37045    -3.37355 0.000261631
         771    -3.37039    -3.37355 0.000261324
         772    -3.37047    -3.37354 0.000261016
         773    -3.37041    -3.37354 0.000260709
         774    -3.37035    -3.37354 0.000260405
         775    -3.37045    -3.37353 0.000260099
         776    -3.37039    -3.37353 0.000259796
         777    -3.37034    -3.37352 0.000259494
         778    -3.37044    -3.37352 0.000259191
         779    -3.37054    -3.37352 0.000258886
         780    -3.37079    -3.37351 0.000258578
         781     -3.3709    -3.37351 0.000258268
         782    -3.37115    -3.37351 0.000257956
         783    -3.37096     -3.3735 0.000257647
         784    -3.37106     -3.3735 0.000257337
         785    -3.37117     -3.3735 0.000257026
         786    -3.37112    -3.37349 0.000256717
         787    -3.37108    -3.37349 0.000256409
         788    -3.37118    -3.37349   0.0002561
         789    -3.37129    -3.37348 0.000255791
         790    -3.37124    -3.37348 0.000255483
         791    -3.37119    -3.37348 0.000255176
         792     -3.3716    -3.37348 0.000254865
         793     -3.3717    -3.37347 0.000254554
         794    -3.37195    -3.37347  0.00025424
         795    -3.37204    -3.37347 0.000253927
         796    -3.37214    -3.37347 0.000253613
         797    -3.37178    -3.37347 0.000253304
         798    -3.37217    -3.37346 0.000252992
         799    -3.37225    -3.37346  0.00025268
         800    -3.37264    -3.37346 0.000252366
         801    -3.37287    -3.37346 0.000252052
         802     -3.3728    -3.37346 0.000251739
         803    -3.37303    -3.37346 0.000251426
         804     -3.3731    -3.37346 0.000251114
         805    -3.37302    -3.37346 0.000250803
         806    -3.37293    -3.37346 0.000250492
         807    -3.37315    -3.37346 0.000250182
         808    -3.37336    -3.37346 0.000249872
         809    -3.37372    -3.37346 0.000249564
         810    -3.37347    -3.37346 0.000249256
         811    -3.37337    -3.37346 0.000248948
         812    -3.37327    -3.37346 0.000248642
         813    -3.37331    -3.37346 0.000248336
         814    -3.37381    -3.37346 0.000248031
         815    -3.37369    -3.37346 0.000247727
         816    -3.37373    -3.37346 0.000247424
         817    -3.37391    -3.37346 0.000247122
         818     -3.3738    -3.37346  0.00024682
         819    -3.37382    -3.37346 0.000246519
         820     -3.3737    -3.37346 0.000246219
         821    -3.37342    -3.37346 0.000245919
         822    -3.37314    -3.37346  0.00024562
         823    -3.37331    -3.37346 0.000245321
         824    -3.37303    -3.37346 0.000245024
         825     -3.3732    -3.37346 0.000244727
         826    -3.37291    -3.37346 0.000244432
         827    -3.37278    -3.37346 0.000244138
         828    -3.37324    -3.37346 0.000243843
         829    -3.37325    -3.37346 0.000243549
         830    -3.37296    -3.37346 0.000243256
         831    -3.37312    -3.37346 0.000242964
         832    -3.37313    -3.37346 0.000242672
         833    -3.37299    -3.37346 0.000242382
         834    -3.37284    -3.37345 0.000242092
         835    -3.37285    -3.37345 0.000241803
         836    -3.37285    -3.37345 0.000241515
         837    -3.37271    -3.37345 0.000241228
         838    -3.37271    -3.37345 0.000240942
         839    -3.37287    -3.37345 0.000240656
         840    -3.37303    -3.37345  0.00024037
         841    -3.37288    -3.37345 0.000240085
         842    -3.37303    -3.37345   0.0002398
         843    -3.37319    -3.37345 0.000239516
         844    -3.37304    -3.37345 0.000239233
         845    -3.37304    -3.37345  0.00023895
         846    -3.37274    -3.37345 0.000238669
         847    -3.37259    -3.37345 0.000238389
         848    -3.37244    -3.37344 0.000238111
         849     -3.3726    -3.37344 0.000237833
         850    -3.37275    -3.37344 0.000237555
         851    -3.37275    -3.37344 0.000237277
         852    -3.37275    -3.37344    0.000237
         853     -3.3726    -3.37344 0.000236724
         854    -3.37261    -3.37344 0.000236449
         855    -3.37246    -3.37344 0.000236175
         856    -3.37215    -3.37344 0.000235904
         857    -3.37246    -3.37344 0.000235631
         858    -3.37231    -3.37343  0.00023536
         859    -3.37231    -3.37343  0.00023509
         860    -3.37215    -3.37343 0.000234821
         861     -3.3717    -3.37343 0.000234557
         862    -3.37185    -3.37343 0.000234292
         863    -3.37185    -3.37343 0.000234028
         864      -3.372    -3.37342 0.000233763
         865    -3.37169    -3.37342 0.000233501
         866    -3.37184    -3.37342 0.000233239
         867    -3.37183    -3.37342 0.000232977
         868    -3.37183    -3.37342 0.000232716
         869    -3.37182    -3.37341 0.000232455
         870    -3.37197    -3.37341 0.000232194
         871    -3.37181    -3.37341 0.000231934
         872     -3.3718    -3.37341 0.000231676
         873    -3.37179    -3.37341 0.000231418
         874    -3.37178    -3.37341 0.000231161
         875    -3.37117     -3.3734 0.000230911
         876    -3.37131     -3.3734 0.000230659
         877    -3.37114     -3.3734 0.000230411
         878    -3.37113     -3.3734 0.000230163
         879    -3.37096    -3.37339 0.000229918
         880    -3.37079    -3.37339 0.000229675
         881    -3.37123    -3.37339 0.000229428
         882    -3.37121    -3.37338 0.000229181
         883    -3.37104    -3.37338 0.000228937
         884    -3.37102    -3.37338 0.000228693
         885    -3.37085    -3.37338 0.000228453
         886    -3.37067    -3.37337 0.000228215
         887    -3.37065    -3.37337 0.000227979
         888    -3.37062    -3.37337 0.000227743
         889    -3.37074    -3.37336 0.000227506
         890    -3.37072    -3.37336  0.00022727
         891    -3.37039    -3.37336 0.000227039
         892    -3.37051    -3.37335 0.000226807
         893    -3.37078    -3.37335 0.000226572
         894    -3.37059    -3.37335 0.000226339
         895    -3.37041    -3.37335  0.00022611
         896    -3.37037    -3.37334 0.000225882
         897    -3.37034    -3.37334 0.000225655
         898    -3.36999    -3.37334 0.000225435
         899    -3.37041    -3.37333 0.000225207
         900    -3.37007    -3.37333 0.000224986
         901    -3.37018    -3.37332 0.000224764
         902    -3.37014    -3.37332 0.000224542
         903    -3.37009    -3.37332 0.000224322
         904    -3.37005    -3.37331 0.000224103
         905     -3.3703    -3.37331  0.00022388
         906    -3.37011    -3.37331 0.000223661
         907    -3.37021     -3.3733 0.000223441
         908    -3.37001     -3.3733 0.000223224
         909    -3.36996     -3.3733 0.000223009
         910    -3.36991    -3.37329 0.000222795
         911    -3.37016    -3.37329 0.000222577
         912    -3.36966    -3.37329 0.000222368
         913    -3.36975    -3.37328 0.000222158
         914     -3.3694    -3.37328 0.000221956
         915    -3.36904    -3.37327 0.000221762
         916    -3.36944    -3.37327 0.000221559
         917    -3.36954    -3.37326 0.000221355
         918    -3.36933    -3.37326 0.000221155
         919    -3.36912    -3.37326  0.00022096
         920    -3.36922    -3.37325 0.000220764
         921    -3.36931    -3.37325 0.000220566
         922     -3.3691    -3.37324 0.000220372
         923    -3.36919    -3.37324 0.000220177
         924    -3.36914    -3.37323 0.000219984
         925    -3.36893    -3.37323 0.000219795
         926    -3.36917    -3.37322 0.000219602
         927    -3.36896    -3.37322 0.000219413
         928    -3.36845    -3.37321 0.000219236
         929    -3.36855    -3.37321 0.000219058
         930    -3.36834     -3.3732 0.000218885
         931    -3.36813     -3.3732 0.000218718
         932    -3.36762    -3.37319 0.000218565
         933    -3.36741    -3.37319 0.000218419
         934    -3.36736    -3.37318 0.000218274
         935    -3.36701    -3.37317  0.00021814
         936     -3.3668    -3.37317 0.000218013
         937     -3.3666    -3.37316 0.000217893
         938    -3.36685    -3.37315 0.000217765
         939    -3.36665    -3.37315 0.000217643
         940    -3.36676    -3.37314 0.000217518
         941    -3.36671    -3.37313 0.000217394
         942    -3.36712    -3.37313 0.000217257
         943    -3.36693    -3.37312 0.000217126
         944    -3.36689    -3.37311 0.000216996
         945    -3.36655    -3.37311 0.000216878
         946    -3.36651     -3.3731  0.00021676
         947    -3.36647    -3.37309 0.000216644
         948    -3.36659    -3.37309 0.000216524
         949    -3.36656    -3.37308 0.000216405
         950    -3.36638    -3.37307 0.000216292
         951    -3.36635    -3.37306  0.00021618
         952    -3.36648    -3.37306 0.000216064
         953    -3.36646    -3.37305 0.000215948
         954    -3.36659    -3.37304 0.000215828
         955    -3.36688    -3.37304 0.000215698
         956    -3.36732    -3.37303 0.000215556
         957    -3.36715    -3.37303 0.000215418
         958    -3.36715    -3.37302  0.00021528
         959    -3.36699    -3.37301 0.000215148
         960    -3.36714    -3.37301 0.000215011
         961    -3.36729      -3.373 0.000214869
         962    -3.36729      -3.373 0.000214728
         963    -3.36715    -3.37299 0.000214591
         964    -3.36715    -3.37298 0.000214454
         965    -3.36701    -3.37298 0.000214321
         966    -3.36687    -3.37297 0.000214192
         967    -3.36704    -3.37296 0.000214058
         968    -3.36721    -3.37296  0.00021392
         969    -3.36708    -3.37295 0.000213785
         970    -3.36711    -3.37295 0.000213649
         971    -3.36713    -3.37294 0.000213513
         972    -3.36701    -3.37293 0.000213381
         973    -3.36765    -3.37293  0.00021323
         974    -3.36753    -3.37292 0.000213083
         975    -3.36787    -3.37292 0.000212928
         976    -3.36806    -3.37291 0.000212768
         977    -3.36841    -3.37291   0.0002126
         978    -3.36861     -3.3729 0.000212428
         979    -3.36865     -3.3729 0.000212255
         980    -3.36885     -3.3729 0.000212079
         981     -3.3686    -3.37289 0.000211908
         982    -3.36851    -3.37289 0.000211739
         983    -3.36856    -3.37288 0.000211569
         984    -3.36847    -3.37288 0.000211402
         985    -3.36838    -3.37287 0.000211237
         986    -3.36844    -3.37287 0.000211071
         987    -3.36865    -3.37286   0.0002109
         988    -3.36871    -3.37286 0.000210728
         989    -3.36878    -3.37286 0.000210556
         990    -3.36899    -3.37285 0.000210379
         991    -3.36936    -3.37285 0.000210197
         992    -3.36942    -3.37285 0.000210013
         993    -3.36949    -3.37284 0.000209829
         994    -3.36955    -3.37284 0.000209644
         995    -3.36992    -3.37284 0.000209454
         996    -3.36999    -3.37283 0.000209263
         997     -3.3699    -3.37283 0.000209074
         998    -3.37042    -3.37283 0.000208878
         999    -3.37093    -3.37283 0.000208678
        1000    -3.37115    -3.37282 0.000208476
        1001    -3.37151    -3.37282 0.000208272
        1002    -3.37172    -3.37282 0.000208067
        1003    -3.37163    -3.37282 0.000207863
        1004    -3.37169    -3.37282 0.000207659
        1005    -3.37189    -3.37282 0.000207454
        1006     -3.3724    -3.37282 0.000207248
        1007     -3.3726    -3.37282 0.000207043
        1008     -3.3725    -3.37282 0.000206837
        1009    -3.37225    -3.37282 0.000206633
        1010    -3.37244    -3.37282 0.000206429
        1011    -3.37264    -3.37282 0.000206225
        1012    -3.37253    -3.37282 0.000206021
        1013    -3.37242    -3.37282 0.000205818
        1014    -3.37261    -3.37282 0.000205615
        1015    -3.37279    -3.37282 0.000205413
        1016    -3.37283    -3.37282 0.000205211
        1017    -3.37301    -3.37282 0.000205009
        1018    -3.37274    -3.37282 0.000204808
        1019    -3.37262    -3.37282 0.000204607
        1020     -3.3725    -3.37281 0.000204406
        1021    -3.37237    -3.37281 0.000204207
        1022     -3.3727    -3.37281 0.000204007
        1023    -3.37242    -3.37281 0.000203808
        1024    -3.37244    -3.37281 0.000203609
        1025    -3.37261    -3.37281  0.00020341
        1026    -3.37263    -3.37281 0.000203212
        1027    -3.37265    -3.37281 0.000203014
        1028    -3.37297    -3.37281 0.000202817
        1029    -3.37314    -3.37281  0.00020262
        1030    -3.37345    -3.37281 0.000202424
        1031    -3.37362    -3.37281  0.00020223
        1032    -3.37363    -3.37282 0.000202035
        1033    -3.37349    -3.37282 0.000201841
        1034     -3.3735    -3.37282 0.000201647
        1035    -3.37352    -3.37282 0.000201453
        1036    -3.37353    -3.37282  0.00020126
        1037    -3.37339    -3.37282 0.000201066
        1038      -3.374    -3.37282 0.000200876
        1039    -3.37371    -3.37282 0.000200684
        1040    -3.37372    -3.37282 0.000200493
        1041    -3.37372    -3.37282 0.000200302
        1042    -3.37358    -3.37282 0.000200111
        1043    -3.37359    -3.37282 0.000199921
        1044    -3.37375    -3.37283 0.000199731
        1045    -3.37376    -3.37283 0.000199542
        1046    -3.37316    -3.37283 0.000199352
        1047    -3.37347    -3.37283 0.000199162
        1048    -3.37348    -3.37283 0.000198973
        1049    -3.37334    -3.37283 0.000198784
        1050     -3.3732    -3.37283 0.000198595
        1051     -3.3729    -3.37283 0.000198406
        1052    -3.37291    -3.37283 0.000198218
        1053    -3.37292    -3.37283 0.000198029
        1054    -3.37309    -3.37283 0.000197842
        1055     -3.3731    -3.37283 0.000197654
        1056    -3.37326    -3.37283 0.000197468
        1057    -3.37342    -3.37283 0.000197282
        1058    -3.37328    -3.37283 0.000197096
        1059     -3.3736    -3.37283 0.000196911
        1060    -3.37346    -3.37283 0.000196726
        1061    -3.37333    -3.37283 0.000196541
        1062     -3.3738    -3.37283 0.000196358
        1063    -3.37366    -3.37283 0.000196175
        1064    -3.37307    -3.37283 0.000195991
        1065     -3.3734    -3.37283 0.000195807
        1066    -3.37341    -3.37284 0.000195624
        1067    -3.37359    -3.37284 0.000195442
        1068    -3.37361    -3.37284 0.000195261
        1069    -3.37393    -3.37284 0.000195081
        1070    -3.37396    -3.37284 0.000194901
        1071    -3.37398    -3.37284 0.000194722
        1072    -3.37385    -3.37284 0.000194543
        1073    -3.37358    -3.37284 0.000194363
        1074     -3.3736    -3.37284 0.000194183
        1075    -3.37378    -3.37284 0.000194004
        1076    -3.37366    -3.37284 0.000193825
        1077    -3.37369    -3.37284 0.000193647
        1078    -3.37387    -3.37285  0.00019347
        1079     -3.3739    -3.37285 0.000193293
        1080    -3.37393    -3.37285 0.000193117
        1081    -3.37381    -3.37285  0.00019294
        1082    -3.37354    -3.37285 0.000192763
        1083    -3.37357    -3.37285 0.000192586
        1084    -3.37345    -3.37285 0.000192409
        1085    -3.37378    -3.37285 0.000192234
        1086    -3.37381    -3.37285 0.000192059
        1087    -3.37384    -3.37285 0.000191884
        1088    -3.37387    -3.37285  0.00019171
        1089    -3.37345    -3.37285 0.000191535
        1090    -3.37332    -3.37285 0.000191359
        1091    -3.37335    -3.37286 0.000191185
        1092    -3.37338    -3.37286  0.00019101
        1093     -3.3731    -3.37286 0.000190836
        1094    -3.37327    -3.37286 0.000190661
        1095    -3.37375    -3.37286 0.000190489
        1096    -3.37377    -3.37286 0.000190317
        1097    -3.37409    -3.37286 0.000190147
        1098    -3.37395    -3.37286 0.000189976
        1099    -3.37381    -3.37286 0.000189805
        1100    -3.37413    -3.37286 0.000189636
        1101    -3.37414    -3.37286 0.000189468
        1102    -3.37384    -3.37286 0.000189298
        1103    -3.37354    -3.37286 0.000189127
        1104     -3.3737    -3.37287 0.000188957
        1105     -3.3737    -3.37287 0.000188788
        1106    -3.37339    -3.37287 0.000188618
        1107    -3.37308    -3.37287 0.000188448
        1108    -3.37247    -3.37287 0.000188278
        1109    -3.37246    -3.37287 0.000188108
        1110    -3.37245    -3.37287 0.000187939
        1111    -3.37213    -3.37287 0.000187771
        1112    -3.37195    -3.37286 0.000187604
        1113    -3.37193    -3.37286 0.000187438
        1114    -3.37176    -3.37286 0.000187272
        1115    -3.37173    -3.37286 0.000187107
        1116    -3.37185    -3.37286 0.000186941
        1117    -3.37212    -3.37286 0.000186775
        1118    -3.37238    -3.37286 0.000186609
        1119    -3.37219    -3.37286 0.000186443
        1120      -3.372    -3.37286 0.000186278
        1121    -3.37195    -3.37286 0.000186113
        1122    -3.37176    -3.37286  0.00018595
        1123    -3.37156    -3.37286 0.000185788
        1124     -3.3712    -3.37285 0.000185629
        1125    -3.37175    -3.37285 0.000185466
        1126    -3.37155    -3.37285 0.000185305
        1127    -3.37134    -3.37285 0.000185146
        1128    -3.37143    -3.37285 0.000184986
        1129    -3.37076    -3.37285 0.000184831
        1130    -3.37055    -3.37285 0.000184679
        1131    -3.37063    -3.37284 0.000184526
        1132    -3.37057    -3.37284 0.000184374
        1133     -3.3705    -3.37284 0.000184223
        1134    -3.37058    -3.37284 0.000184071
        1135    -3.37051    -3.37284  0.00018392
        1136    -3.37074    -3.37283 0.000183768
        1137    -3.37066    -3.37283 0.000183616
        1138    -3.37044    -3.37283 0.000183467
        1139    -3.37066    -3.37283 0.000183315
        1140    -3.37044    -3.37283 0.000183167
        1141    -3.37021    -3.37282  0.00018302
        1142    -3.36998    -3.37282 0.000182877
        1143     -3.3699    -3.37282 0.000182735
        1144    -3.36952    -3.37281 0.000182598
        1145    -3.36929    -3.37281 0.000182464
        1146    -3.36937    -3.37281  0.00018233
        1147    -3.36944    -3.37281 0.000182194
        1148    -3.36982     -3.3728 0.000182054
        1149    -3.36959     -3.3728 0.000181917
        1150    -3.36981     -3.3728 0.000181778
        1151    -3.36989     -3.3728 0.000181637
        1152    -3.36966    -3.37279   0.0001815
        1153    -3.36928    -3.37279 0.000181368
        1154    -3.36921    -3.37279 0.000181238
        1155    -3.36929    -3.37278 0.000181106
        1156    -3.36907    -3.37278 0.000180978
        1157      -3.369    -3.37278 0.000180851
        1158    -3.36893    -3.37277 0.000180725
        1159    -3.36886    -3.37277 0.000180601
        1160    -3.36864    -3.37277  0.00018048
        1161    -3.36873    -3.37276 0.000180358
        1162    -3.36882    -3.37276 0.000180235
        1163    -3.36876    -3.37276 0.000180113
        1164    -3.36886    -3.37275 0.000179989
        1165     -3.3685    -3.37275 0.000179872
        1166     -3.3686    -3.37275 0.000179753
        1167    -3.36855    -3.37274 0.000179635
        1168    -3.36836    -3.37274  0.00017952
        1169    -3.36847    -3.37273 0.000179404
        1170    -3.36858    -3.37273 0.000179285
        1171    -3.36854    -3.37273 0.000179168
        1172    -3.36851    -3.37272 0.000179051
        1173    -3.36834    -3.37272 0.000178938
        1174    -3.36816    -3.37272 0.000178827
        1175    -3.36814    -3.37271 0.000178718
        1176    -3.36812    -3.37271 0.000178608
        1177    -3.36826     -3.3727 0.000178496
        1178     -3.3681     -3.3727 0.000178388
        1179     -3.3681     -3.3727 0.000178279
        1180     -3.3678    -3.37269 0.000178176
        1181    -3.36781    -3.37269 0.000178073
        1182    -3.36782    -3.37268  0.00017797
        1183    -3.36784    -3.37268 0.000177867
        1184    -3.36786    -3.37268 0.000177763
        1185    -3.36804    -3.37267 0.000177656
        1186    -3.36792    -3.37267 0.000177552
        1187    -3.36826    -3.37266 0.000177441
        1188    -3.36815    -3.37266 0.000177332
        1189    -3.36805    -3.37266 0.000177226
        1190    -3.36841    -3.37265 0.000177113
        1191    -3.36816    -3.37265 0.000177004
        1192    -3.36793    -3.37265   0.0001769
        1193     -3.3683    -3.37264 0.000176789
        1194    -3.36852    -3.37264 0.000176675
        1195     -3.3686    -3.37264 0.000176559
        1196    -3.36853    -3.37263 0.000176445
        1197    -3.36832    -3.37263 0.000176334
        1198    -3.36841    -3.37262 0.000176222
        1199    -3.36865    -3.37262 0.000176107
        1200    -3.36875    -3.37262 0.000175989
        1201     -3.3687    -3.37262 0.000175873
        1202    -3.36895    -3.37261 0.000175753
        1203    -3.36905    -3.37261 0.000175632
        1204    -3.36915    -3.37261  0.00017551
        1205    -3.36911     -3.3726 0.000175388
        1206    -3.36891     -3.3726 0.000175269
        1207    -3.36932     -3.3726 0.000175145
        1208    -3.36927    -3.37259 0.000175022
        1209    -3.36922    -3.37259   0.0001749
        1210    -3.36947    -3.37259 0.000174774
        1211    -3.36941    -3.37259  0.00017465
        1212    -3.36966    -3.37258 0.000174522
        1213     -3.3699    -3.37258 0.000174392
        1214    -3.37013    -3.37258  0.00017426
        1215    -3.37021    -3.37258 0.000174128
        1216    -3.37014    -3.37258 0.000173996
        1217    -3.36991    -3.37257 0.000173867
        1218    -3.36982    -3.37257 0.000173739
        1219    -3.36973    -3.37257 0.000173612
        1220    -3.36978    -3.37257 0.000173485
        1221    -3.36997    -3.37257 0.000173356
        1222    -3.37031    -3.37256 0.000173224
        1223    -3.37034    -3.37256 0.000173092
        1224    -3.37037    -3.37256 0.000172959
        1225    -3.37053    -3.37256 0.000172826
        1226    -3.37054    -3.37256 0.000172693
        1227    -3.37054    -3.37255  0.00017256
        1228    -3.37008    -3.37255 0.000172431
        1229    -3.36991    -3.37255 0.000172304
        1230     -3.3702    -3.37255 0.000172175
        1231    -3.37062    -3.37255 0.000172042
        1232    -3.37089    -3.37255 0.000171908
        1233    -3.37084    -3.37254 0.000171774
        1234    -3.37049    -3.37254 0.000171643
        1235    -3.37059    -3.37254 0.000171511
        1236    -3.37068    -3.37254 0.000171379
        1237    -3.37076    -3.37254 0.000171246
        1238    -3.37069    -3.37254 0.000171115
        1239    -3.37046    -3.37253 0.000170985
        1240    -3.37053    -3.37253 0.000170855
        1241    -3.37074    -3.37253 0.000170723
        1242    -3.37065    -3.37253 0.000170592
        1243     -3.3704    -3.37253 0.000170464
        1244       -3.37    -3.37253 0.000170339
        1245    -3.36945    -3.37252  0.00017022
        1246    -3.36949    -3.37252   0.0001701
        1247    -3.36953    -3.37252 0.000169981
        1248    -3.36942    -3.37252 0.000169863
        1249    -3.36931    -3.37251 0.000169746
        1250    -3.36919    -3.37251 0.000169631
        1251    -3.36938    -3.37251 0.000169514
        1252    -3.36956    -3.37251 0.000169395
        1253    -3.36989     -3.3725 0.000169273
        1254    -3.36977     -3.3725 0.000169152
        1255    -3.36949     -3.3725 0.000169034
        1256    -3.36937     -3.3725 0.000168918
        1257     -3.3691    -3.37249 0.000168805
        1258    -3.36882    -3.37249 0.000168696
        1259    -3.36869    -3.37249 0.000168589
        1260    -3.36857    -3.37249 0.000168484
        1261    -3.36829    -3.37248 0.000168383
        1262    -3.36817    -3.37248 0.000168285
        1263    -3.36789    -3.37248 0.000168191
        1264    -3.36777    -3.37247 0.000168099
        1265     -3.3678    -3.37247 0.000168007
        1266    -3.36798    -3.37246 0.000167911
        1267    -3.36831    -3.37246 0.000167811
        1268    -3.36804    -3.37246 0.000167715
        1269    -3.36822    -3.37245 0.000167616
        1270    -3.36826    -3.37245 0.000167516
        1271    -3.36814    -3.37245 0.000167419
        1272    -3.36788    -3.37244 0.000167326
        1273    -3.36747    -3.37244  0.00016724
        1274    -3.36721    -3.37244 0.000167159
        1275     -3.3671    -3.37243  0.00016708
        1276    -3.36715    -3.37243    0.000167
        1277     -3.3666    -3.37242 0.000166932
        1278    -3.36621    -3.37242 0.000166872
        1279    -3.36596    -3.37241 0.000166818
        1280    -3.36572    -3.37241  0.00016677
        1281    -3.36564     -3.3724 0.000166723
        1282    -3.36556     -3.3724 0.000166678
        1283    -3.36549    -3.37239 0.000166636
        1284    -3.36572    -3.37239 0.000166587
        1285    -3.36581    -3.37238 0.000166536
        1286    -3.36605    -3.37238 0.000166479
        1287      -3.366    -3.37237 0.000166424
        1288    -3.36595    -3.37237 0.000166369
        1289     -3.3656    -3.37236 0.000166323
        1290    -3.36557    -3.37236 0.000166277
        1291    -3.36523    -3.37235  0.00016624
        1292    -3.36521    -3.37235 0.000166203
        1293    -3.36489    -3.37234 0.000166174
        1294    -3.36519    -3.37233 0.000166138
        1295    -3.36488    -3.37233 0.000166109
        1296    -3.36489    -3.37232  0.00016608
        1297    -3.36475    -3.37232 0.000166055
        1298    -3.36477    -3.37231 0.000166029
        1299    -3.36479    -3.37231 0.000166002
        1300    -3.36498     -3.3723  0.00016597
        1301    -3.36457    -3.37229 0.000165949
        1302    -3.36492    -3.37229 0.000165918
        1303    -3.36528    -3.37228 0.000165878
        1304    -3.36534    -3.37228 0.000165836
        1305    -3.36511    -3.37227   0.0001658
        1306    -3.36534    -3.37227 0.000165758
        1307    -3.36573    -3.37226 0.000165706
        1308    -3.36567    -3.37226 0.000165656
        1309    -3.36592    -3.37225   0.0001656
        1310    -3.36603    -3.37225 0.000165542
        1311    -3.36569    -3.37224 0.000165491
        1312    -3.36581    -3.37224 0.000165438
        1313    -3.36578    -3.37223 0.000165385
        1314    -3.36606    -3.37223 0.000165326
        1315    -3.36619    -3.37222 0.000165264
        1316    -3.36633    -3.37222 0.000165199
        1317    -3.36647    -3.37221 0.000165131
        1318    -3.36646    -3.37221 0.000165063
        1319    -3.36631     -3.3722 0.000164999
        1320    -3.36661     -3.3722 0.000164928
        1321    -3.36677     -3.3722 0.000164854
        1322    -3.36707    -3.37219 0.000164775
        1323    -3.36708    -3.37219 0.000164696
        1324    -3.36739    -3.37219 0.000164612
        1325    -3.36754    -3.37218 0.000164525
        1326    -3.36725    -3.37218 0.000164443
        1327    -3.36755    -3.37217 0.000164356
        1328    -3.36816    -3.37217  0.00016426
        1329    -3.36877    -3.37217 0.000164156
        1330    -3.36892    -3.37217 0.000164051
        1331    -3.36892    -3.37216 0.000163946
        1332    -3.36892    -3.37216 0.000163841
        1333    -3.36936    -3.37216 0.000163731
        1334     -3.3695    -3.37216  0.00016362
        1335    -3.36964    -3.37216 0.000163509
        1336    -3.36977    -3.37215 0.000163396
        1337    -3.36975    -3.37215 0.000163284
        1338    -3.37002    -3.37215  0.00016317
        1339    -3.36984    -3.37215 0.000163057
        1340    -3.36981    -3.37215 0.000162944
        1341    -3.37007    -3.37215  0.00016283
        1342    -3.37032    -3.37214 0.000162715
        1343    -3.37012    -3.37214 0.000162601
        1344    -3.37082    -3.37214 0.000162483
        1345     -3.3709    -3.37214 0.000162364
        1346    -3.37099    -3.37214 0.000162246
        1347    -3.37137    -3.37214 0.000162127
        1348    -3.37144    -3.37214 0.000162007
        1349    -3.37151    -3.37214 0.000161888
        1350    -3.37127    -3.37214 0.000161769
        1351    -3.37117    -3.37214 0.000161651
        1352    -3.37123    -3.37214 0.000161533
        1353    -3.37112    -3.37214 0.000161415
        1354    -3.37132    -3.37213 0.000161297
        1355    -3.37136    -3.37213 0.000161179
        1356    -3.37169    -3.37213  0.00016106
        1357    -3.37172    -3.37213 0.000160942
        1358    -3.37175    -3.37213 0.000160824
        1359    -3.37207    -3.37213 0.000160705
        1360    -3.37209    -3.37213 0.000160587
        1361    -3.37181    -3.37213 0.000160469
        1362    -3.37167    -3.37213 0.000160352
        1363    -3.37168    -3.37213 0.000160235
        1364    -3.37168    -3.37213 0.000160118
        1365    -3.37183    -3.37213     0.00016
        1366    -3.37214    -3.37213 0.000159883
        1367    -3.37213    -3.37213 0.000159766
        1368    -3.37183    -3.37213  0.00015965
        1369    -3.37152    -3.37213 0.000159534
        1370    -3.37136    -3.37213 0.000159418
        1371     -3.3715    -3.37213 0.000159303
        1372    -3.37163    -3.37213 0.000159187
        1373    -3.37162    -3.37213 0.000159071
        1374     -3.3719    -3.37213 0.000158956
        1375    -3.37189    -3.37213  0.00015884
        1376    -3.37186    -3.37213 0.000158725
        1377    -3.37199    -3.37213  0.00015861
        1378    -3.37182    -3.37213 0.000158495
        1379    -3.37194    -3.37213  0.00015838
        1380    -3.37192    -3.37213 0.000158265
        1381    -3.37204    -3.37213 0.000158151
        1382    -3.37201    -3.37213 0.000158036
        1383    -3.37198    -3.37213 0.000157922
        1384    -3.37164    -3.37213 0.000157808
        1385    -3.37176    -3.37213 0.000157695
        1386    -3.37218    -3.37213 0.000157581
        1387    -3.37215    -3.37213 0.000157467
        1388    -3.37242    -3.37213 0.000157354
        1389    -3.37223    -3.37213 0.000157241
        1390    -3.37204    -3.37213 0.000157127
        1391      -3.372    -3.37213 0.000157014
        1392    -3.37166    -3.37213 0.000156902
        1393    -3.37132    -3.37213  0.00015679
        1394    -3.37143    -3.37213 0.000156679
        1395    -3.37169    -3.37213 0.000156567
        1396    -3.37195    -3.37213 0.000156455
        1397    -3.37176    -3.37213 0.000156343
        1398    -3.37186    -3.37213 0.000156231
        1399    -3.37167    -3.37212  0.00015612
        1400    -3.37162    -3.37212 0.000156009
        1401    -3.37188    -3.37212 0.000155898
        1402    -3.37169    -3.37212 0.000155787
        1403    -3.37194    -3.37212 0.000155676
        1404    -3.37175    -3.37212 0.000155565
        1405    -3.37155    -3.37212 0.000155455
        1406    -3.37166    -3.37212 0.000155345
        1407    -3.37176    -3.37212 0.000155234
        1408    -3.37157    -3.37212 0.000155125
        1409    -3.37137    -3.37212 0.000155015
        1410    -3.37148    -3.37212 0.000154906
        1411    -3.37113    -3.37212 0.000154798
        1412    -3.37094    -3.37212 0.000154691
        1413    -3.37074    -3.37212 0.000154584
        1414     -3.3707    -3.37212 0.000154478
        1415     -3.3708    -3.37212 0.000154372
        1416    -3.37076    -3.37212 0.000154266
        1417    -3.37042    -3.37211 0.000154162
        1418    -3.37053    -3.37211 0.000154057
        1419    -3.37033    -3.37211 0.000153953
        1420    -3.37014    -3.37211 0.000153851
        1421    -3.37025    -3.37211 0.000153749
        1422    -3.37021    -3.37211 0.000153646
        1423    -3.36987    -3.37211 0.000153546
        1424    -3.36968     -3.3721 0.000153448
        1425    -3.36995     -3.3721 0.000153348
        1426    -3.36991     -3.3721 0.000153248
        1427    -3.36987     -3.3721 0.000153148
        1428    -3.36969     -3.3721 0.000153051
        1429     -3.3698     -3.3721 0.000152952
        1430    -3.37022     -3.3721 0.000152851
        1431    -3.37004    -3.37209  0.00015275
        1432       -3.37    -3.37209 0.000152651
        1433    -3.36982    -3.37209 0.000152553
        1434    -3.36948    -3.37209 0.000152457
        1435     -3.3693    -3.37209 0.000152363
        1436    -3.36941    -3.37209 0.000152268
        1437    -3.36923    -3.37208 0.000152175
        1438     -3.3692    -3.37208 0.000152083
        1439    -3.36901    -3.37208 0.000151992
        1440    -3.36913    -3.37208   0.0001519
        1441    -3.36895    -3.37208  0.00015181
        1442    -3.36922    -3.37207 0.000151718
        1443    -3.36934    -3.37207 0.000151625
        1444    -3.36915    -3.37207 0.000151533
        1445    -3.36867    -3.37207 0.000151447
        1446    -3.36818    -3.37206 0.000151366
        1447    -3.36785    -3.37206 0.000151289
        1448    -3.36797    -3.37206 0.000151211
        1449    -3.36748    -3.37206  0.00015114
        1450    -3.36715    -3.37205 0.000151074
        1451    -3.36711    -3.37205 0.000151008
        1452    -3.36708    -3.37205 0.000150943
        1453    -3.36689    -3.37204  0.00015088
        1454    -3.36686    -3.37204 0.000150819
        1455    -3.36713    -3.37203 0.000150753
        1456     -3.3674    -3.37203 0.000150683
        1457    -3.36737    -3.37203 0.000150613
        1458    -3.36703    -3.37202 0.000150549
        1459    -3.36685    -3.37202 0.000150488
        1460    -3.36682    -3.37202 0.000150427
        1461    -3.36663    -3.37201 0.000150369
        1462     -3.3666    -3.37201 0.000150312
        1463    -3.36657    -3.37201 0.000150255
        1464    -3.36669      -3.372 0.000150196
        1465    -3.36636      -3.372 0.000150143
        1466    -3.36649      -3.372 0.000150088
        1467    -3.36631    -3.37199 0.000150036
        1468    -3.36598    -3.37199 0.000149989
        1469     -3.3658    -3.37198 0.000149946
        1470    -3.36548    -3.37198 0.000149909
        1471    -3.36546    -3.37197 0.000149873
        1472    -3.36544    -3.37197 0.000149837
        1473    -3.36542    -3.37197 0.000149801
        1474    -3.36525    -3.37196 0.000149769
        1475    -3.36524    -3.37196 0.000149737
        1476    -3.36522    -3.37195 0.000149705
        1477    -3.36551    -3.37195 0.000149667
        1478     -3.3655    -3.37194 0.000149629
        1479    -3.36564    -3.37194 0.000149589
        1480    -3.36579    -3.37193 0.000149545
        1481    -3.36593    -3.37193 0.000149499
        1482    -3.36593    -3.37193 0.000149453
        1483    -3.36593    -3.37192 0.000149407
        1484    -3.36593    -3.37192 0.000149361
        1485    -3.36578    -3.37191 0.000149317
        1486    -3.36594    -3.37191 0.000149271
        1487    -3.36625    -3.37191 0.000149219
        1488    -3.36626     -3.3719 0.000149167
        1489    -3.36642     -3.3719 0.000149113
        1490    -3.36628     -3.3719  0.00014906
        1491    -3.36629    -3.37189 0.000149008
        1492    -3.36616    -3.37189 0.000148957
        1493    -3.36603    -3.37188 0.000148909
        1494     -3.3662    -3.37188 0.000148858
        1495    -3.36652    -3.37188 0.000148802
        1496    -3.36655    -3.37187 0.000148745
        1497    -3.36657    -3.37187 0.000148688
        1498    -3.36645    -3.37187 0.000148633
        1499    -3.36663    -3.37186 0.000148574
        1500    -3.36666    -3.37186 0.000148516
        1501    -3.36684    -3.37186 0.000148455
        1502    -3.36718    -3.37185 0.000148388
        1503    -3.36707    -3.37185 0.000148324
        1504    -3.36711    -3.37185 0.000148259
        1505    -3.36715    -3.37184 0.000148193
        1506    -3.36734    -3.37184 0.000148125
        1507    -3.36724    -3.37184 0.000148058
        1508    -3.36729    -3.37183  0.00014799
        1509    -3.36749    -3.37183  0.00014792
        1510    -3.36754    -3.37183  0.00014785
        1511    -3.36744    -3.37183  0.00014778
        1512    -3.36779    -3.37182 0.000147707
        1513      -3.368    -3.37182 0.000147631
        1514    -3.36806    -3.37182 0.000147554
        1515    -3.36797    -3.37181 0.000147478
        1516    -3.36818    -3.37181 0.000147401
        1517     -3.3681    -3.37181 0.000147324
        1518    -3.36831    -3.37181 0.000147245
        1519    -3.36853    -3.37181 0.000147164
        1520     -3.3686     -3.3718 0.000147082
        1521    -3.36852     -3.3718 0.000147001
        1522    -3.36875     -3.3718 0.000146918
        1523    -3.36882     -3.3718 0.000146835
        1524    -3.36889     -3.3718 0.000146751
        1525    -3.36897    -3.37179 0.000146666
        1526    -3.36905    -3.37179 0.000146581
        1527    -3.36897    -3.37179 0.000146497
        1528    -3.36905    -3.37179 0.000146412
        1529    -3.36883    -3.37179 0.000146329
        1530    -3.36921    -3.37178 0.000146243
        1531    -3.36944    -3.37178 0.000146155
        1532    -3.36967    -3.37178 0.000146066
        1533    -3.37005    -3.37178 0.000145976
        1534    -3.36982    -3.37178 0.000145886
        1535     -3.3696    -3.37178 0.000145798
        1536    -3.36953    -3.37178  0.00014571
        1537    -3.36945    -3.37177 0.000145623
        1538    -3.36982    -3.37177 0.000145534
        1539    -3.36974    -3.37177 0.000145446
        1540    -3.36951    -3.37177 0.000145359
        1541    -3.36957    -3.37177 0.000145271
        1542    -3.36949    -3.37177 0.000145185
        1543     -3.3697    -3.37177 0.000145097
        1544    -3.36991    -3.37177 0.000145008
        1545    -3.36996    -3.37176 0.000144919
        1546    -3.36986    -3.37176  0.00014483
        1547    -3.36991    -3.37176 0.000144741
        1548    -3.36995    -3.37176 0.000144653
        1549    -3.37014    -3.37176 0.000144563
        1550    -3.37048    -3.37176 0.000144472
        1551    -3.37021    -3.37176 0.000144382
        1552    -3.37024    -3.37176 0.000144293
        1553    -3.37056    -3.37176 0.000144202
        1554    -3.37043    -3.37176 0.000144112
        1555    -3.37059    -3.37175 0.000144021
        1556    -3.37106    -3.37175 0.000143929
        1557    -3.37121    -3.37175 0.000143837
        1558    -3.37091    -3.37175 0.000143746
        1559    -3.37091    -3.37175 0.000143654
        1560    -3.37075    -3.37175 0.000143564
        1561    -3.37089    -3.37175 0.000143473
        1562    -3.37087    -3.37175 0.000143382
        1563    -3.37085    -3.37175 0.000143292
        1564    -3.37053    -3.37175 0.000143202
        1565    -3.37065    -3.37175 0.000143112
        1566    -3.37077    -3.37175 0.000143022
        1567    -3.37074    -3.37175 0.000142932
        1568    -3.37055    -3.37175 0.000142843
        1569    -3.37096    -3.37175 0.000142753
        1570    -3.37153    -3.37175 0.000142662
        1571    -3.37163    -3.37175 0.000142572
        1572    -3.37098    -3.37175 0.000142482
        1573    -3.37093    -3.37174 0.000142392
        1574    -3.37088    -3.37174 0.000142303
        1575    -3.37097    -3.37174 0.000142213
        1576    -3.37077    -3.37174 0.000142124
        1577    -3.37041    -3.37174 0.000142037
        1578     -3.3702    -3.37174  0.00014195
        1579    -3.37029    -3.37174 0.000141863
        1580    -3.37037    -3.37174 0.000141776
        1581    -3.37031    -3.37174 0.000141689
        1582    -3.37025    -3.37174 0.000141603
        1583    -3.37034    -3.37174 0.000141516
        1584    -3.37012    -3.37174  0.00014143
        1585    -3.37082    -3.37174 0.000141342
        1586     -3.3703    -3.37173 0.000141256
        1587    -3.37024    -3.37173  0.00014117
        1588    -3.36988    -3.37173 0.000141086
        1589    -3.36966    -3.37173 0.000141003
        1590     -3.3696    -3.37173 0.000140921
        1591    -3.36954    -3.37173 0.000140839
        1592    -3.36964    -3.37173 0.000140757
        1593    -3.36958    -3.37173 0.000140675
        1594    -3.36968    -3.37172 0.000140592
        1595    -3.36977    -3.37172  0.00014051
        1596    -3.36987    -3.37172 0.000140426
        1597    -3.37012    -3.37172 0.000140342
        1598    -3.36977    -3.37172  0.00014026
        1599    -3.36988    -3.37172 0.000140177
        1600    -3.36968    -3.37172 0.000140095
        1601    -3.36949    -3.37172 0.000140014
        1602    -3.36915    -3.37171 0.000139936
        1603    -3.36957    -3.37171 0.000139855
        1604    -3.36923    -3.37171 0.000139776
        1605     -3.3692    -3.37171 0.000139698
        1606    -3.36902    -3.37171 0.000139621
        1607    -3.36884    -3.37171 0.000139546
        1608    -3.36897     -3.3717 0.000139469
        1609    -3.36895     -3.3717 0.000139393
        1610    -3.36893     -3.3717 0.000139317
        1611    -3.36876     -3.3717 0.000139243
        1612    -3.36875     -3.3717 0.000139168
        1613    -3.36874     -3.3717 0.000139094
        1614    -3.36888    -3.37169 0.000139019
        1615    -3.36917    -3.37169 0.000138942
        1616    -3.36932    -3.37169 0.000138863
        1617    -3.36932    -3.37169 0.000138785
        1618    -3.36962    -3.37169 0.000138705
        1619    -3.36947    -3.37169 0.000138626
        1620    -3.36933    -3.37169 0.000138548
        1621    -3.36934    -3.37168  0.00013847
        1622    -3.36934    -3.37168 0.000138393
        1623    -3.36935    -3.37168 0.000138315
        1624    -3.36952    -3.37168 0.000138236
        1625    -3.36968    -3.37168 0.000138156
        1626    -3.36955    -3.37168 0.000138078
        1627    -3.36911    -3.37168 0.000138002
        1628    -3.36913    -3.37167 0.000137926
        1629    -3.36915    -3.37167  0.00013785
        1630    -3.36932    -3.37167 0.000137773
        1631    -3.36919    -3.37167 0.000137697
        1632    -3.36921    -3.37167 0.000137621
        1633    -3.36893    -3.37167 0.000137547
        1634    -3.36925    -3.37166 0.000137471
        1635    -3.36927    -3.37166 0.000137394
        1636    -3.36945    -3.37166 0.000137317
        1637    -3.36947    -3.37166  0.00013724
        1638    -3.36964    -3.37166 0.000137161
        1639    -3.36966    -3.37166 0.000137083
        1640    -3.36953    -3.37166 0.000137006
        1641    -3.36955    -3.37166 0.000136928
        1642    -3.36957    -3.37165 0.000136851
        1643    -3.36959    -3.37165 0.000136773
        1644    -3.36976    -3.37165 0.000136695
        1645    -3.36993    -3.37165 0.000136616
        1646    -3.36995    -3.37165 0.000136537
        1647    -3.36997    -3.37165 0.000136457
        1648    -3.36998    -3.37165 0.000136378
        1649       -3.37    -3.37165 0.000136299
        1650    -3.37016    -3.37165  0.00013622
        1651    -3.37002    -3.37165 0.000136141
        1652    -3.37033    -3.37164 0.000136061
        1653    -3.37034    -3.37164 0.000135981
        1654    -3.37035    -3.37164 0.000135901
        1655    -3.37065    -3.37164  0.00013582
        1656    -3.37081    -3.37164 0.000135739
        1657    -3.37081    -3.37164 0.000135658
        1658    -3.37051    -3.37164 0.000135578
        1659     -3.3702    -3.37164 0.000135499
        1660     -3.3702    -3.37164  0.00013542
        1661    -3.37035    -3.37164 0.000135341
        1662    -3.37019    -3.37164 0.000135262
        1663    -3.37033    -3.37164 0.000135183
        1664    -3.37047    -3.37164 0.000135104
        1665    -3.37046    -3.37163 0.000135024
        1666     -3.3706    -3.37163 0.000134945
        1667    -3.37059    -3.37163 0.000134865
        1668    -3.37058    -3.37163 0.000134786
        1669    -3.37071    -3.37163 0.000134706
        1670    -3.37054    -3.37163 0.000134627
        1671    -3.37067    -3.37163 0.000134548
        1672    -3.37065    -3.37163 0.000134468
        1673    -3.37033    -3.37163  0.00013439
        1674    -3.37061    -3.37163 0.000134311
        1675    -3.37089    -3.37163 0.000134232
        1676    -3.37117    -3.37163 0.000134152
        1677    -3.37114    -3.37163 0.000134073
        1678    -3.37097    -3.37163 0.000133993
        1679    -3.37094    -3.37163 0.000133914
        1680    -3.37062    -3.37163 0.000133836
        1681    -3.37074    -3.37163 0.000133757
        1682    -3.37087    -3.37163 0.000133678
        1683    -3.37114    -3.37163 0.000133599
        1684    -3.37142    -3.37163  0.00013352
        1685    -3.37124    -3.37163 0.000133441
        1686    -3.37167    -3.37163 0.000133362
        1687    -3.37164    -3.37163 0.000133283
        1688    -3.37162    -3.37163 0.000133204
        1689    -3.37145    -3.37163 0.000133125
        1690    -3.37142    -3.37162 0.000133046
        1691    -3.37186    -3.37163 0.000132968
        1692    -3.37153    -3.37163 0.000132889
        1693    -3.37121    -3.37162 0.000132811
        1694    -3.37089    -3.37162 0.000132733
        1695    -3.37102    -3.37162 0.000132655
        1696    -3.37116    -3.37162 0.000132577
        1697    -3.37099    -3.37162   0.0001325
        1698    -3.37038    -3.37162 0.000132424
        1699    -3.37007    -3.37162 0.000132349
        1700    -3.37006    -3.37162 0.000132274
        1701    -3.37035    -3.37162 0.000132199
        1702    -3.37034    -3.37162 0.000132123
        1703    -3.37064    -3.37162 0.000132047
        1704    -3.37064    -3.37162  0.00013197
        1705    -3.37034    -3.37162 0.000131895
        1706    -3.37049    -3.37162  0.00013182
        1707    -3.37049    -3.37162 0.000131744
        1708    -3.37049    -3.37162 0.000131668
        1709     -3.3705    -3.37161 0.000131593
        1710    -3.37051    -3.37161 0.000131518
        1711    -3.37082    -3.37161 0.000131442
        1712    -3.37114    -3.37161 0.000131365
        1713    -3.37115    -3.37161 0.000131289
        1714    -3.37116    -3.37161 0.000131212
        1715    -3.37088    -3.37161 0.000131137
        1716    -3.37074    -3.37161 0.000131061
        1717    -3.37061    -3.37161 0.000130986
        1718    -3.37033    -3.37161 0.000130912
        1719    -3.37005    -3.37161 0.000130839
        1720    -3.37022    -3.37161 0.000130765
        1721     -3.3701    -3.37161 0.000130692
        1722    -3.36997    -3.37161  0.00013062
        1723    -3.37015    -3.37161 0.000130547
        1724    -3.37017    -3.37161 0.000130474
        1725    -3.37035     -3.3716   0.0001304
        1726    -3.37023     -3.3716 0.000130327
        1727     -3.3704     -3.3716 0.000130253
        1728    -3.37043     -3.3716  0.00013018
        1729    -3.37001     -3.3716 0.000130108
        1730    -3.37003     -3.3716 0.000130036
        1731    -3.37006     -3.3716 0.000129964
        1732    -3.37009     -3.3716 0.000129892
        1733    -3.37027     -3.3716 0.000129819
        1734     -3.3706     -3.3716 0.000129745
        1735    -3.37078     -3.3716 0.000129671
        1736    -3.37111     -3.3716 0.000129597
        1737    -3.37129     -3.3716 0.000129522
        1738    -3.37131     -3.3716 0.000129448
        1739    -3.37134     -3.3716 0.000129374
        1740    -3.37151     -3.3716 0.000129299
        1741    -3.37169     -3.3716 0.000129225
        1742    -3.37201     -3.3716 0.000129151
        1743    -3.37204     -3.3716 0.000129077
        1744    -3.37206     -3.3716 0.000129004
        1745    -3.37192     -3.3716  0.00012893
        1746    -3.37225     -3.3716 0.000128856
        1747    -3.37226     -3.3716 0.000128783
        1748    -3.37258     -3.3716 0.000128711
        1749    -3.37275     -3.3716 0.000128639
        1750    -3.37246     -3.3716 0.000128566
        1751    -3.37232     -3.3716 0.000128494
        1752    -3.37233     -3.3716 0.000128421
        1753    -3.37219     -3.3716 0.000128348
        1754     -3.3722     -3.3716 0.000128275
        1755    -3.37206     -3.3716 0.000128203
        1756    -3.37222     -3.3716  0.00012813
        1757    -3.37222     -3.3716 0.000128058
        1758    -3.37222     -3.3716 0.000127985
        1759    -3.37268     -3.3716 0.000127914
        1760    -3.37253     -3.3716 0.000127842
        1761    -3.37253     -3.3716 0.000127771
        1762    -3.37253     -3.3716 0.000127699
        1763    -3.37238    -3.37161 0.000127628
        1764    -3.37238    -3.37161 0.000127556
        1765    -3.37253    -3.37161 0.000127485
        1766    -3.37282    -3.37161 0.000127415
        1767    -3.37252    -3.37161 0.000127344
        1768    -3.37266    -3.37161 0.000127273
        1769    -3.37251    -3.37161 0.000127202
        1770     -3.3725    -3.37161 0.000127131
        1771     -3.3728    -3.37161 0.000127061
        1772    -3.37249    -3.37161  0.00012699
        1773    -3.37248    -3.37161  0.00012692
        1774    -3.37248    -3.37161 0.000126849
        1775    -3.37292    -3.37161  0.00012678
        1776    -3.37261    -3.37161  0.00012671
        1777    -3.37261    -3.37161  0.00012664
        1778     -3.3726    -3.37161  0.00012657
        1779    -3.37244    -3.37161 0.000126499
        1780    -3.37259    -3.37161 0.000126429
        1781    -3.37258    -3.37162  0.00012636
        1782    -3.37258    -3.37162  0.00012629
        1783    -3.37257    -3.37162  0.00012622
        1784    -3.37242    -3.37162  0.00012615
        1785    -3.37227    -3.37162  0.00012608
        1786    -3.37257    -3.37162 0.000126011
        1787    -3.37226    -3.37162 0.000125941
        1788    -3.37241    -3.37162 0.000125871
        1789    -3.37271    -3.37162 0.000125802
        1790    -3.37272    -3.37162 0.000125733
        1791    -3.37257    -3.37162 0.000125664
        1792    -3.37287    -3.37162 0.000125596
        1793    -3.37272    -3.37162 0.000125527
        1794    -3.37258    -3.37162 0.000125459
        1795    -3.37228    -3.37162 0.000125389
        1796    -3.37213    -3.37162  0.00012532
        1797    -3.37229    -3.37162 0.000125251
        1798     -3.3723    -3.37162 0.000125181
        1799      -3.372    -3.37162 0.000125112
        1800    -3.37201    -3.37162 0.000125043
        1801    -3.37217    -3.37162 0.000124974
        1802    -3.37233    -3.37162 0.000124905
        1803    -3.37249    -3.37162 0.000124837
        1804     -3.3728    -3.37163 0.000124769
        1805    -3.37311    -3.37163 0.000124703
        1806    -3.37282    -3.37163 0.000124635
        1807    -3.37328    -3.37163  0.00012457
        1808    -3.37314    -3.37163 0.000124504
        1809    -3.37315    -3.37163 0.000124438
        1810      -3.373    -3.37163 0.000124371
        1811    -3.37332    -3.37163 0.000124306
        1812    -3.37332    -3.37163 0.000124241
        1813    -3.37318    -3.37163 0.000124175
        1814    -3.37304    -3.37163 0.000124109
        1815    -3.37274    -3.37163 0.000124042
        1816    -3.37275    -3.37164 0.000123976
        1817    -3.37305    -3.37164  0.00012391
        1818     -3.3729    -3.37164 0.000123844
        1819    -3.37336    -3.37164 0.000123779
        1820    -3.37321    -3.37164 0.000123714
        1821    -3.37351    -3.37164  0.00012365
        1822    -3.37367    -3.37164 0.000123588
        1823    -3.37397    -3.37164 0.000123526
        1824    -3.37427    -3.37164 0.000123467
        1825    -3.37411    -3.37164 0.000123407
        1826    -3.37396    -3.37165 0.000123346
        1827    -3.37365    -3.37165 0.000123283
        1828    -3.37349    -3.37165  0.00012322
        1829    -3.37349    -3.37165 0.000123157
        1830    -3.37363    -3.37165 0.000123094
        1831    -3.37347    -3.37165 0.000123031
        1832    -3.37391    -3.37165  0.00012297
        1833    -3.37405    -3.37165  0.00012291
        1834    -3.37389    -3.37165 0.000122849
        1835    -3.37403    -3.37166 0.000122789
        1836    -3.37447    -3.37166 0.000122731
        1837    -3.37446    -3.37166 0.000122674
        1838    -3.37444    -3.37166 0.000122617
        1839    -3.37443    -3.37166 0.000122559
        1840    -3.37411    -3.37166   0.0001225
        1841    -3.37394    -3.37166 0.000122439
        1842    -3.37378    -3.37167 0.000122378
        1843    -3.37406    -3.37167 0.000122319
        1844    -3.37389    -3.37167 0.000122258
        1845    -3.37388    -3.37167 0.000122198
        1846    -3.37386    -3.37167 0.000122138
        1847      -3.374    -3.37167 0.000122078
        1848    -3.37368    -3.37167 0.000122017
        1849    -3.37367    -3.37167 0.000121956
        1850    -3.37335    -3.37168 0.000121893
        1851    -3.37334    -3.37168  0.00012183
        1852    -3.37317    -3.37168 0.000121767
        1853    -3.37301    -3.37168 0.000121704
        1854    -3.37315    -3.37168 0.000121641
        1855    -3.37298    -3.37168 0.000121577
        1856    -3.37282    -3.37168 0.000121513
        1857    -3.37281    -3.37168 0.000121449
        1858     -3.3725    -3.37168 0.000121385
        1859    -3.37265    -3.37168 0.000121321
        1860    -3.37264    -3.37168 0.000121256
        1861    -3.37279    -3.37168 0.000121193
        1862    -3.37278    -3.37168 0.000121129
        1863    -3.37278    -3.37168 0.000121065
        1864    -3.37263    -3.37168 0.000121002
        1865    -3.37278    -3.37168 0.000120938
        1866    -3.37278    -3.37169 0.000120875
        1867    -3.37278    -3.37169 0.000120811
        1868    -3.37278    -3.37169 0.000120748
        1869    -3.37263    -3.37169 0.000120685
        1870    -3.37263    -3.37169 0.000120621
        1871    -3.37248    -3.37169 0.000120557
        1872    -3.37249    -3.37169 0.000120494
        1873    -3.37249    -3.37169  0.00012043
        1874     -3.3722    -3.37169 0.000120366
        1875    -3.37235    -3.37169 0.000120302
        1876    -3.37221    -3.37169 0.000120239
        1877    -3.37207    -3.37169 0.000120175
        1878    -3.37222    -3.37169 0.000120111
        1879    -3.37208    -3.37169 0.000120047
        1880    -3.37239    -3.37169 0.000119984
        1881    -3.37225    -3.37169 0.000119921
        1882    -3.37211    -3.37169 0.000119857
        1883    -3.37227    -3.37169 0.000119794
        1884    -3.37227    -3.37169 0.000119731
        1885    -3.37243    -3.37169 0.000119668
        1886    -3.37244    -3.37169 0.000119605
        1887    -3.37215    -3.37169 0.000119542
        1888    -3.37201    -3.37169 0.000119479
        1889    -3.37216    -3.37169 0.000119416
        1890    -3.37202    -3.37169 0.000119353
        1891    -3.37173    -3.37169  0.00011929
        1892    -3.37203    -3.37169 0.000119227
        1893    -3.37174    -3.37169 0.000119164
        1894    -3.37159    -3.37169 0.000119101
        1895    -3.37175    -3.37169 0.000119038
        1896     -3.3716    -3.37169 0.000118975
        1897    -3.37176    -3.37169 0.000118912
        1898    -3.37161    -3.37169  0.00011885
        1899    -3.37192    -3.37169 0.000118787
        1900    -3.37162    -3.37169 0.000118725
        1901    -3.37162    -3.37169 0.000118662
        1902    -3.37117    -3.37169   0.0001186
        1903    -3.37117    -3.37169 0.000118538
        1904    -3.37101    -3.37169 0.000118477
        1905    -3.37131    -3.37169 0.000118414
        1906    -3.37116    -3.37169 0.000118353
        1907    -3.37131    -3.37169 0.000118291
        1908    -3.37146    -3.37169 0.000118229
        1909     -3.3716    -3.37169 0.000118167
        1910     -3.3716    -3.37169 0.000118105
        1911    -3.37159    -3.37169 0.000118043
        1912    -3.37158    -3.37169 0.000117982
        1913    -3.37127    -3.37169  0.00011792
        1914    -3.37126    -3.37169 0.000117859
        1915     -3.3714    -3.37169 0.000117797
        1916    -3.37139    -3.37169 0.000117736
        1917    -3.37153    -3.37169 0.000117674
        1918    -3.37167    -3.37169 0.000117613
        1919    -3.37181    -3.37169 0.000117552
        1920    -3.37179    -3.37169 0.000117491
        1921    -3.37208    -3.37169  0.00011743
        1922    -3.37161    -3.37169 0.000117369
        1923    -3.37159    -3.37169 0.000117308
        1924    -3.37157    -3.37169 0.000117247
        1925     -3.3717    -3.37169 0.000117186
        1926    -3.37183    -3.37169 0.000117125
        1927    -3.37166    -3.37169 0.000117064
        1928    -3.37163    -3.37169 0.000117003
        1929    -3.37176    -3.37169 0.000116943
        1930    -3.37143    -3.37169 0.000116882
        1931    -3.37156    -3.37169 0.000116822
        1932    -3.37183    -3.37169 0.000116761
        1933    -3.37195    -3.37169 0.000116701
        1934    -3.37207    -3.37169 0.000116641
        1935    -3.37249    -3.37169 0.000116581
        1936    -3.37261    -3.37169 0.000116522
        1937    -3.37288    -3.37169 0.000116463
        1938    -3.37299    -3.37169 0.000116405
        1939    -3.37281    -3.37169 0.000116347
        1940    -3.37262    -3.37169 0.000116288
        1941    -3.37258    -3.37169 0.000116229
        1942    -3.37269     -3.3717  0.00011617
        1943    -3.37281     -3.3717 0.000116112
        1944    -3.37262     -3.3717 0.000116053
        1945    -3.37273     -3.3717 0.000115994
        1946    -3.37284     -3.3717 0.000115936
        1947    -3.37234     -3.3717 0.000115877
        1948     -3.3723     -3.3717 0.000115818
        1949    -3.37211     -3.3717 0.000115759
        1950    -3.37176     -3.3717 0.000115699
        1951    -3.37172     -3.3717  0.00011564
        1952    -3.37183     -3.3717 0.000115581
        1953    -3.37179     -3.3717 0.000115522
        1954    -3.37189     -3.3717 0.000115463
        1955     -3.3717     -3.3717 0.000115404
        1956    -3.37166     -3.3717 0.000115345
        1957    -3.37162     -3.3717 0.000115286
        1958    -3.37129     -3.3717 0.000115227
        1959    -3.37095     -3.3717 0.000115169
        1960    -3.37091     -3.3717 0.000115111
        1961    -3.37073     -3.3717 0.000115053
        1962    -3.37055     -3.3717 0.000114996
        1963    -3.37082     -3.3717 0.000114938
        1964     -3.3714     -3.3717  0.00011488
        1965    -3.37137     -3.3717 0.000114821
        1966     -3.3715     -3.3717 0.000114763
        1967    -3.37148     -3.3717 0.000114705
        1968    -3.37162     -3.3717 0.000114647
        1969    -3.37191     -3.3717 0.000114588
        1970     -3.3722     -3.3717  0.00011453
        1971     -3.3722     -3.3717 0.000114473
        1972    -3.37219     -3.3717 0.000114415
        1973    -3.37219     -3.3717 0.000114357
        1974     -3.3722     -3.3717   0.0001143
        1975    -3.37221     -3.3717 0.000114242
        1976    -3.37207     -3.3717 0.000114184
        1977    -3.37209     -3.3717 0.000114127
        1978    -3.37166     -3.3717 0.000114069
        1979    -3.37138     -3.3717 0.000114011
        1980    -3.37126     -3.3717 0.000113954
        1981     -3.3713     -3.3717 0.000113897
        1982    -3.37134     -3.3717 0.000113839
        1983    -3.37138     -3.3717 0.000113782
        1984    -3.37158     -3.3717 0.000113725
        1985    -3.37164     -3.3717 0.000113668
        1986    -3.37154     -3.3717  0.00011361
        1987     -3.3713     -3.3717 0.000113553
        1988    -3.37137     -3.3717 0.000113496
        1989    -3.37174     -3.3717 0.000113439
        1990    -3.37197     -3.3717 0.000113382
        1991     -3.3719     -3.3717 0.000113325
        1992    -3.37183     -3.3717 0.000113269
        1993    -3.37192     -3.3717 0.000113212
        1994    -3.37185     -3.3717 0.000113155
        1995    -3.37195     -3.3717 0.000113098
        1996    -3.37204     -3.3717 0.000113042
        1997    -3.37214     -3.3717 0.000112985
        1998    -3.37209     -3.3717 0.000112929
        1999    -3.37234     -3.3717 0.000112873
        2000    -3.37214     -3.3717 0.000112817
