           1    -6.36472    -6.36472           0
           2    -6.36464    -6.36468 2.90074e-05
           3     -6.3645    -6.36462 5.20736e-05
           4    -6.36431    -6.36454 7.75797e-05
           5    -6.36406    -6.36445 0.000105651
           6    -6.36376    -6.36433 0.000136173
           7    -6.36341     -6.3642 0.000169012
           8      -6.363    -6.36405 0.000204051
           9    -6.36253    -6.36388 0.000241188
          10    -6.36201    -6.36369  0.00028034
          11    -6.36143    -6.36349 0.000321439
          12     -6.3608    -6.36326 0.000364428
          13    -6.36011    -6.36302 0.000409258
          14    -6.35936    -6.36276 0.000455893
          15    -6.35856    -6.36248   0.0005043
          16    -6.35769    -6.36218 0.000554454
          17    -6.35677    -6.36186 0.000606337
          18    -6.35579    -6.36153 0.000659934
          19    -6.35474    -6.36117 0.000715235
          20    -6.35364    -6.36079 0.000772233
          21    -6.35247     -6.3604 0.000830927
          22    -6.35124    -6.35998 0.000891316
          23    -6.34994    -6.35954 0.000953404
          24    -6.34858    -6.35909   0.0010172
          25    -6.34715    -6.35861   0.0010827
          26    -6.34551    -6.35811  0.00115235
          27    -6.34395    -6.35758   0.0012232
          28    -6.34231    -6.35704  0.00129538
          29    -6.34061    -6.35647    0.001369
          30    -6.33883    -6.35588  0.00144413
          31    -6.33698    -6.35527  0.00152087
          32    -6.33475    -6.35463  0.00160289
          33    -6.33274    -6.35397  0.00168596
          34    -6.33036    -6.35327  0.00177359
          35     -6.3282    -6.35256  0.00186199
          36     -6.3258    -6.35181  0.00195294
          37    -6.32333    -6.35104   0.0020463
          38    -6.32076    -6.35025  0.00214198
          39    -6.31796    -6.34942   0.0022413
          40    -6.31508    -6.34856  0.00234395
          41    -6.31225    -6.34767  0.00244839
          42    -6.30903    -6.34675  0.00255717
          43    -6.30601    -6.34581  0.00266746
          44    -6.30245    -6.34482  0.00278289
          45    -6.29894     -6.3438  0.00290181
          46    -6.29518    -6.34274  0.00302511
          47    -6.29162    -6.34166  0.00315024
          48    -6.28796    -6.34054  0.00327726
          49    -6.28403    -6.33939  0.00340723
          50    -6.28015     -6.3382  0.00353906
          51    -6.27585    -6.33698  0.00367474
          52    -6.27175    -6.33572  0.00381218
          53    -6.26767    -6.33444  0.00395058
          54    -6.26348    -6.33313  0.00409016
          55     -6.2587    -6.33177   0.0042337
          56    -6.25426    -6.33039  0.00437851
          57    -6.24939    -6.32897  0.00452641
          58    -6.24439    -6.32751  0.00467737
          59    -6.23865      -6.326  0.00483448
          60    -6.23323    -6.32446  0.00499504
          61    -6.22768    -6.32287  0.00515897
          62    -6.22228    -6.32125  0.00532477
          63    -6.21674    -6.31959  0.00549258
          64    -6.21075    -6.31789  0.00566392
          65    -6.20491    -6.31615  0.00583738
          66    -6.19892    -6.31437   0.0060131
          67    -6.19308    -6.31256  0.00618989
          68    -6.18617     -6.3107  0.00637184
          69    -6.17985    -6.30881  0.00655562
          70    -6.17353    -6.30688  0.00674082
          71    -6.16703    -6.30491  0.00692767
          72    -6.15991    -6.30289  0.00711813
          73    -6.15292    -6.30084  0.00731107
          74      -6.145    -6.29873  0.00750943
          75    -6.13751    -6.29658  0.00771083
          76    -6.12999    -6.29439  0.00791479
          77    -6.12259    -6.29216  0.00812039
          78     -6.1144    -6.28988  0.00832992
          79    -6.10603    -6.28755  0.00854339
          80    -6.09746    -6.28518  0.00876081
          81      -6.089    -6.28276  0.00898118
          82     -6.0805    -6.28029  0.00920412
          83    -6.07165    -6.27777  0.00943024
          84    -6.06245    -6.27521  0.00966008
          85    -6.05305     -6.2726  0.00989369
          86    -6.04376    -6.26994   0.0101302
          87    -6.03396    -6.26722   0.0103705
          88     -6.0238    -6.26446   0.0106152
          89    -6.01374    -6.26164   0.0108633
          90    -6.00363    -6.25877   0.0111144
          91    -5.99301    -6.25585   0.0113695
          92    -5.98203    -6.25288    0.011629
          93     -5.9713    -6.24985   0.0118915
          94    -5.96066    -6.24677   0.0121565
          95    -5.94952    -6.24364   0.0124247
          96    -5.93802    -6.24046   0.0126966
          97    -5.92662    -6.23723   0.0129714
          98    -5.91456    -6.23393   0.0132503
          99    -5.90261    -6.23059   0.0135325
         100    -5.89045    -6.22718    0.013818
         101    -5.87795    -6.22373   0.0141072
         102    -5.86556    -6.22022   0.0143993
         103    -5.85283    -6.21665   0.0146946
         104    -5.83991    -6.21303   0.0149932
         105    -5.82651    -6.20935   0.0152956
         106    -5.81353    -6.20561   0.0156005
         107    -5.80022    -6.20182   0.0159081
         108     -5.7866    -6.19798   0.0162187
         109    -5.77297    -6.19408    0.016532
         110    -5.75903    -6.19012   0.0168481
         111    -5.74508    -6.18611   0.0171668
         112    -5.73039    -6.18205   0.0174891
         113    -5.71616    -6.17792   0.0178136
         114     -5.7018    -6.17375   0.0181404
         115    -5.68717    -6.16951   0.0184695
         116    -5.67257    -6.16523   0.0188005
         117    -5.65787    -6.16089   0.0191334
         118    -5.64322    -6.15651   0.0194677
         119    -5.62788    -6.15207   0.0198045
         120    -5.61291    -6.14757   0.0201426
         121    -5.59787    -6.14303   0.0204821
         122    -5.58247    -6.13843   0.0208232
         123    -5.56687    -6.13379    0.021166
         124    -5.55153    -6.12909   0.0215099
         125    -5.53586    -6.12435   0.0218551
         126    -5.52062    -6.11955   0.0222007
         127    -5.50508    -6.11472   0.0225469
         128    -5.48969    -6.10983   0.0228934
         129    -5.47493    -6.10491    0.023239
         130    -5.45959    -6.09995   0.0235845
         131    -5.44459    -6.09494   0.0239291
         132    -5.42903     -6.0899   0.0242738
         133    -5.41353    -6.08481   0.0246183
         134    -5.39886     -6.0797   0.0249611
         135    -5.38352    -6.07454   0.0253033
         136    -5.36857    -6.06935   0.0256442
         137    -5.35387    -6.06412   0.0259833
         138    -5.33945    -6.05887   0.0263203
         139    -5.32484    -6.05359   0.0266555
         140    -5.31037    -6.04828   0.0269885
         141    -5.29605    -6.04295   0.0273193
         142    -5.28203    -6.03759   0.0276475
         143    -5.26772    -6.03221   0.0279734
         144    -5.25344     -6.0268   0.0282971
         145    -5.23994    -6.02137   0.0286176
         146    -5.22678    -6.01593   0.0289344
         147    -5.21337    -6.01047   0.0292482
         148    -5.20047      -6.005   0.0295582
         149    -5.18778    -5.99951   0.0298643
         150    -5.17501    -5.99402   0.0301668
         151    -5.16262    -5.98851   0.0304653
         152    -5.15047      -5.983   0.0307597
         153    -5.13871    -5.97748   0.0310497
         154    -5.12689    -5.97195   0.0313355
         155    -5.11562    -5.96643   0.0316166
         156    -5.10431     -5.9609   0.0318933
         157    -5.09326    -5.95538   0.0321654
         158    -5.08247    -5.94985   0.0324328
         159    -5.07226    -5.94433   0.0326951
         160    -5.06231    -5.93882   0.0329522
         161    -5.05234    -5.93331   0.0332044
         162    -5.04234    -5.92781   0.0334518
         163    -5.03338    -5.92233   0.0336936
         164    -5.02394    -5.91685   0.0339306
         165    -5.01553    -5.91139   0.0341618
         166    -5.00711    -5.90594   0.0343876
         167    -4.99927    -5.90051   0.0346076
         168    -4.99172     -5.8951   0.0348218
         169    -4.98429    -5.88971   0.0350303
         170    -4.97715    -5.88434   0.0352332
         171    -4.96999      -5.879   0.0354306
         172    -4.96341    -5.87367   0.0356222
         173    -4.95726    -5.86838    0.035808
         174    -4.95138    -5.86311   0.0359879
         175    -4.94548    -5.85786   0.0361623
         176       -4.94    -5.85265   0.0363309
         177    -4.93433    -5.84746   0.0364942
         178    -4.92924     -5.8423    0.036652
         179    -4.92455    -5.83717   0.0368041
         180    -4.92028    -5.83208   0.0369504
         181    -4.91626    -5.82702   0.0370911
         182     -4.9125    -5.82199   0.0372261
         183    -4.90883      -5.817   0.0373556
         184    -4.90556    -5.81205   0.0374796
         185    -4.90222    -5.80713   0.0375983
         186    -4.89897    -5.80225   0.0377118
         187     -4.8961    -5.79741   0.0378202
         188     -4.8936     -5.7926   0.0379234
         189    -4.89117    -5.78783   0.0380214
         190    -4.88941     -5.7831   0.0381142
         191    -4.88725    -5.77841   0.0382022
         192     -4.8853    -5.77376   0.0382854
         193    -4.88354    -5.76915   0.0383638
         194    -4.88243    -5.76457   0.0384374
         195    -4.88136    -5.76005   0.0385062
         196    -4.88047    -5.75556   0.0385704
         197    -4.87991    -5.75111   0.0386298
         198    -4.87921    -5.74671   0.0386849
         199    -4.87898    -5.74235   0.0387355
         200    -4.87921    -5.73803   0.0387815
         201    -4.87915    -5.73376   0.0388232
         202    -4.87908    -5.72953   0.0388609
         203    -4.87915    -5.72534   0.0388946
         204     -4.8795    -5.72119   0.0389243
         205    -4.87969    -5.71709   0.0389503
         206       -4.88    -5.71302   0.0389726
         207    -4.88058      -5.709   0.0389913
         208    -4.88127    -5.70502   0.0390064
         209    -4.88207    -5.70109    0.039018
         210    -4.88358    -5.69719   0.0390259
         211    -4.88488    -5.69334   0.0390303
         212    -4.88583    -5.68953   0.0390317
         213      -4.887    -5.68577   0.0390298
         214    -4.88842    -5.68204   0.0390249
         215    -4.88975    -5.67836    0.039017
         216    -4.89101    -5.67471   0.0390063
         217    -4.89202     -5.6711   0.0389929
         218    -4.89355    -5.66754   0.0389768
         219    -4.89513    -5.66401   0.0389581
         220    -4.89737    -5.66053   0.0389366
         221     -4.8989    -5.65708   0.0389126
         222    -4.90061    -5.65367   0.0388862
         223    -4.90236     -5.6503   0.0388575
         224    -4.90429    -5.64697   0.0388265
         225    -4.90625    -5.64368   0.0387933
         226    -4.90838    -5.64043   0.0387578
         227    -4.90992    -5.63721   0.0387204
         228    -4.91178    -5.63403   0.0386811
         229    -4.91349    -5.63088     0.03864
         230    -4.91521    -5.62777    0.038597
         231    -4.91723    -5.62469   0.0385523
         232    -4.91941    -5.62165   0.0385058
         233    -4.92143    -5.61865   0.0384577
         234    -4.92344    -5.61568   0.0384079
         235    -4.92513    -5.61274   0.0383567
         236    -4.92682    -5.60983   0.0383041
         237    -4.92879    -5.60696   0.0382501
         238    -4.93045    -5.60412   0.0381949
         239    -4.93193     -5.6013   0.0381385
         240    -4.93325    -5.59852    0.038081
         241    -4.93545    -5.59577   0.0380223
         242    -4.93717    -5.59305   0.0379624
         243    -4.93887    -5.59035   0.0379015
         244    -4.94039    -5.58769   0.0378397
         245     -4.9422    -5.58506   0.0377769
         246    -4.94368    -5.58245   0.0377132
         247    -4.94528    -5.57987   0.0376486
         248    -4.94686    -5.57732   0.0375832
         249    -4.94842    -5.57479   0.0375171
         250    -4.94996    -5.57229   0.0374501
         251    -4.95148    -5.56982   0.0373825
         252    -4.95282    -5.56737   0.0373143
         253    -4.95446    -5.56495   0.0372453
         254    -4.95577    -5.56255   0.0371758
         255    -4.95708    -5.56017   0.0371058
         256    -4.95837    -5.55782   0.0370353
         257     -4.9598     -5.5555   0.0369642
         258    -4.96123    -5.55319   0.0368926
         259    -4.96266    -5.55091   0.0368205
         260    -4.96424    -5.54866    0.036748
         261    -4.96551    -5.54642   0.0366751
         262    -4.96755    -5.54421   0.0366016
         263    -4.96945    -5.54203   0.0365276
         264     -4.9709    -5.53986   0.0364532
         265    -4.97237    -5.53772   0.0363785
         266    -4.97386     -5.5356   0.0363035
         267    -4.97521     -5.5335   0.0362281
         268    -4.97688    -5.53143   0.0361524
         269    -4.97843    -5.52937   0.0360764
         270    -4.98031    -5.52734   0.0360001
         271    -4.98176    -5.52533   0.0359235
         272    -4.98354    -5.52333   0.0358466
         273    -4.98551    -5.52136   0.0357694
         274     -4.9872    -5.51941   0.0356919
         275    -4.98893    -5.51748   0.0356142
         276    -4.99069    -5.51558   0.0355363
         277    -4.99264    -5.51369   0.0354581
         278    -4.99417    -5.51182   0.0353798
         279    -4.99588    -5.50997   0.0353013
         280    -4.99779    -5.50814   0.0352226
         281    -4.99972    -5.50633   0.0351437
         282    -5.00184    -5.50454   0.0350645
         283    -5.00385    -5.50277   0.0349852
         284    -5.00588    -5.50102   0.0349058
         285    -5.00764    -5.49929   0.0348262
         286    -5.00942    -5.49758   0.0347465
         287    -5.01124    -5.49589   0.0346668
         288    -5.01368    -5.49421   0.0345868
         289    -5.01554    -5.49255   0.0345068
         290    -5.01756    -5.49092   0.0344266
         291    -5.01991     -5.4893   0.0343463
         292    -5.02257     -5.4877   0.0342659
         293    -5.02464    -5.48612   0.0341854
         294    -5.02671    -5.48456   0.0341048
         295    -5.02909    -5.48301   0.0340241
         296    -5.03162    -5.48149   0.0339433
         297      -5.034    -5.47998   0.0338624
         298    -5.03622    -5.47849   0.0337815
         299    -5.03873    -5.47702   0.0337006
         300    -5.04093    -5.47557   0.0336196
         301    -5.04311    -5.47413   0.0335386
         302    -5.04542    -5.47271   0.0334575
         303    -5.04772    -5.47131   0.0333765
         304    -5.04998    -5.46992   0.0332955
         305    -5.05177    -5.46855   0.0332145
         306    -5.05383     -5.4672   0.0331336
         307    -5.05601    -5.46586   0.0330527
         308    -5.05785    -5.46453    0.032972
         309     -5.0598    -5.46322   0.0328913
         310    -5.06171    -5.46193   0.0328107
         311    -5.06343    -5.46065   0.0327302
         312    -5.06511    -5.45938   0.0326498
         313    -5.06643    -5.45812   0.0325696
         314    -5.06832    -5.45688   0.0324895
         315     -5.0697    -5.45565   0.0324096
         316    -5.07163    -5.45444   0.0323299
         317    -5.07321    -5.45323   0.0322502
         318    -5.07443    -5.45204   0.0321708
         319    -5.07621    -5.45086   0.0320915
         320    -5.07762     -5.4497   0.0320124
         321    -5.07868    -5.44854   0.0319336
         322    -5.07968     -5.4474   0.0318549
         323    -5.08093    -5.44626   0.0317765
         324    -5.08196    -5.44514   0.0316983
         325    -5.08309    -5.44402   0.0316203
         326    -5.08401    -5.44292   0.0315426
         327    -5.08502    -5.44183   0.0314652
         328    -5.08597    -5.44074   0.0313879
         329    -5.08701    -5.43967   0.0313109
         330    -5.08784     -5.4386   0.0312342
         331    -5.08906    -5.43754   0.0311577
         332    -5.08962     -5.4365   0.0310814
         333    -5.09027    -5.43546   0.0310055
         334    -5.09101    -5.43442   0.0309298
         335    -5.09153     -5.4334   0.0308544
         336     -5.0923    -5.43239   0.0307793
         337    -5.09271    -5.43138   0.0307044
         338    -5.09321    -5.43038   0.0306299
         339    -5.09395    -5.42938   0.0305556
         340    -5.09403     -5.4284   0.0304817
         341    -5.09405    -5.42742    0.030408
         342    -5.09401    -5.42644   0.0303348
         343    -5.09406    -5.42547   0.0302618
         344     -5.0942    -5.42451   0.0301891
         345    -5.09443    -5.42355   0.0301168
         346    -5.09414     -5.4226   0.0300448
         347    -5.09395    -5.42165   0.0299731
         348    -5.09385    -5.42071   0.0299018
         349    -5.09338    -5.41978   0.0298308
         350    -5.09286    -5.41884   0.0297602
         351    -5.09272    -5.41791   0.0296899
         352    -5.09238    -5.41699     0.02962
         353    -5.09167    -5.41607   0.0295504
         354    -5.09105    -5.41515   0.0294812
         355    -5.09052    -5.41423   0.0294123
         356    -5.09007    -5.41332   0.0293438
         357    -5.08911    -5.41241   0.0292757
         358    -5.08779    -5.41151   0.0292079
         359    -5.08685     -5.4106   0.0291406
         360    -5.08555     -5.4097   0.0290736
         361    -5.08463     -5.4088    0.029007
         362     -5.0835     -5.4079   0.0289408
         363    -5.08245      -5.407   0.0288749
         364    -5.08119    -5.40611   0.0288095
         365    -5.07986    -5.40522   0.0287444
         366    -5.07862    -5.40432   0.0286797
         367    -5.07731    -5.40343   0.0286154
         368    -5.07578    -5.40254   0.0285515
         369    -5.07434    -5.40165    0.028488
         370    -5.07283    -5.40076   0.0284248
         371    -5.07066    -5.39987   0.0283622
         372    -5.06872    -5.39898   0.0282999
         373    -5.06687    -5.39809    0.028238
         374    -5.06466     -5.3972   0.0281766
         375    -5.06253    -5.39631   0.0281156
         376    -5.06048    -5.39542    0.028055
         377    -5.05808    -5.39452   0.0279948
         378    -5.05622    -5.39363   0.0279351
         379     -5.0534    -5.39273   0.0278758
         380    -5.05082    -5.39183   0.0278169
         381    -5.04833    -5.39093   0.0277585
         382    -5.04579    -5.39002   0.0277006
         383     -5.0432    -5.38912    0.027643
         384    -5.04071    -5.38821   0.0275859
         385    -5.03802     -5.3873   0.0275293
         386    -5.03559    -5.38639    0.027473
         387    -5.03311    -5.38548   0.0274172
         388    -5.03044    -5.38456   0.0273618
         389    -5.02758    -5.38364   0.0273069
         390    -5.02484    -5.38272   0.0272523
         391    -5.02207     -5.3818   0.0271982
         392    -5.01912    -5.38088   0.0271446
         393     -5.0163    -5.37995   0.0270914
         394     -5.0133    -5.37902   0.0270386
         395    -5.01029    -5.37809   0.0269862
         396    -5.00742    -5.37715   0.0269343
         397    -5.00453    -5.37621   0.0268828
         398    -5.00149    -5.37527   0.0268318
         399     -4.9983    -5.37432   0.0267811
         400    -4.99526    -5.37338    0.026731
         401    -4.99223    -5.37243   0.0266812
         402    -4.98921    -5.37147   0.0266318
         403     -4.9862    -5.37052   0.0265829
         404    -4.98277    -5.36956   0.0265344
         405    -4.97996     -5.3686   0.0264863
         406    -4.97688    -5.36763   0.0264387
         407    -4.97414    -5.36666   0.0263914
         408    -4.97113    -5.36569   0.0263445
         409    -4.96846    -5.36472    0.026298
         410    -4.96524    -5.36375   0.0262519
         411    -4.96252    -5.36277   0.0262062
         412    -4.96001    -5.36179   0.0261608
         413    -4.95756    -5.36082   0.0261157
         414    -4.95517    -5.35984    0.026071
         415    -4.95284    -5.35886   0.0260267
         416    -4.95058    -5.35787   0.0259826
         417    -4.94855    -5.35689   0.0259388
         418    -4.94659    -5.35591   0.0258953
         419    -4.94472    -5.35493   0.0258521
         420    -4.94293    -5.35395   0.0258092
         421    -4.94122    -5.35297   0.0257665
         422     -4.9396    -5.35199    0.025724
         423    -4.93822    -5.35101   0.0256818
         424    -4.93724    -5.35003   0.0256398
         425    -4.93575    -5.34906    0.025598
         426     -4.9345    -5.34809   0.0255564
         427    -4.93351    -5.34712   0.0255149
         428    -4.93292    -5.34615   0.0254737
         429    -4.93182    -5.34518   0.0254326
         430    -4.93067    -5.34422   0.0253917
         431    -4.92978    -5.34326    0.025351
         432    -4.92944     -5.3423   0.0253104
         433    -4.92906    -5.34134   0.0252699
         434    -4.92848    -5.34039   0.0252296
         435     -4.9283    -5.33945   0.0251894
         436    -4.92793     -5.3385   0.0251493
         437    -4.92781    -5.33756   0.0251093
         438    -4.92809    -5.33663   0.0250694
         439    -4.92832     -5.3357   0.0250295
         440    -4.92866    -5.33477   0.0249897
         441    -4.92864    -5.33385     0.02495
         442    -4.92887    -5.33293   0.0249104
         443    -4.92936    -5.33202   0.0248708
         444    -4.92978    -5.33112   0.0248313
         445    -4.93076    -5.33022   0.0247918
         446    -4.93152    -5.32932   0.0247523
         447    -4.93238    -5.32844   0.0247129
         448    -4.93273    -5.32755   0.0246735
         449    -4.93346    -5.32668   0.0246341
         450    -4.93473     -5.3258   0.0245948
         451    -4.93579    -5.32494   0.0245554
         452    -4.93678    -5.32408   0.0245161
         453    -4.93785    -5.32323   0.0244768
         454     -4.9393    -5.32238   0.0244375
         455    -4.94037    -5.32154   0.0243982
         456    -4.94106    -5.32071    0.024359
         457    -4.94274    -5.31988   0.0243197
         458    -4.94403    -5.31906   0.0242805
         459    -4.94584    -5.31825   0.0242412
         460    -4.94772    -5.31744   0.0242019
         461    -4.94996    -5.31665   0.0241625
         462    -4.95182    -5.31586   0.0241231
         463    -4.95388    -5.31507   0.0240836
         464     -4.9557     -5.3143   0.0240442
         465    -4.95788    -5.31353   0.0240047
         466     -4.9598    -5.31277   0.0239652
         467    -4.96193    -5.31202   0.0239256
         468    -4.96426    -5.31128   0.0238861
         469    -4.96664    -5.31054   0.0238464
         470    -4.96876    -5.30982   0.0238068
         471    -4.97107     -5.3091   0.0237671
         472    -4.97312    -5.30839   0.0237274
         473    -4.97521    -5.30768   0.0236877
         474    -4.97779    -5.30699   0.0236479
         475    -4.97995     -5.3063   0.0236082
         476    -4.98245    -5.30562   0.0235684
         477    -4.98497    -5.30494   0.0235285
         478    -4.98737    -5.30428   0.0234887
         479     -4.9898    -5.30362   0.0234488
         480    -4.99241    -5.30298   0.0234089
         481    -4.99518    -5.30234    0.023369
         482    -4.99798     -5.3017   0.0233291
         483    -5.00094    -5.30108   0.0232891
         484    -5.00393    -5.30047   0.0232491
         485    -5.00662    -5.29986    0.023209
         486    -5.00917    -5.29926    0.023169
         487    -5.01173    -5.29867   0.0231289
         488    -5.01445    -5.29809   0.0230888
         489    -5.01733    -5.29752   0.0230488
         490    -5.02036    -5.29695   0.0230087
         491    -5.02339    -5.29639   0.0229686
         492    -5.02641    -5.29584   0.0229284
         493    -5.02898     -5.2953   0.0228883
         494    -5.03184    -5.29477   0.0228482
         495    -5.03484    -5.29425   0.0228081
         496    -5.03783    -5.29373   0.0227679
         497     -5.0399    -5.29322   0.0227278
         498      -5.043    -5.29272   0.0226878
         499    -5.04563    -5.29222   0.0226477
         500    -5.04824    -5.29173   0.0226077
         501    -5.05081    -5.29125   0.0225676
         502    -5.05321    -5.29078   0.0225277
         503    -5.05542    -5.29031   0.0224877
         504    -5.05789    -5.28985   0.0224479
         505    -5.06048    -5.28939    0.022408
         506    -5.06287    -5.28895   0.0223682
         507    -5.06491     -5.2885   0.0223284
         508     -5.0672    -5.28807   0.0222887
         509    -5.06929    -5.28764   0.0222491
         510    -5.07178    -5.28722   0.0222095
         511    -5.07391     -5.2868   0.0221699
         512    -5.07597    -5.28639   0.0221305
         513    -5.07797    -5.28598   0.0220911
         514    -5.08006    -5.28558   0.0220517
         515    -5.08207    -5.28518   0.0220124
         516    -5.08431    -5.28479   0.0219732
         517    -5.08572    -5.28441   0.0219341
         518    -5.08766    -5.28403    0.021895
         519    -5.08921    -5.28365   0.0218561
         520    -5.09053    -5.28328   0.0218172
         521    -5.09177    -5.28292   0.0217784
         522    -5.09291    -5.28255   0.0217397
         523    -5.09427    -5.28219   0.0217011
         524    -5.09493    -5.28183   0.0216627
         525    -5.09625    -5.28148   0.0216243
         526    -5.09733    -5.28113    0.021586
         527    -5.09861    -5.28078   0.0215478
         528    -5.09934    -5.28044   0.0215098
         529    -5.09967     -5.2801   0.0214718
         530     -5.0999    -5.27976    0.021434
         531    -5.10048    -5.27942   0.0213963
         532    -5.10097    -5.27909   0.0213587
         533    -5.10104    -5.27875   0.0213212
         534    -5.10101    -5.27842   0.0212839
         535    -5.10088    -5.27809   0.0212467
         536     -5.1008    -5.27776   0.0212096
         537    -5.10091    -5.27743   0.0211727
         538    -5.10031     -5.2771   0.0211359
         539    -5.09992    -5.27677   0.0210993
         540    -5.09912    -5.27644   0.0210627
         541    -5.09851    -5.27611   0.0210264
         542    -5.09796    -5.27578   0.0209902
         543    -5.09745    -5.27545   0.0209541
         544    -5.09654    -5.27513   0.0209181
         545    -5.09522     -5.2748   0.0208824
         546    -5.09381    -5.27446   0.0208467
         547    -5.09215    -5.27413   0.0208113
         548    -5.09114     -5.2738    0.020776
         549    -5.08974    -5.27346   0.0207409
         550    -5.08809    -5.27312   0.0207059
         551    -5.08619    -5.27278   0.0206711
         552    -5.08466    -5.27244   0.0206364
         553    -5.08304     -5.2721    0.020602
         554    -5.08103    -5.27176   0.0205677
         555    -5.07923    -5.27141   0.0205335
         556    -5.07736    -5.27106   0.0204996
         557     -5.0754    -5.27071   0.0204658
         558    -5.07321    -5.27036   0.0204322
         559     -5.0711       -5.27   0.0203987
         560    -5.06876    -5.26964   0.0203655
         561    -5.06651    -5.26928   0.0203324
         562    -5.06419    -5.26891   0.0202995
         563    -5.06135    -5.26854   0.0202668
         564    -5.05876    -5.26817   0.0202342
         565    -5.05611     -5.2678   0.0202019
         566    -5.05341    -5.26742   0.0201698
         567    -5.05051    -5.26704   0.0201378
         568    -5.04741    -5.26665   0.0201061
         569    -5.04473    -5.26626   0.0200745
         570    -5.04202    -5.26587   0.0200432
         571    -5.03883    -5.26547    0.020012
         572    -5.03576    -5.26507    0.019981
         573    -5.03283    -5.26466   0.0199503
         574    -5.02988    -5.26425   0.0199197
         575    -5.02677    -5.26384   0.0198894
         576    -5.02397    -5.26342   0.0198592
         577    -5.02086      -5.263   0.0198292
         578    -5.01792    -5.26258   0.0197994
         579    -5.01484    -5.26215   0.0197699
         580    -5.01193    -5.26172   0.0197405
         581    -5.00921    -5.26128   0.0197113
         582    -5.00652    -5.26085   0.0196823
         583    -5.00372    -5.26041   0.0196535
         584    -5.00051    -5.25996   0.0196249
         585    -4.99782    -5.25951   0.0195964
         586    -4.99503    -5.25906   0.0195682
         587    -4.99247    -5.25861   0.0195401
         588    -4.98998    -5.25815   0.0195122
         589    -4.98772    -5.25769   0.0194845
         590     -4.9854    -5.25723   0.0194569
         591    -4.98348    -5.25677   0.0194295
         592    -4.98135     -5.2563   0.0194023
         593    -4.97949    -5.25583   0.0193752
         594    -4.97744    -5.25537   0.0193482
         595    -4.97581     -5.2549   0.0193214
         596    -4.97401    -5.25442   0.0192947
         597    -4.97265    -5.25395   0.0192682
         598    -4.97142    -5.25348   0.0192418
         599    -4.96958    -5.25301   0.0192155
         600    -4.96865    -5.25253   0.0191893
         601    -4.96742    -5.25206   0.0191632
         602     -4.9665    -5.25158   0.0191373
         603    -4.96544    -5.25111   0.0191114
         604    -4.96485    -5.25063   0.0190856
         605    -4.96458    -5.25016   0.0190599
         606    -4.96433    -5.24969   0.0190343
         607     -4.9647    -5.24922   0.0190088
         608     -4.9648    -5.24875   0.0189833
         609    -4.96553    -5.24829   0.0189578
         610    -4.96583    -5.24782   0.0189324
         611    -4.96645    -5.24736    0.018907
         612    -4.96755    -5.24691   0.0188816
         613    -4.96822    -5.24645   0.0188563
         614    -4.96965      -5.246   0.0188309
         615    -4.97096    -5.24555   0.0188056
         616    -4.97257    -5.24511   0.0187803
         617    -4.97449    -5.24467    0.018755
         618    -4.97657    -5.24424   0.0187297
         619    -4.97849    -5.24381   0.0187043
         620      -4.981    -5.24339    0.018679
         621    -4.98349    -5.24297   0.0186536
         622    -4.98596    -5.24255   0.0186282
         623    -4.98825    -5.24215   0.0186027
         624    -4.99126    -5.24174   0.0185773
         625    -4.99407    -5.24135   0.0185518
         626    -4.99682    -5.24096   0.0185263
         627    -4.99966    -5.24057   0.0185007
         628    -5.00259    -5.24019   0.0184751
         629    -5.00574    -5.23982   0.0184495
         630    -5.00895    -5.23945   0.0184239
         631    -5.01238    -5.23909   0.0183982
         632     -5.0157    -5.23874   0.0183725
         633    -5.01922    -5.23839   0.0183467
         634    -5.02248    -5.23805   0.0183209
         635    -5.02592    -5.23772   0.0182951
         636    -5.02923    -5.23739   0.0182693
         637    -5.03256    -5.23707   0.0182435
         638     -5.0362    -5.23675   0.0182176
         639       -5.04    -5.23645   0.0181917
         640    -5.04335    -5.23615   0.0181657
         641      -5.047    -5.23585   0.0181398
         642    -5.05064    -5.23556   0.0181138
         643    -5.05412    -5.23528   0.0180879
         644    -5.05789      -5.235   0.0180619
         645    -5.06103    -5.23473   0.0180359
         646    -5.06505    -5.23447   0.0180099
         647    -5.06844    -5.23421   0.0179839
         648    -5.07165    -5.23396   0.0179579
         649    -5.07498    -5.23372   0.0179319
         650    -5.07843    -5.23348   0.0179059
         651    -5.08153    -5.23325   0.0178799
         652    -5.08445    -5.23302   0.0178539
         653    -5.08777     -5.2328    0.017828
         654     -5.0912    -5.23258    0.017802
         655    -5.09413    -5.23237   0.0177761
         656    -5.09685    -5.23216   0.0177502
         657    -5.09938    -5.23196   0.0177243
         658    -5.10245    -5.23176   0.0176985
         659    -5.10546    -5.23157   0.0176727
         660    -5.10812    -5.23138   0.0176469
         661    -5.11101     -5.2312   0.0176211
         662    -5.11353    -5.23102   0.0175954
         663    -5.11614    -5.23085   0.0175697
         664    -5.11883    -5.23068   0.0175441
         665    -5.12114    -5.23052   0.0175185
         666    -5.12322    -5.23036   0.0174929
         667    -5.12553     -5.2302   0.0174674
         668     -5.1282    -5.23005   0.0174419
         669    -5.13004     -5.2299   0.0174165
         670    -5.13239    -5.22975   0.0173911
         671    -5.13435    -5.22961   0.0173657
         672    -5.13622    -5.22947   0.0173405
         673    -5.13814    -5.22933   0.0173152
         674     -5.1395     -5.2292     0.01729
         675    -5.14107    -5.22907   0.0172649
         676    -5.14267    -5.22894   0.0172399
         677    -5.14417    -5.22882   0.0172148
         678    -5.14556    -5.22869   0.0171899
         679    -5.14699    -5.22857    0.017165
         680    -5.14799    -5.22846   0.0171402
         681    -5.14888    -5.22834   0.0171154
         682    -5.14964    -5.22822   0.0170907
         683    -5.15028    -5.22811    0.017066
         684    -5.15079      -5.228   0.0170415
         685    -5.15102    -5.22788    0.017017
         686    -5.15128    -5.22777   0.0169925
         687     -5.1514    -5.22766   0.0169681
         688    -5.15154    -5.22755   0.0169438
         689     -5.1517    -5.22744   0.0169196
         690    -5.15127    -5.22733   0.0168955
         691    -5.15086    -5.22722   0.0168714
         692    -5.14986    -5.22711   0.0168474
         693    -5.14918      -5.227   0.0168234
         694    -5.14792    -5.22688   0.0167996
         695    -5.14697    -5.22677   0.0167758
         696    -5.14604    -5.22665   0.0167521
         697    -5.14467    -5.22653   0.0167285
         698    -5.14318    -5.22641   0.0167049
         699     -5.1414    -5.22629   0.0166815
         700     -5.1395    -5.22617   0.0166581
         701    -5.13792    -5.22604   0.0166348
         702    -5.13577    -5.22591   0.0166116
         703    -5.13395    -5.22578   0.0165885
         704    -5.13201    -5.22565   0.0165655
         705    -5.12996    -5.22551   0.0165425
         706    -5.12779    -5.22538   0.0165197
         707    -5.12536    -5.22523   0.0164969
         708    -5.12283    -5.22509   0.0164742
         709     -5.1202    -5.22494   0.0164517
         710    -5.11702    -5.22479   0.0164292
         711    -5.11374    -5.22463   0.0164068
         712    -5.11098    -5.22447   0.0163846
         713    -5.10799    -5.22431   0.0163624
         714    -5.10476    -5.22414   0.0163403
         715     -5.1016    -5.22397   0.0163184
         716    -5.09822     -5.2238   0.0162965
         717    -5.09493    -5.22362   0.0162748
         718    -5.09157    -5.22343   0.0162532
         719     -5.0886    -5.22324   0.0162317
         720    -5.08512    -5.22305   0.0162102
         721    -5.08129    -5.22286    0.016189
         722    -5.07772    -5.22265   0.0161678
         723     -5.0744    -5.22245   0.0161467
         724    -5.07074    -5.22224   0.0161258
         725     -5.0675    -5.22203   0.0161049
         726    -5.06377    -5.22181   0.0160842
         727    -5.05971    -5.22159   0.0160637
         728    -5.05578    -5.22136   0.0160432
         729    -5.05182    -5.22113   0.0160229
         730    -5.04799    -5.22089   0.0160027
         731    -5.04415    -5.22065   0.0159826
         732    -5.04043     -5.2204   0.0159627
         733    -5.03626    -5.22015   0.0159429
         734    -5.03237    -5.21989   0.0159232
         735    -5.02832    -5.21963   0.0159037
         736    -5.02427    -5.21937   0.0158843
         737    -5.02021     -5.2191    0.015865
         738    -5.01616    -5.21882   0.0158459
         739     -5.0121    -5.21854    0.015827
         740    -5.00819    -5.21826   0.0158081
         741    -5.00444    -5.21797   0.0157894
         742     -5.0004    -5.21768   0.0157709
         743    -4.99636    -5.21738   0.0157525
         744    -4.99248    -5.21708   0.0157342
         745    -4.98876    -5.21677    0.015716
         746    -4.98491    -5.21646    0.015698
         747    -4.98092    -5.21614   0.0156802
         748    -4.97726    -5.21582   0.0156625
         749      -4.973     -5.2155   0.0156449
         750    -4.96923    -5.21517   0.0156275
         751    -4.96548    -5.21484   0.0156102
         752    -4.96191     -5.2145   0.0155931
         753    -4.95791    -5.21416   0.0155761
         754    -4.95425    -5.21382   0.0155593
         755    -4.95108    -5.21347   0.0155426
         756    -4.94719    -5.21312    0.015526
         757    -4.94364    -5.21276   0.0155096
         758    -4.94014     -5.2124   0.0154933
         759    -4.93683    -5.21204   0.0154771
         760    -4.93343    -5.21167   0.0154611
         761    -4.93007     -5.2113   0.0154452
         762    -4.92647    -5.21093   0.0154295
         763    -4.92354    -5.21055   0.0154138
         764    -4.92036    -5.21017   0.0153983
         765     -4.9171    -5.20979    0.015383
         766    -4.91406     -5.2094   0.0153677
         767    -4.91154    -5.20901   0.0153526
         768    -4.90895    -5.20862   0.0153376
         769    -4.90644    -5.20823   0.0153227
         770    -4.90355    -5.20783   0.0153079
         771    -4.90075    -5.20744   0.0152932
         772    -4.89819    -5.20704   0.0152786
         773    -4.89557    -5.20663   0.0152642
         774    -4.89303    -5.20623   0.0152498
         775    -4.89075    -5.20582   0.0152356
         776     -4.8884    -5.20541   0.0152215
         777    -4.88616      -5.205   0.0152074
         778    -4.88417    -5.20459   0.0151935
         779    -4.88227    -5.20417   0.0151796
         780    -4.88063    -5.20376   0.0151658
         781    -4.87895    -5.20334   0.0151521
         782    -4.87752    -5.20293   0.0151384
         783    -4.87574    -5.20251   0.0151249
         784    -4.87437    -5.20209   0.0151114
         785     -4.8731    -5.20167   0.0150979
         786     -4.8718    -5.20125   0.0150845
         787    -4.87059    -5.20083   0.0150712
         788    -4.86965    -5.20041    0.015058
         789    -4.86881    -5.19999   0.0150447
         790    -4.86792    -5.19957   0.0150316
         791    -4.86714    -5.19915   0.0150184
         792    -4.86691    -5.19873   0.0150053
         793    -4.86647    -5.19831   0.0149923
         794    -4.86629    -5.19789   0.0149792
         795    -4.86605    -5.19748   0.0149662
         796    -4.86591    -5.19706   0.0149532
         797     -4.8654    -5.19664   0.0149402
         798    -4.86574    -5.19623   0.0149272
         799    -4.86587    -5.19582   0.0149143
         800    -4.86638     -5.1954   0.0149013
         801    -4.86682    -5.19499   0.0148883
         802    -4.86704    -5.19458   0.0148754
         803    -4.86763    -5.19418   0.0148624
         804    -4.86814    -5.19377   0.0148495
         805    -4.86858    -5.19337   0.0148365
         806    -4.86908    -5.19297   0.0148236
         807    -4.86994    -5.19257   0.0148106
         808    -4.87087    -5.19217   0.0147976
         809      -4.872    -5.19177   0.0147846
         810    -4.87258    -5.19138   0.0147716
         811    -4.87337    -5.19099   0.0147586
         812     -4.8742     -5.1906   0.0147456
         813    -4.87523    -5.19021   0.0147326
         814    -4.87675    -5.18982   0.0147195
         815    -4.87771    -5.18944   0.0147064
         816    -4.87886    -5.18906   0.0146933
         817    -4.88019    -5.18868   0.0146802
         818    -4.88124     -5.1883   0.0146671
         819    -4.88248    -5.18793   0.0146539
         820     -4.8836    -5.18756   0.0146407
         821    -4.88459    -5.18719   0.0146276
         822    -4.88559    -5.18682   0.0146144
         823    -4.88708    -5.18646   0.0146011
         824    -4.88813     -5.1861   0.0145879
         825    -4.88965    -5.18574   0.0145747
         826    -4.89073    -5.18538   0.0145614
         827    -4.89197    -5.18503   0.0145481
         828    -4.89384    -5.18468   0.0145348
         829    -4.89526    -5.18433   0.0145214
         830    -4.89639    -5.18398   0.0145081
         831    -4.89798    -5.18364   0.0144947
         832    -4.89943    -5.18329   0.0144813
         833    -4.90074    -5.18295   0.0144679
         834    -4.90205    -5.18262   0.0144545
         835    -4.90353    -5.18228    0.014441
         836      -4.905    -5.18195   0.0144276
         837    -4.90634    -5.18162   0.0144141
         838    -4.90782     -5.1813   0.0144006
         839    -4.90947    -5.18097   0.0143871
         840    -4.91111    -5.18065   0.0143735
         841    -4.91246    -5.18033     0.01436
         842    -4.91412    -5.18002   0.0143464
         843    -4.91577     -5.1797   0.0143328
         844    -4.91713    -5.17939   0.0143192
         845    -4.91865    -5.17908   0.0143056
         846    -4.91986    -5.17878   0.0142919
         847    -4.92123    -5.17847   0.0142783
         848     -4.9226    -5.17817   0.0142647
         849    -4.92427    -5.17787    0.014251
         850    -4.92595    -5.17757   0.0142373
         851    -4.92747    -5.17728   0.0142236
         852      -4.929    -5.17699   0.0142099
         853    -4.93038     -5.1767   0.0141962
         854    -4.93191    -5.17641   0.0141824
         855    -4.93329    -5.17613   0.0141687
         856    -4.93452    -5.17585    0.014155
         857    -4.93636    -5.17557   0.0141412
         858    -4.93774    -5.17529   0.0141274
         859    -4.93928    -5.17502   0.0141137
         860    -4.94066    -5.17474   0.0140999
         861    -4.94174    -5.17447   0.0140861
         862    -4.94342     -5.1742   0.0140723
         863    -4.94495    -5.17394   0.0140585
         864    -4.94663    -5.17368   0.0140447
         865    -4.94785    -5.17341   0.0140309
         866    -4.94952    -5.17316   0.0140171
         867    -4.95104     -5.1729   0.0140033
         868    -4.95255    -5.17265   0.0139894
         869    -4.95405    -5.17239   0.0139756
         870     -4.9557    -5.17215   0.0139617
         871    -4.95705     -5.1719   0.0139479
         872    -4.95853    -5.17165    0.013934
         873       -4.96    -5.17141   0.0139202
         874    -4.96147    -5.17117   0.0139063
         875    -4.96232    -5.17093   0.0138925
         876    -4.96391     -5.1707   0.0138786
         877    -4.96519    -5.17046   0.0138648
         878     -4.9666    -5.17023    0.013851
         879    -4.96785       -5.17   0.0138371
         880    -4.96908    -5.16977   0.0138233
         881     -4.9709    -5.16955   0.0138094
         882    -4.97224    -5.16932   0.0137956
         883    -4.97342     -5.1691   0.0137817
         884    -4.97472    -5.16888   0.0137679
         885    -4.97585    -5.16866   0.0137541
         886    -4.97696    -5.16845   0.0137402
         887     -4.9782    -5.16823   0.0137264
         888     -4.9794    -5.16802   0.0137126
         889    -4.98073    -5.16781   0.0136988
         890    -4.98189     -5.1676    0.013685
         891    -4.98271    -5.16739   0.0136712
         892    -4.98395    -5.16719   0.0136574
         893    -4.98532    -5.16698   0.0136437
         894    -4.98619    -5.16678   0.0136299
         895    -4.98704    -5.16658   0.0136162
         896    -4.98799    -5.16638   0.0136024
         897    -4.98892    -5.16618   0.0135887
         898     -4.9895    -5.16598    0.013575
         899    -4.99079    -5.16579   0.0135613
         900     -4.9913     -5.1656   0.0135476
         901    -4.99221     -5.1654   0.0135339
         902    -4.99293    -5.16521   0.0135203
         903    -4.99361    -5.16502   0.0135066
         904    -4.99425    -5.16483    0.013493
         905    -4.99514    -5.16465   0.0134794
         906    -4.99553    -5.16446   0.0134658
         907    -4.99617    -5.16427   0.0134523
         908    -4.99646    -5.16409   0.0134387
         909    -4.99686     -5.1639   0.0134252
         910     -4.9972    -5.16372   0.0134117
         911     -4.9978    -5.16354   0.0133982
         912    -4.99758    -5.16336   0.0133847
         913    -4.99792    -5.16318   0.0133713
         914    -4.99775      -5.163   0.0133579
         915    -4.99753    -5.16281   0.0133445
         916    -4.99801    -5.16263   0.0133312
         917    -4.99813    -5.16246   0.0133178
         918    -4.99789    -5.16228   0.0133045
         919    -4.99759     -5.1621   0.0132913
         920    -4.99754    -5.16192    0.013278
         921    -4.99743    -5.16174   0.0132648
         922    -4.99697    -5.16156   0.0132516
         923    -4.99675    -5.16138   0.0132385
         924    -4.99631     -5.1612   0.0132254
         925    -4.99567    -5.16102   0.0132123
         926    -4.99543    -5.16085   0.0131992
         927    -4.99467    -5.16067   0.0131862
         928    -4.99356    -5.16049   0.0131732
         929    -4.99299    -5.16031   0.0131603
         930    -4.99206    -5.16013   0.0131474
         931    -4.99108    -5.15994   0.0131345
         932    -4.98974    -5.15976   0.0131217
         933    -4.98865    -5.15958   0.0131089
         934    -4.98765    -5.15939   0.0130961
         935     -4.9863    -5.15921   0.0130834
         936    -4.98505    -5.15902   0.0130708
         937    -4.98374    -5.15884   0.0130582
         938    -4.98284    -5.15865   0.0130456
         939    -4.98144    -5.15846   0.0130331
         940    -4.98029    -5.15827   0.0130206
         941    -4.97895    -5.15808   0.0130081
         942    -4.97801    -5.15789   0.0129957
         943    -4.97643     -5.1577   0.0129834
         944    -4.97496     -5.1575   0.0129711
         945    -4.97315    -5.15731   0.0129588
         946     -4.9716    -5.15711   0.0129466
         947    -4.97002    -5.15691   0.0129344
         948    -4.96856    -5.15671   0.0129223
         949    -4.96691    -5.15651   0.0129103
         950    -4.96509    -5.15631   0.0128982
         951    -4.96339    -5.15611   0.0128863
         952    -4.96182    -5.15591   0.0128743
         953    -4.96007     -5.1557   0.0128625
         954    -4.95846    -5.15549   0.0128507
         955    -4.95698    -5.15529   0.0128389
         956    -4.95564    -5.15508   0.0128272
         957    -4.95369    -5.15487   0.0128155
         958    -4.95187    -5.15465   0.0128038
         959     -4.9499    -5.15444   0.0127923
         960    -4.94823    -5.15423   0.0127808
         961    -4.94656    -5.15401   0.0127693
         962    -4.94475    -5.15379   0.0127579
         963    -4.94278    -5.15357   0.0127465
         964    -4.94098    -5.15335   0.0127352
         965    -4.93903    -5.15313   0.0127239
         966     -4.9371    -5.15291   0.0127127
         967    -4.93548    -5.15268   0.0127016
         968    -4.93388    -5.15246   0.0126904
         969    -4.93201    -5.15223   0.0126794
         970    -4.93031      -5.152   0.0126684
         971    -4.92863    -5.15177   0.0126574
         972    -4.92684    -5.15154   0.0126465
         973    -4.92583    -5.15131   0.0126356
         974    -4.92411    -5.15107   0.0126248
         975    -4.92287    -5.15084    0.012614
         976    -4.92153     -5.1506   0.0126033
         977    -4.92038    -5.15037   0.0125926
         978    -4.91912    -5.15013    0.012582
         979    -4.91776    -5.14989   0.0125713
         980     -4.9166    -5.14966   0.0125608
         981    -4.91504    -5.14942   0.0125502
         982    -4.91368    -5.14918   0.0125398
         983    -4.91253    -5.14894   0.0125293
         984    -4.91129     -5.1487   0.0125189
         985    -4.91011    -5.14845   0.0125085
         986    -4.90913    -5.14821   0.0124982
         987    -4.90837    -5.14797   0.0124879
         988    -4.90752    -5.14772   0.0124776
         989    -4.90674    -5.14748   0.0124674
         990    -4.90617    -5.14724   0.0124572
         991    -4.90582    -5.14699    0.012447
         992    -4.90523    -5.14675   0.0124368
         993     -4.9047    -5.14651   0.0124267
         994    -4.90425    -5.14626   0.0124166
         995    -4.90415    -5.14602   0.0124065
         996    -4.90382    -5.14578   0.0123964
         997    -4.90341    -5.14553   0.0123864
         998    -4.90366    -5.14529   0.0123763
         999    -4.90398    -5.14505   0.0123663
        1000    -4.90406    -5.14481   0.0123563
        1001    -4.90435    -5.14457   0.0123463
        1002    -4.90455    -5.14433   0.0123363
        1003     -4.9045    -5.14409   0.0123263
        1004    -4.90467    -5.14385   0.0123163
        1005    -4.90503    -5.14361   0.0123064
        1006    -4.90576    -5.14338   0.0122964
        1007    -4.90623    -5.14314   0.0122864
        1008    -4.90645    -5.14291   0.0122765
        1009    -4.90657    -5.14267   0.0122666
        1010    -4.90718    -5.14244   0.0122566
        1011    -4.90784    -5.14221   0.0122467
        1012    -4.90824    -5.14197   0.0122368
        1013    -4.90868    -5.14174   0.0122269
        1014    -4.90946    -5.14152    0.012217
        1015    -4.91028    -5.14129    0.012207
        1016    -4.91098    -5.14106   0.0121971
        1017    -4.91186    -5.14084   0.0121872
        1018    -4.91232    -5.14061   0.0121773
        1019    -4.91296    -5.14039   0.0121674
        1020    -4.91363    -5.14017   0.0121575
        1021    -4.91433    -5.13994   0.0121476
        1022     -4.9155    -5.13972   0.0121377
        1023    -4.91609    -5.13951   0.0121278
        1024    -4.91701    -5.13929   0.0121179
        1025     -4.9181    -5.13907    0.012108
        1026    -4.91905    -5.13886   0.0120981
        1027    -4.92002    -5.13865   0.0120882
        1028    -4.92132    -5.13843   0.0120783
        1029    -4.92248    -5.13822   0.0120684
        1030     -4.9238    -5.13802   0.0120585
        1031    -4.92499    -5.13781   0.0120486
        1032    -4.92604     -5.1376   0.0120386
        1033    -4.92695     -5.1374   0.0120287
        1034    -4.92802     -5.1372   0.0120188
        1035    -4.92911      -5.137   0.0120088
        1036     -4.9302     -5.1368   0.0119989
        1037    -4.93115     -5.1366    0.011989
        1038    -4.93287     -5.1364    0.011979
        1039     -4.9337    -5.13621   0.0119691
        1040    -4.93483    -5.13601   0.0119591
        1041    -4.93597    -5.13582   0.0119492
        1042    -4.93697    -5.13563   0.0119393
        1043    -4.93813    -5.13544   0.0119293
        1044    -4.93944    -5.13525   0.0119194
        1045    -4.94062    -5.13507   0.0119094
        1046     -4.9412    -5.13488   0.0118995
        1047    -4.94269     -5.1347   0.0118895
        1048    -4.94389    -5.13452   0.0118796
        1049    -4.94495    -5.13434   0.0118696
        1050    -4.94602    -5.13416   0.0118597
        1051    -4.94694    -5.13398   0.0118497
        1052    -4.94818     -5.1338   0.0118398
        1053    -4.94943    -5.13363   0.0118298
        1054    -4.95084    -5.13345   0.0118199
        1055    -4.95211    -5.13328   0.0118099
        1056    -4.95354    -5.13311      0.0118
        1057    -4.95498    -5.13294     0.01179
        1058    -4.95613    -5.13278     0.01178
        1059    -4.95776    -5.13261   0.0117701
        1060    -4.95894    -5.13245   0.0117601
        1061    -4.96013    -5.13228   0.0117502
        1062    -4.96195    -5.13212   0.0117402
        1063    -4.96318    -5.13196   0.0117302
        1064    -4.96398    -5.13181   0.0117203
        1065     -4.9657    -5.13165   0.0117103
        1066    -4.96713     -5.1315   0.0117003
        1067    -4.96874    -5.13134   0.0116903
        1068    -4.97022    -5.13119   0.0116804
        1069    -4.97202    -5.13104   0.0116704
        1070    -4.97355     -5.1309   0.0116604
        1071     -4.9751    -5.13075   0.0116504
        1072    -4.97652    -5.13061   0.0116405
        1073    -4.97781    -5.13046   0.0116305
        1074    -4.97944    -5.13032   0.0116205
        1075    -4.98124    -5.13019   0.0116105
        1076    -4.98277    -5.13005   0.0116005
        1077    -4.98449    -5.12991   0.0115906
        1078    -4.98638    -5.12978   0.0115806
        1079    -4.98815    -5.12965   0.0115706
        1080    -4.98995    -5.12952   0.0115606
        1081    -4.99163    -5.12939   0.0115506
        1082    -4.99319    -5.12927   0.0115406
        1083    -4.99508    -5.12914   0.0115306
        1084    -4.99685    -5.12902   0.0115206
        1085    -4.99911     -5.1289   0.0115106
        1086     -5.0011    -5.12878   0.0115006
        1087    -5.00311    -5.12867   0.0114906
        1088    -5.00516    -5.12855   0.0114806
        1089    -5.00678    -5.12844   0.0114706
        1090    -5.00873    -5.12833   0.0114606
        1091    -5.01086    -5.12822   0.0114506
        1092    -5.01301    -5.12812   0.0114406
        1093    -5.01488    -5.12802   0.0114306
        1094    -5.01723    -5.12791   0.0114206
        1095    -5.01991    -5.12782   0.0114106
        1096    -5.02215    -5.12772   0.0114006
        1097    -5.02471    -5.12763   0.0113906
        1098    -5.02684    -5.12753   0.0113806
        1099    -5.02898    -5.12744   0.0113706
        1100    -5.03158    -5.12736   0.0113606
        1101    -5.03389    -5.12727   0.0113506
        1102     -5.0359    -5.12719   0.0113406
        1103    -5.03792    -5.12711   0.0113306
        1104     -5.0404    -5.12703   0.0113206
        1105    -5.04272    -5.12695   0.0113106
        1106    -5.04474    -5.12688   0.0113007
        1107    -5.04675    -5.12681   0.0112907
        1108    -5.04845    -5.12674   0.0112807
        1109    -5.05074    -5.12667   0.0112708
        1110    -5.05302     -5.1266   0.0112608
        1111    -5.05498    -5.12654   0.0112508
        1112    -5.05707    -5.12647   0.0112409
        1113    -5.05929    -5.12641    0.011231
        1114    -5.06133    -5.12635    0.011221
        1115    -5.06349     -5.1263   0.0112111
        1116    -5.06578    -5.12624   0.0112012
        1117    -5.06818    -5.12619   0.0111913
        1118    -5.07055    -5.12614   0.0111814
        1119    -5.07242    -5.12609   0.0111715
        1120    -5.07425    -5.12605   0.0111616
        1121    -5.07619      -5.126   0.0111518
        1122    -5.07793    -5.12596   0.0111419
        1123    -5.07962    -5.12592    0.011132
        1124     -5.0811    -5.12588   0.0111222
        1125    -5.08344    -5.12584   0.0111124
        1126    -5.08497    -5.12581   0.0111026
        1127    -5.08644    -5.12577   0.0110928
        1128    -5.08816    -5.12574    0.011083
        1129    -5.08905    -5.12571   0.0110732
        1130    -5.09034    -5.12567   0.0110635
        1131    -5.09186    -5.12564   0.0110537
        1132    -5.09316    -5.12562    0.011044
        1133    -5.09439    -5.12559   0.0110343
        1134    -5.09571    -5.12556   0.0110246
        1135     -5.0968    -5.12554   0.0110149
        1136    -5.09812    -5.12551   0.0110052
        1137    -5.09906    -5.12549   0.0109956
        1138    -5.09978    -5.12547    0.010986
        1139    -5.10088    -5.12544   0.0109763
        1140    -5.10144    -5.12542   0.0109667
        1141    -5.10193     -5.1254   0.0109571
        1142    -5.10235    -5.12538   0.0109476
        1143    -5.10283    -5.12536    0.010938
        1144    -5.10294    -5.12534   0.0109284
        1145    -5.10312    -5.12532   0.0109189
        1146    -5.10353     -5.1253   0.0109094
        1147    -5.10385    -5.12529   0.0108999
        1148    -5.10441    -5.12527   0.0108904
        1149    -5.10428    -5.12525    0.010881
        1150    -5.10452    -5.12523   0.0108715
        1151    -5.10454    -5.12521   0.0108621
        1152    -5.10418     -5.1252   0.0108527
        1153    -5.10359    -5.12518   0.0108433
        1154    -5.10324    -5.12516   0.0108339
        1155    -5.10296    -5.12514   0.0108245
        1156     -5.1023    -5.12512   0.0108152
        1157    -5.10173     -5.1251   0.0108059
        1158    -5.10109    -5.12508   0.0107966
        1159    -5.10039    -5.12506   0.0107873
        1160    -5.09947    -5.12503    0.010778
        1161    -5.09878    -5.12501   0.0107687
        1162    -5.09804    -5.12499   0.0107595
        1163    -5.09708    -5.12496   0.0107503
        1164    -5.09622    -5.12494    0.010741
        1165    -5.09486    -5.12491   0.0107319
        1166    -5.09389    -5.12489   0.0107227
        1167    -5.09273    -5.12486   0.0107135
        1168    -5.09137    -5.12483   0.0107044
        1169    -5.09027     -5.1248   0.0106953
        1170    -5.08913    -5.12477   0.0106862
        1171    -5.08781    -5.12474   0.0106771
        1172    -5.08646    -5.12471    0.010668
        1173    -5.08493    -5.12467    0.010659
        1174    -5.08337    -5.12464     0.01065
        1175    -5.08194     -5.1246    0.010641
        1176     -5.0805    -5.12456    0.010632
        1177     -5.0792    -5.12453    0.010623
        1178    -5.07759    -5.12449   0.0106141
        1179    -5.07613    -5.12444   0.0106052
        1180    -5.07437     -5.1244   0.0105963
        1181    -5.07292    -5.12436   0.0105874
        1182    -5.07148    -5.12431   0.0105785
        1183    -5.07005    -5.12427   0.0105697
        1184    -5.06866    -5.12422   0.0105609
        1185    -5.06743    -5.12417   0.0105521
        1186    -5.06594    -5.12412   0.0105433
        1187    -5.06495    -5.12407   0.0105345
        1188    -5.06354    -5.12402   0.0105258
        1189    -5.06218    -5.12397    0.010517
        1190    -5.06133    -5.12392   0.0105083
        1191    -5.05993    -5.12386   0.0104996
        1192     -5.0586    -5.12381    0.010491
        1193    -5.05794    -5.12375   0.0104823
        1194    -5.05721     -5.1237   0.0104737
        1195     -5.0564    -5.12364   0.0104651
        1196    -5.05553    -5.12359   0.0104565
        1197    -5.05459    -5.12353   0.0104479
        1198    -5.05404    -5.12347   0.0104394
        1199    -5.05374    -5.12341   0.0104308
        1200    -5.05338    -5.12335   0.0104223
        1201    -5.05297    -5.12329   0.0104138
        1202    -5.05297    -5.12324   0.0104053
        1203    -5.05291    -5.12318   0.0103968
        1204    -5.05296    -5.12312   0.0103883
        1205    -5.05297    -5.12306   0.0103799
        1206    -5.05292      -5.123   0.0103714
        1207    -5.05359    -5.12295    0.010363
        1208     -5.0539    -5.12289   0.0103546
        1209    -5.05432    -5.12283   0.0103462
        1210    -5.05513    -5.12278   0.0103378
        1211    -5.05574    -5.12272   0.0103294
        1212    -5.05675    -5.12267    0.010321
        1213    -5.05784    -5.12261   0.0103126
        1214    -5.05902    -5.12256   0.0103043
        1215    -5.06013    -5.12251   0.0102959
        1216    -5.06117    -5.12246   0.0102876
        1217    -5.06212    -5.12241   0.0102792
        1218    -5.06329    -5.12236   0.0102709
        1219    -5.06452    -5.12231   0.0102626
        1220    -5.06594    -5.12227   0.0102543
        1221    -5.06757    -5.12222    0.010246
        1222    -5.06938    -5.12218   0.0102377
        1223    -5.07091    -5.12214   0.0102294
        1224    -5.07247     -5.1221   0.0102211
        1225     -5.0742    -5.12206   0.0102128
        1226    -5.07578    -5.12202   0.0102046
        1227    -5.07736    -5.12198   0.0101963
        1228    -5.07848    -5.12195   0.0101881
        1229    -5.07989    -5.12191   0.0101799
        1230    -5.08173    -5.12188   0.0101716
        1231    -5.08369    -5.12185   0.0101634
        1232    -5.08547    -5.12182   0.0101552
        1233     -5.0869    -5.12179    0.010147
        1234    -5.08798    -5.12176   0.0101388
        1235    -5.08945    -5.12174   0.0101307
        1236    -5.09086    -5.12171   0.0101225
        1237    -5.09221    -5.12169   0.0101143
        1238    -5.09333    -5.12167   0.0101062
        1239    -5.09423    -5.12164   0.0100981
        1240    -5.09534    -5.12162   0.0100899
        1241    -5.09651     -5.1216   0.0100818
        1242    -5.09729    -5.12158   0.0100737
        1243    -5.09783    -5.12156   0.0100656
        1244    -5.09811    -5.12155   0.0100576
        1245    -5.09814    -5.12153   0.0100495
        1246    -5.09867    -5.12151   0.0100415
        1247    -5.09909    -5.12149   0.0100334
        1248    -5.09924    -5.12147   0.0100254
        1249    -5.09928    -5.12145   0.0100174
        1250    -5.09921    -5.12144   0.0100094
        1251    -5.09932    -5.12142   0.0100014
        1252     -5.0993     -5.1214  0.00999343
        1253    -5.09932    -5.12138  0.00998547
        1254    -5.09877    -5.12137  0.00997753
        1255    -5.09794    -5.12135  0.00996959
        1256    -5.09713    -5.12133  0.00996168
        1257    -5.09606    -5.12131  0.00995377
        1258    -5.09485    -5.12129  0.00994588
        1259    -5.09367    -5.12126  0.00993801
        1260    -5.09237    -5.12124  0.00993014
        1261    -5.09079    -5.12122   0.0099223
        1262    -5.08923    -5.12119  0.00991447
        1263     -5.0874    -5.12117  0.00990666
        1264     -5.0856    -5.12114  0.00989886
        1265    -5.08383    -5.12111  0.00989108
        1266    -5.08208    -5.12108  0.00988331
        1267    -5.08037    -5.12105  0.00987556
        1268    -5.07793    -5.12101  0.00986783
        1269    -5.07583    -5.12098  0.00986012
        1270    -5.07346    -5.12094  0.00985243
        1271    -5.07083     -5.1209  0.00984476
        1272    -5.06793    -5.12086   0.0098371
        1273    -5.06477    -5.12081  0.00982948
        1274    -5.06166    -5.12077  0.00982187
        1275    -5.05859    -5.12072  0.00981429
        1276    -5.05557    -5.12067  0.00980673
        1277    -5.05185    -5.12061   0.0097992
        1278    -5.04819    -5.12056  0.00979169
        1279    -5.04459     -5.1205  0.00978422
        1280    -5.04089    -5.12043  0.00977677
        1281    -5.03727    -5.12037  0.00976935
        1282    -5.03356     -5.1203  0.00976197
        1283    -5.02979    -5.12023  0.00975462
        1284    -5.02624    -5.12016  0.00974729
        1285    -5.02248    -5.12008     0.00974
        1286    -5.01882       -5.12  0.00973275
        1287    -5.01479    -5.11992  0.00972553
        1288    -5.01072    -5.11984  0.00971835
        1289    -5.00631    -5.11975  0.00971121
        1290    -5.00216    -5.11966  0.00970411
        1291    -4.99768    -5.11956  0.00969705
        1292    -4.99348    -5.11947  0.00969004
        1293    -4.98896    -5.11936  0.00968307
        1294    -4.98504    -5.11926  0.00967614
        1295    -4.98051    -5.11915  0.00966926
        1296    -4.97629    -5.11904  0.00966243
        1297    -4.97193    -5.11893  0.00965565
        1298    -4.96774    -5.11881  0.00964891
        1299    -4.96357    -5.11869  0.00964222
        1300    -4.95959    -5.11857  0.00963558
        1301    -4.95505    -5.11845  0.00962899
        1302    -4.95132    -5.11832  0.00962245
        1303    -4.94764    -5.11819  0.00961596
        1304    -4.94373    -5.11805  0.00960952
        1305    -4.93959    -5.11792  0.00960313
        1306    -4.93598    -5.11778  0.00959678
        1307     -4.9326    -5.11764  0.00959049
        1308    -4.92887    -5.11749  0.00958424
        1309    -4.92554    -5.11734  0.00957804
        1310    -4.92217     -5.1172  0.00957189
        1311    -4.91845    -5.11704  0.00956579
        1312    -4.91531    -5.11689  0.00955973
        1313    -4.91213    -5.11673  0.00955372
        1314    -4.90939    -5.11658  0.00954776
        1315    -4.90664    -5.11642  0.00954183
        1316    -4.90402    -5.11625  0.00953594
        1317    -4.90154    -5.11609   0.0095301
        1318    -4.89905    -5.11593  0.00952429
        1319    -4.89657    -5.11576  0.00951852
        1320    -4.89468    -5.11559  0.00951278
        1321     -4.8928    -5.11542  0.00950708
        1322    -4.89123    -5.11526   0.0095014
        1323    -4.88951    -5.11508  0.00949575
        1324    -4.88825    -5.11491  0.00949012
        1325      -4.887    -5.11474  0.00948452
        1326    -4.88545    -5.11457  0.00947894
        1327    -4.88466     -5.1144  0.00947338
        1328    -4.88433    -5.11422  0.00946783
        1329    -4.88415    -5.11405  0.00946229
        1330    -4.88367    -5.11388  0.00945676
        1331    -4.88319     -5.1137  0.00945124
        1332    -4.88286    -5.11353  0.00944574
        1333    -4.88312    -5.11336  0.00944023
        1334    -4.88322    -5.11318  0.00943473
        1335    -4.88346    -5.11301  0.00942923
        1336    -4.88383    -5.11284  0.00942374
        1337    -4.88418    -5.11267  0.00941824
        1338    -4.88495     -5.1125  0.00941274
        1339    -4.88539    -5.11233  0.00940724
        1340    -4.88609    -5.11216  0.00940173
        1341     -4.8872    -5.11199  0.00939622
        1342    -4.88842    -5.11183  0.00939069
        1343    -4.88928    -5.11166  0.00938516
        1344    -4.89115     -5.1115  0.00937961
        1345     -4.8925    -5.11133  0.00937405
        1346    -4.89393    -5.11117  0.00936848
        1347    -4.89574    -5.11101  0.00936289
        1348    -4.89732    -5.11085  0.00935728
        1349    -4.89897     -5.1107  0.00935167
        1350    -4.90038    -5.11054  0.00934604
        1351    -4.90199    -5.11039  0.00934039
        1352    -4.90381    -5.11023  0.00933473
        1353    -4.90553    -5.11008  0.00932906
        1354    -4.90759    -5.10993  0.00932337
        1355    -4.90954    -5.10978  0.00931766
        1356    -4.91182    -5.10964  0.00931193
        1357    -4.91384    -5.10949  0.00930619
        1358    -4.91588    -5.10935  0.00930043
        1359    -4.91824    -5.10921  0.00929465
        1360    -4.92032    -5.10907  0.00928885
        1361    -4.92211    -5.10893  0.00928304
        1362    -4.92407     -5.1088  0.00927722
        1363    -4.92618    -5.10867  0.00927138
        1364     -4.9283    -5.10853  0.00926553
        1365    -4.93058     -5.1084  0.00925966
        1366      -4.933    -5.10827  0.00925377
        1367    -4.93512    -5.10815  0.00924786
        1368    -4.93693    -5.10802  0.00924195
        1369    -4.93874     -5.1079  0.00923603
        1370    -4.94068    -5.10778  0.00923009
        1371    -4.94292    -5.10766  0.00922414
        1372    -4.94514    -5.10754  0.00921818
        1373     -4.9472    -5.10742  0.00921221
        1374    -4.94954    -5.10731  0.00920622
        1375    -4.95156    -5.10719  0.00920022
        1376    -4.95356    -5.10708  0.00919421
        1377    -4.95569    -5.10697  0.00918819
        1378    -4.95749    -5.10686  0.00918216
        1379    -4.95957    -5.10676  0.00917613
        1380    -4.96147    -5.10665  0.00917008
        1381    -4.96349    -5.10655  0.00916403
        1382    -4.96534    -5.10644  0.00915796
        1383    -4.96715    -5.10634   0.0091519
        1384    -4.96863    -5.10624  0.00914583
        1385    -4.97053    -5.10615  0.00913975
        1386    -4.97269    -5.10605  0.00913366
        1387    -4.97437    -5.10596  0.00912757
        1388    -4.97632    -5.10586  0.00912147
        1389    -4.97777    -5.10577  0.00911537
        1390    -4.97919    -5.10568  0.00910927
        1391    -4.98072    -5.10559  0.00910316
        1392    -4.98191     -5.1055  0.00909705
        1393    -4.98306    -5.10541  0.00909095
        1394    -4.98463    -5.10533  0.00908484
        1395     -4.9863    -5.10524  0.00907873
        1396    -4.98793    -5.10516  0.00907261
        1397    -4.98906    -5.10507   0.0090665
        1398    -4.99045    -5.10499  0.00906038
        1399     -4.9915    -5.10491  0.00905427
        1400    -4.99265    -5.10483  0.00904816
        1401    -4.99407    -5.10475  0.00904205
        1402    -4.99498    -5.10467  0.00903594
        1403     -4.9963     -5.1046  0.00902983
        1404    -4.99712    -5.10452  0.00902372
        1405     -4.9979    -5.10444  0.00901762
        1406    -4.99894    -5.10437  0.00901151
        1407    -4.99993    -5.10429  0.00900541
        1408    -5.00057    -5.10422  0.00899932
        1409    -5.00117    -5.10415  0.00899323
        1410    -5.00203    -5.10407  0.00898714
        1411    -5.00239      -5.104  0.00898106
        1412    -5.00285    -5.10393  0.00897499
        1413    -5.00327    -5.10386  0.00896892
        1414     -5.0038    -5.10379  0.00896286
        1415    -5.00443    -5.10372   0.0089568
        1416    -5.00488    -5.10365  0.00895074
        1417    -5.00497    -5.10358   0.0089447
        1418    -5.00548    -5.10351  0.00893866
        1419    -5.00565    -5.10344  0.00893262
        1420    -5.00577    -5.10337   0.0089266
        1421    -5.00616     -5.1033  0.00892058
        1422    -5.00635    -5.10324  0.00891457
        1423    -5.00621    -5.10317  0.00890856
        1424    -5.00618     -5.1031  0.00890257
        1425    -5.00656    -5.10303  0.00889658
        1426    -5.00661    -5.10296  0.00889059
        1427    -5.00662     -5.1029  0.00888462
        1428    -5.00644    -5.10283  0.00887866
        1429    -5.00653    -5.10276   0.0088727
        1430    -5.00688    -5.10269  0.00886675
        1431     -5.0066    -5.10263   0.0088608
        1432    -5.00643    -5.10256  0.00885487
        1433    -5.00608    -5.10249  0.00884895
        1434    -5.00555    -5.10242  0.00884304
        1435    -5.00513    -5.10236  0.00883713
        1436    -5.00498    -5.10229  0.00883124
        1437    -5.00449    -5.10222  0.00882536
        1438    -5.00413    -5.10215  0.00881948
        1439    -5.00358    -5.10208  0.00881362
        1440     -5.0033    -5.10202  0.00880777
        1441    -5.00268    -5.10195  0.00880192
        1442    -5.00249    -5.10188  0.00879609
        1443    -5.00211    -5.10181  0.00879027
        1444     -5.0014    -5.10174  0.00878445
        1445    -5.00035    -5.10167  0.00877865
        1446    -4.99927     -5.1016  0.00877287
        1447    -4.99831    -5.10153   0.0087671
        1448    -4.99777    -5.10146  0.00876133
        1449    -4.99659    -5.10138  0.00875559
        1450    -4.99554    -5.10131  0.00874985
        1451    -4.99475    -5.10124  0.00874413
        1452    -4.99392    -5.10116  0.00873842
        1453    -4.99291    -5.10109  0.00873272
        1454    -4.99202    -5.10101  0.00872704
        1455     -4.9914    -5.10094  0.00872137
        1456    -4.99075    -5.10086  0.00871571
        1457    -4.98976    -5.10079  0.00871006
        1458    -4.98843    -5.10071  0.00870443
        1459    -4.98723    -5.10063  0.00869881
        1460    -4.98614    -5.10055   0.0086932
        1461    -4.98487    -5.10047  0.00868761
        1462    -4.98373    -5.10039  0.00868204
        1463    -4.98255    -5.10031  0.00867648
        1464    -4.98149    -5.10023  0.00867093
        1465    -4.97995    -5.10015   0.0086654
        1466    -4.97884    -5.10007  0.00865988
        1467    -4.97739    -5.09998  0.00865438
        1468    -4.97577     -5.0999   0.0086489
        1469    -4.97428    -5.09981  0.00864344
        1470    -4.97262    -5.09973  0.00863799
        1471    -4.97123    -5.09964  0.00863256
        1472    -4.96982    -5.09955  0.00862715
        1473     -4.9684    -5.09946  0.00862175
        1474    -4.96681    -5.09937  0.00861637
        1475    -4.96535    -5.09928  0.00861101
        1476    -4.96388    -5.09919  0.00860566
        1477     -4.9627     -5.0991  0.00860033
        1478    -4.96121      -5.099  0.00859502
        1479    -4.95986    -5.09891  0.00858972
        1480     -4.9585    -5.09881  0.00858444
        1481    -4.95714    -5.09872  0.00857918
        1482    -4.95562    -5.09862  0.00857393
        1483    -4.95411    -5.09853   0.0085687
        1484    -4.95259    -5.09843   0.0085635
        1485    -4.95092    -5.09833   0.0085583
        1486    -4.94957    -5.09823  0.00855313
        1487    -4.94837    -5.09813  0.00854797
        1488    -4.94687    -5.09803  0.00854283
        1489    -4.94554    -5.09792  0.00853771
        1490    -4.94392    -5.09782   0.0085326
        1491    -4.94247    -5.09772  0.00852752
        1492    -4.94088    -5.09761  0.00852245
        1493    -4.93931     -5.0975   0.0085174
        1494    -4.93806     -5.0974  0.00851237
        1495    -4.93698    -5.09729  0.00850735
        1496    -4.93563    -5.09718  0.00850235
        1497     -4.9343    -5.09707  0.00849737
        1498    -4.93285    -5.09696   0.0084924
        1499    -4.93173    -5.09685  0.00848745
        1500    -4.93049    -5.09674  0.00848252
        1501    -4.92944    -5.09663   0.0084776
        1502    -4.92857    -5.09652  0.00847269
        1503    -4.92729    -5.09641   0.0084678
        1504     -4.9262    -5.09629  0.00846293
        1505    -4.92515    -5.09618  0.00845807
        1506    -4.92429    -5.09607  0.00845323
        1507    -4.92318    -5.09595  0.00844839
        1508    -4.92226    -5.09584  0.00844358
        1509    -4.92155    -5.09572  0.00843877
        1510    -4.92073     -5.0956  0.00843398
        1511    -4.91982    -5.09549   0.0084292
        1512    -4.91942    -5.09537  0.00842443
        1513    -4.91892    -5.09525  0.00841967
        1514    -4.91833    -5.09514  0.00841492
        1515    -4.91764    -5.09502  0.00841018
        1516    -4.91733     -5.0949  0.00840545
        1517    -4.91677    -5.09479  0.00840073
        1518    -4.91658    -5.09467  0.00839601
        1519    -4.91646    -5.09455  0.00839131
        1520    -4.91626    -5.09443   0.0083866
        1521    -4.91598    -5.09432  0.00838191
        1522    -4.91608     -5.0942  0.00837722
        1523     -4.9161    -5.09408  0.00837254
        1524    -4.91619    -5.09397  0.00836786
        1525    -4.91636    -5.09385  0.00836318
        1526     -4.9166    -5.09373  0.00835851
        1527    -4.91677    -5.09362  0.00835384
        1528    -4.91717     -5.0935  0.00834917
        1529    -4.91734    -5.09339   0.0083445
        1530     -4.9182    -5.09327  0.00833983
        1531    -4.91899    -5.09316  0.00833516
        1532    -4.91986    -5.09305  0.00833049
        1533    -4.92095    -5.09293  0.00832581
        1534    -4.92152    -5.09282  0.00832113
        1535    -4.92217    -5.09271  0.00831646
        1536    -4.92304     -5.0926  0.00831178
        1537    -4.92399    -5.09249  0.00830709
        1538    -4.92546    -5.09238   0.0083024
        1539    -4.92655    -5.09227   0.0082977
        1540    -4.92756    -5.09217  0.00829301
        1541    -4.92893    -5.09206   0.0082883
        1542    -4.93022    -5.09196  0.00828359
        1543    -4.93187    -5.09185  0.00827887
        1544    -4.93358    -5.09175  0.00827414
        1545    -4.93518    -5.09165  0.00826941
        1546    -4.93669    -5.09155  0.00826467
        1547     -4.9384    -5.09145  0.00825992
        1548    -4.94015    -5.09135  0.00825516
        1549    -4.94209    -5.09125  0.00825039
        1550    -4.94421    -5.09116  0.00824562
        1551    -4.94576    -5.09107  0.00824083
        1552    -4.94765    -5.09097  0.00823604
        1553    -4.94985    -5.09088  0.00823124
        1554    -4.95162    -5.09079  0.00822643
        1555    -4.95371    -5.09071  0.00822161
        1556    -4.95611    -5.09062  0.00821678
        1557    -4.95821    -5.09053  0.00821195
        1558    -4.95986    -5.09045   0.0082071
        1559    -4.96181    -5.09037  0.00820225
        1560     -4.9636    -5.09029   0.0081974
        1561    -4.96568    -5.09021  0.00819254
        1562    -4.96759    -5.09013  0.00818767
        1563    -4.96948    -5.09005  0.00818279
        1564    -4.97105    -5.08997  0.00817791
        1565    -4.97304     -5.0899  0.00817303
        1566      -4.975    -5.08983  0.00816814
        1567    -4.97678    -5.08975  0.00816325
        1568    -4.97837    -5.08968  0.00815835
        1569    -4.98052    -5.08961  0.00815345
        1570    -4.98278    -5.08955  0.00814854
        1571    -4.98454    -5.08948  0.00814362
        1572     -4.9855    -5.08941  0.00813871
        1573    -4.98702    -5.08935   0.0081338
        1574    -4.98848    -5.08928  0.00812888
        1575    -4.99003    -5.08922  0.00812397
        1576    -4.99123    -5.08916  0.00811905
        1577    -4.99222     -5.0891  0.00811413
        1578     -4.9933    -5.08904  0.00810922
        1579    -4.99462    -5.08898   0.0081043
        1580    -4.99588    -5.08892  0.00809939
        1581    -4.99693    -5.08886  0.00809447
        1582    -4.99791     -5.0888  0.00808956
        1583    -4.99899    -5.08874  0.00808465
        1584    -4.99969    -5.08869  0.00807974
        1585    -5.00125    -5.08863  0.00807483
        1586    -5.00153    -5.08858  0.00806993
        1587     -5.0022    -5.08852  0.00806503
        1588    -5.00251    -5.08847  0.00806013
        1589    -5.00291    -5.08842  0.00805524
        1590     -5.0034    -5.08836  0.00805035
        1591    -5.00383    -5.08831  0.00804546
        1592    -5.00435    -5.08826  0.00804058
        1593    -5.00467     -5.0882  0.00803571
        1594    -5.00508    -5.08815  0.00803084
        1595    -5.00543     -5.0881  0.00802597
        1596    -5.00574    -5.08805   0.0080211
        1597    -5.00615      -5.088  0.00801625
        1598     -5.0059    -5.08795  0.00801139
        1599    -5.00606    -5.08789  0.00800655
        1600    -5.00588    -5.08784  0.00800171
        1601    -5.00565    -5.08779  0.00799687
        1602    -5.00524    -5.08774  0.00799205
        1603    -5.00554    -5.08769  0.00798723
        1604    -5.00506    -5.08764  0.00798241
        1605    -5.00484    -5.08759  0.00797761
        1606    -5.00445    -5.08753  0.00797281
        1607    -5.00403    -5.08748  0.00796802
        1608    -5.00388    -5.08743  0.00796323
        1609    -5.00357    -5.08738  0.00795845
        1610    -5.00323    -5.08733  0.00795368
        1611    -5.00273    -5.08727  0.00794892
        1612    -5.00237    -5.08722  0.00794416
        1613      -5.002    -5.08717  0.00793941
        1614    -5.00176    -5.08712  0.00793467
        1615    -5.00168    -5.08706  0.00792993
        1616    -5.00143    -5.08701   0.0079252
        1617    -5.00104    -5.08696  0.00792048
        1618    -5.00095     -5.0869  0.00791576
        1619    -5.00041    -5.08685  0.00791105
        1620    -4.99987     -5.0868  0.00790635
        1621    -4.99949    -5.08674  0.00790166
        1622    -4.99912    -5.08669  0.00789697
        1623    -4.99876    -5.08663  0.00789229
        1624    -4.99857    -5.08658  0.00788762
        1625    -4.99839    -5.08653  0.00788295
        1626    -4.99792    -5.08647  0.00787829
        1627    -4.99716    -5.08642  0.00787364
        1628    -4.99688    -5.08636  0.00786899
        1629    -4.99661    -5.08631  0.00786436
        1630    -4.99652    -5.08625  0.00785972
        1631    -4.99615     -5.0862   0.0078551
        1632    -4.99594    -5.08614  0.00785048
        1633    -4.99546    -5.08608  0.00784587
        1634     -4.9956    -5.08603  0.00784126
        1635    -4.99546    -5.08597  0.00783666
        1636     -4.9955    -5.08592  0.00783207
        1637    -4.99541    -5.08586  0.00782748
        1638    -4.99549    -5.08581   0.0078229
        1639    -4.99544    -5.08575  0.00781832
        1640    -4.99526     -5.0857  0.00781374
        1641    -4.99525    -5.08564  0.00780918
        1642    -4.99526    -5.08559  0.00780462
        1643     -4.9953    -5.08553  0.00780006
        1644     -4.9955    -5.08548  0.00779551
        1645    -4.99572    -5.08542  0.00779096
        1646    -4.99581    -5.08537  0.00778642
        1647    -4.99591    -5.08531  0.00778188
        1648    -4.99603    -5.08526  0.00777734
        1649    -4.99616    -5.08521  0.00777281
        1650    -4.99646    -5.08515  0.00776829
        1651    -4.99646     -5.0851  0.00776377
        1652    -4.99693    -5.08505  0.00775925
        1653     -4.9971    -5.08499  0.00775474
        1654    -4.99728    -5.08494  0.00775024
        1655    -4.99777    -5.08489  0.00774573
        1656    -4.99811    -5.08483  0.00774123
        1657     -4.9983    -5.08478  0.00773674
        1658    -4.99818    -5.08473  0.00773225
        1659    -4.99807    -5.08468  0.00772776
        1660    -4.99825    -5.08463  0.00772328
        1661    -4.99859    -5.08457  0.00771881
        1662    -4.99861    -5.08452  0.00771433
        1663    -4.99892    -5.08447  0.00770987
        1664    -4.99923    -5.08442   0.0077054
        1665    -4.99938    -5.08437  0.00770095
        1666    -4.99966    -5.08432  0.00769649
        1667    -4.99978    -5.08427  0.00769204
        1668    -4.99989    -5.08422   0.0076876
        1669    -5.00012    -5.08417  0.00768316
        1670    -5.00004    -5.08412  0.00767872
        1671    -5.00025    -5.08407  0.00767429
        1672    -5.00028    -5.08401  0.00766986
        1673    -4.99999    -5.08396  0.00766544
        1674    -5.00028    -5.08391  0.00766103
        1675    -5.00054    -5.08386  0.00765661
        1676    -5.00079    -5.08382  0.00765221
        1677    -5.00071    -5.08377   0.0076478
        1678    -5.00045    -5.08372  0.00764341
        1679    -5.00031    -5.08367  0.00763902
        1680    -4.99985    -5.08362  0.00763463
        1681    -4.99982    -5.08357  0.00763025
        1682    -4.99976    -5.08352  0.00762588
        1683    -4.99983    -5.08347  0.00762151
        1684    -4.99987    -5.08342  0.00761715
        1685    -4.99943    -5.08337  0.00761279
        1686    -4.99957    -5.08332  0.00760844
        1687    -4.99923    -5.08327  0.00760409
        1688    -4.99887    -5.08322  0.00759975
        1689    -4.99833    -5.08317  0.00759542
        1690    -4.99792    -5.08312  0.00759109
        1691    -4.99795    -5.08307  0.00758677
        1692    -4.99719    -5.08302  0.00758245
        1693    -4.99642    -5.08297  0.00757815
        1694    -4.99563    -5.08291  0.00757385
        1695    -4.99528    -5.08286  0.00756956
        1696    -4.99491    -5.08281  0.00756527
        1697    -4.99423    -5.08276  0.00756099
        1698    -4.99308    -5.08271  0.00755672
        1699    -4.99222    -5.08265  0.00755246
        1700    -4.99165     -5.0826  0.00754821
        1701    -4.99138    -5.08254  0.00754396
        1702     -4.9908    -5.08249  0.00753972
        1703    -4.99052    -5.08244  0.00753549
        1704    -4.98993    -5.08238  0.00753126
        1705    -4.98904    -5.08233  0.00752705
        1706    -4.98861    -5.08227  0.00752283
        1707    -4.98802    -5.08222  0.00751863
        1708    -4.98744    -5.08216  0.00751443
        1709    -4.98687    -5.08211  0.00751024
        1710    -4.98631    -5.08205  0.00750606
        1711    -4.98605    -5.08199  0.00750188
        1712    -4.98581    -5.08194  0.00749771
        1713    -4.98528    -5.08188  0.00749355
        1714    -4.98477    -5.08182  0.00748939
        1715    -4.98397    -5.08177  0.00748524
        1716    -4.98334    -5.08171   0.0074811
        1717    -4.98272    -5.08165  0.00747696
        1718    -4.98198    -5.08159  0.00747283
        1719    -4.98126    -5.08154  0.00746871
        1720    -4.98101    -5.08148   0.0074646
        1721    -4.98049    -5.08142  0.00746049
        1722    -4.97999    -5.08136  0.00745639
        1723    -4.97982     -5.0813   0.0074523
        1724    -4.97952    -5.08124  0.00744821
        1725     -4.9794    -5.08118  0.00744413
        1726    -4.97901    -5.08112  0.00744005
        1727    -4.97894    -5.08107  0.00743598
        1728    -4.97876    -5.08101  0.00743191
        1729    -4.97814    -5.08095  0.00742785
        1730    -4.97801    -5.08089  0.00742379
        1731    -4.97791    -5.08083  0.00741974
        1732    -4.97783    -5.08077   0.0074157
        1733    -4.97794    -5.08071  0.00741166
        1734    -4.97823    -5.08065  0.00740762
        1735    -4.97839    -5.08059  0.00740358
        1736    -4.97873    -5.08053  0.00739955
        1737    -4.97894    -5.08047  0.00739552
        1738    -4.97903    -5.08041   0.0073915
        1739    -4.97915    -5.08036  0.00738747
        1740    -4.97944     -5.0803  0.00738346
        1741    -4.97975    -5.08024  0.00737944
        1742    -4.98024    -5.08018  0.00737543
        1743    -4.98045    -5.08013  0.00737142
        1744    -4.98068    -5.08007  0.00736741
        1745    -4.98077    -5.08001  0.00736341
        1746    -4.98134    -5.07996  0.00735941
        1747    -4.98162     -5.0799  0.00735541
        1748    -4.98222    -5.07984  0.00735142
        1749    -4.98269    -5.07979  0.00734742
        1750    -4.98272    -5.07973  0.00734344
        1751    -4.98291    -5.07968  0.00733945
        1752    -4.98326    -5.07962  0.00733547
        1753    -4.98347    -5.07957  0.00733149
        1754    -4.98384    -5.07951  0.00732751
        1755    -4.98407    -5.07946  0.00732354
        1756    -4.98461     -5.0794  0.00731957
        1757      -4.985    -5.07935   0.0073156
        1758     -4.9854     -5.0793  0.00731163
        1759    -4.98625    -5.07924  0.00730767
        1760     -4.9865    -5.07919   0.0073037
        1761     -4.9869    -5.07914  0.00729974
        1762     -4.9873    -5.07909  0.00729579
        1763    -4.98755    -5.07904  0.00729183
        1764    -4.98794    -5.07898  0.00728788
        1765    -4.98849    -5.07893  0.00728393
        1766    -4.98918    -5.07888  0.00727999
        1767    -4.98927    -5.07883  0.00727604
        1768     -4.9898    -5.07878   0.0072721
        1769    -4.99002    -5.07873  0.00726816
        1770    -4.99039    -5.07868  0.00726423
        1771    -4.99106    -5.07863   0.0072603
        1772    -4.99111    -5.07858  0.00725637
        1773    -4.99146    -5.07853  0.00725244
        1774    -4.99181    -5.07848  0.00724852
        1775     -4.9926    -5.07844   0.0072446
        1776    -4.99262    -5.07839  0.00724068
        1777    -4.99295    -5.07834  0.00723676
        1778    -4.99327    -5.07829  0.00723285
        1779    -4.99343    -5.07824  0.00722894
        1780    -4.99388     -5.0782  0.00722504
        1781    -4.99418    -5.07815  0.00722113
        1782    -4.99448     -5.0781  0.00721723
        1783    -4.99477    -5.07806  0.00721334
        1784     -4.9949    -5.07801  0.00720944
        1785    -4.99504    -5.07796  0.00720556
        1786    -4.99562    -5.07792  0.00720167
        1787     -4.9956    -5.07787  0.00719779
        1788    -4.99603    -5.07782  0.00719391
        1789    -4.99662    -5.07778  0.00719003
        1790     -4.9969    -5.07773  0.00718615
        1791    -4.99703    -5.07769  0.00718228
        1792    -4.99762    -5.07764  0.00717841
        1793    -4.99775     -5.0776  0.00717455
        1794     -4.9979    -5.07755  0.00717069
        1795    -4.99789    -5.07751  0.00716683
        1796    -4.99804    -5.07747  0.00716297
        1797     -4.9985    -5.07742  0.00715912
        1798    -4.99882    -5.07738  0.00715527
        1799    -4.99884    -5.07733  0.00715143
        1800    -4.99917    -5.07729  0.00714759
        1801    -4.99966    -5.07725  0.00714375
        1802    -5.00016    -5.07721  0.00713991
        1803    -5.00066    -5.07716  0.00713608
        1804    -5.00133    -5.07712  0.00713225
        1805    -5.00201    -5.07708  0.00712842
        1806    -5.00209    -5.07704  0.00712459
        1807    -5.00294      -5.077  0.00712077
        1808    -5.00319    -5.07696  0.00711695
        1809     -5.0036    -5.07692  0.00711313
        1810    -5.00387    -5.07688  0.00710931
        1811     -5.0046    -5.07684   0.0071055
        1812    -5.00504     -5.0768  0.00710169
        1813    -5.00533    -5.07676  0.00709788
        1814    -5.00563    -5.07672  0.00709408
        1815    -5.00579    -5.07668  0.00709027
        1816    -5.00625    -5.07664  0.00708648
        1817    -5.00702     -5.0766  0.00708268
        1818    -5.00734    -5.07656  0.00707889
        1819    -5.00827    -5.07653  0.00707509
        1820    -5.00859    -5.07649  0.00707131
        1821    -5.00937    -5.07645  0.00706752
        1822       -5.01    -5.07641  0.00706373
        1823    -5.01078    -5.07638  0.00705995
        1824    -5.01155    -5.07634  0.00705617
        1825    -5.01187    -5.07631  0.00705239
        1826    -5.01219    -5.07627  0.00704862
        1827    -5.01235    -5.07624  0.00704485
        1828    -5.01265     -5.0762  0.00704108
        1829     -5.0131    -5.07617  0.00703731
        1830    -5.01369    -5.07613  0.00703355
        1831    -5.01397     -5.0761  0.00702979
        1832    -5.01484    -5.07607  0.00702603
        1833    -5.01541    -5.07603  0.00702228
        1834    -5.01565      -5.076  0.00701853
        1835    -5.01619    -5.07597  0.00701478
        1836    -5.01702    -5.07594  0.00701103
        1837    -5.01737     -5.0759  0.00700728
        1838    -5.01772    -5.07587  0.00700354
        1839    -5.01805    -5.07584  0.00699981
        1840    -5.01806    -5.07581  0.00699607
        1841    -5.01821    -5.07578  0.00699234
        1842    -5.01834    -5.07575  0.00698862
        1843    -5.01891    -5.07572  0.00698489
        1844    -5.01901    -5.07569  0.00698117
        1845    -5.01924    -5.07565  0.00697745
        1846    -5.01946    -5.07562  0.00697374
        1847    -5.01982    -5.07559  0.00697003
        1848     -5.0197    -5.07556  0.00696633
        1849    -5.01988    -5.07553  0.00696262
        1850    -5.01973     -5.0755  0.00695892
        1851    -5.01988    -5.07547  0.00695523
        1852    -5.01986    -5.07544  0.00695154
        1853    -5.01983    -5.07541  0.00694785
        1854    -5.02009    -5.07538  0.00694417
        1855    -5.02004    -5.07535  0.00694049
        1856    -5.01997    -5.07532  0.00693681
        1857    -5.02005    -5.07529  0.00693314
        1858    -5.01982    -5.07526  0.00692948
        1859    -5.02003    -5.07523  0.00692581
        1860    -5.02009    -5.07521  0.00692215
        1861    -5.02029    -5.07518  0.00691849
        1862    -5.02034    -5.07515  0.00691484
        1863    -5.02038    -5.07512  0.00691119
        1864    -5.02027    -5.07509  0.00690755
        1865    -5.02046    -5.07506  0.00690391
        1866     -5.0205    -5.07503  0.00690027
        1867    -5.02054      -5.075  0.00689663
        1868    -5.02058    -5.07497    0.006893
        1869    -5.02048    -5.07494  0.00688938
        1870    -5.02052    -5.07491  0.00688575
        1871    -5.02042    -5.07488  0.00688214
        1872    -5.02048    -5.07485  0.00687852
        1873    -5.02053    -5.07483  0.00687491
        1874     -5.0203     -5.0748   0.0068713
        1875    -5.02052    -5.07477   0.0068677
        1876    -5.02045    -5.07474   0.0068641
        1877    -5.02038    -5.07471   0.0068605
        1878    -5.02063    -5.07468  0.00685691
        1879    -5.02058    -5.07465  0.00685332
        1880    -5.02099    -5.07462  0.00684974
        1881    -5.02096    -5.07459  0.00684615
        1882    -5.02094    -5.07457  0.00684257
        1883    -5.02122    -5.07454    0.006839
        1884    -5.02137    -5.07451  0.00683543
        1885    -5.02167    -5.07448  0.00683186
        1886    -5.02183    -5.07445  0.00682829
        1887     -5.0217    -5.07443  0.00682473
        1888    -5.02173     -5.0744  0.00682117
        1889    -5.02206    -5.07437  0.00681762
        1890     -5.0221    -5.07434  0.00681407
        1891      -5.022    -5.07431  0.00681052
        1892    -5.02251    -5.07429  0.00680698
        1893    -5.02242    -5.07426  0.00680344
        1894    -5.02249    -5.07423   0.0067999
        1895    -5.02287    -5.07421  0.00679636
        1896    -5.02294    -5.07418  0.00679283
        1897    -5.02333    -5.07415  0.00678931
        1898    -5.02341    -5.07412  0.00678578
        1899    -5.02395     -5.0741  0.00678226
        1900    -5.02389    -5.07407  0.00677874
        1901    -5.02414    -5.07405  0.00677523
        1902    -5.02393    -5.07402  0.00677172
        1903    -5.02417    -5.07399  0.00676821
        1904    -5.02426    -5.07397   0.0067647
        1905    -5.02481    -5.07394   0.0067612
        1906     -5.0249    -5.07392   0.0067577
        1907    -5.02528    -5.07389  0.00675421
        1908    -5.02567    -5.07386  0.00675072
        1909    -5.02605    -5.07384  0.00674723
        1910    -5.02627    -5.07381  0.00674374
        1911    -5.02648    -5.07379  0.00674026
        1912    -5.02669    -5.07377  0.00673678
        1913    -5.02659    -5.07374   0.0067333
        1914    -5.02678    -5.07372  0.00672983
        1915    -5.02711    -5.07369  0.00672636
        1916    -5.02728    -5.07367  0.00672289
        1917    -5.02758    -5.07364  0.00671942
        1918    -5.02788    -5.07362  0.00671596
        1919    -5.02816     -5.0736  0.00671251
        1920    -5.02827    -5.07357  0.00670905
        1921    -5.02867    -5.07355   0.0067056
        1922     -5.0283    -5.07353  0.00670215
        1923    -5.02836     -5.0735  0.00669871
        1924     -5.0284    -5.07348  0.00669527
        1925    -5.02858    -5.07346  0.00669183
        1926    -5.02873    -5.07343   0.0066884
        1927    -5.02856    -5.07341  0.00668496
        1928    -5.02852    -5.07339  0.00668154
        1929     -5.0286    -5.07336  0.00667811
        1930     -5.0282    -5.07334   0.0066747
        1931    -5.02822    -5.07332  0.00667128
        1932    -5.02837    -5.07329  0.00666787
        1933    -5.02834    -5.07327  0.00666446
        1934    -5.02828    -5.07325  0.00666105
        1935    -5.02849    -5.07322  0.00665765
        1936    -5.02836     -5.0732  0.00665425
        1937    -5.02836    -5.07318  0.00665086
        1938    -5.02816    -5.07315  0.00664747
        1939    -5.02762    -5.07313  0.00664408
        1940    -5.02705    -5.07311   0.0066407
        1941    -5.02659    -5.07308  0.00663732
        1942    -5.02625    -5.07306  0.00663394
        1943    -5.02586    -5.07303  0.00663057
        1944    -5.02514    -5.07301  0.00662721
        1945    -5.02467    -5.07298  0.00662385
        1946    -5.02417    -5.07296  0.00662049
        1947    -5.02301    -5.07293  0.00661714
        1948    -5.02227    -5.07291   0.0066138
        1949    -5.02134    -5.07288  0.00661046
        1950    -5.02021    -5.07285  0.00660712
        1951    -5.01934    -5.07283  0.00660379
        1952    -5.01858     -5.0728  0.00660047
        1953    -5.01763    -5.07277  0.00659715
        1954    -5.01679    -5.07274  0.00659383
        1955     -5.0156    -5.07271  0.00659053
        1956    -5.01452    -5.07268  0.00658722
        1957    -5.01341    -5.07265  0.00658393
        1958    -5.01196    -5.07262  0.00658064
        1959    -5.01047    -5.07259  0.00657735
        1960    -5.00925    -5.07256  0.00657408
        1961    -5.00785    -5.07252  0.00657081
        1962    -5.00641    -5.07249  0.00656755
        1963     -5.0054    -5.07246  0.00656429
        1964    -5.00466    -5.07242  0.00656104
        1965     -5.0033    -5.07239  0.00655779
        1966    -5.00206    -5.07235  0.00655456
        1967    -5.00066    -5.07231  0.00655132
        1968    -4.99939    -5.07228   0.0065481
        1969    -4.99826    -5.07224  0.00654488
        1970    -4.99712     -5.0722  0.00654167
        1971    -4.99567    -5.07216  0.00653847
        1972    -4.99422    -5.07212  0.00653527
        1973    -4.99277    -5.07208  0.00653208
        1974    -4.99133    -5.07204   0.0065289
        1975     -4.9899      -5.072  0.00652573
        1976    -4.98833    -5.07196  0.00652256
        1977    -4.98693    -5.07192  0.00651941
        1978     -4.9851    -5.07187  0.00651626
        1979    -4.98344    -5.07183  0.00651312
        1980    -4.98197    -5.07178  0.00650999
        1981    -4.98068    -5.07174  0.00650686
        1982    -4.97944    -5.07169  0.00650375
        1983    -4.97824    -5.07164  0.00650064
        1984    -4.97724    -5.07159  0.00649754
        1985    -4.97615    -5.07155  0.00649444
        1986    -4.97496     -5.0715  0.00649135
        1987    -4.97368    -5.07145  0.00648827
        1988    -4.97278     -5.0714   0.0064852
        1989    -4.97224    -5.07135  0.00648213
        1990    -4.97163     -5.0713  0.00647906
        1991     -4.9708    -5.07125  0.00647601
        1992    -4.97005     -5.0712  0.00647296
        1993    -4.96954    -5.07115  0.00646991
        1994    -4.96896    -5.07109  0.00646687
        1995    -4.96863    -5.07104  0.00646383
        1996     -4.9684    -5.07099   0.0064608
        1997    -4.96826    -5.07094  0.00645777
        1998    -4.96807    -5.07089  0.00645474
        1999    -4.96828    -5.07084  0.00645171
        2000    -4.96814    -5.07079  0.00644869
