           1    -4.62155    -4.62155           0
           2    -4.62092    -4.62124 0.000222844
           3    -4.61989    -4.62079 0.000395188
           4    -4.61846    -4.62021  0.00058455
           5    -4.61663    -4.61949 0.000792268
           6     -4.6144    -4.61864  0.00101759
           7    -4.61177    -4.61766  0.00125956
           8    -4.60874    -4.61655  0.00151728
           9    -4.60531     -4.6153  0.00178994
          10    -4.60148    -4.61392  0.00207689
          11    -4.59725     -4.6124  0.00237752
          12    -4.59261    -4.61075  0.00269133
          13    -4.58757    -4.60897  0.00301788
          14    -4.58212    -4.60705  0.00335679
          15    -4.57627      -4.605   0.0037077
          16       -4.57    -4.60281  0.00407034
          17    -4.56333    -4.60049  0.00444443
          18    -4.55624    -4.59803  0.00482974
          19    -4.54874    -4.59544  0.00522607
          20    -4.54082     -4.5927  0.00563325
          21    -4.53248    -4.58984   0.0060511
          22    -4.52372    -4.58683   0.0064795
          23    -4.51454    -4.58369  0.00691831
          24    -4.50492    -4.58041  0.00736744
          25    -4.49488    -4.57699   0.0078268
          26    -4.48417    -4.57342  0.00830009
          27    -4.47326    -4.56971  0.00878263
          28     -4.4619    -4.56586  0.00927454
          29    -4.45011    -4.56186   0.0097759
          30    -4.43787    -4.55773   0.0102868
          31    -4.42517    -4.55346   0.0108073
          32    -4.41154    -4.54902    0.011343
          33    -4.39793    -4.54444   0.0118874
          34    -4.38338    -4.53971   0.0124459
          35    -4.36885    -4.53482   0.0130125
          36     -4.3536    -4.52979   0.0135899
          37    -4.33787     -4.5246    0.014178
          38    -4.32166    -4.51926   0.0147765
          39    -4.30473    -4.51376   0.0153875
          40     -4.2873     -4.5081   0.0160105
          41    -4.26962    -4.50228    0.016643
          42    -4.25096     -4.4963   0.0172891
          43    -4.23227    -4.49016   0.0179442
          44    -4.21235    -4.48385   0.0186141
          45    -4.19215    -4.47736   0.0192961
          46    -4.17119    -4.47071   0.0199916
          47    -4.15018    -4.46389   0.0206968
          48    -4.12864     -4.4569   0.0214117
          49    -4.10631    -4.44975    0.022138
          50    -4.08367    -4.44243   0.0228739
          51    -4.06001    -4.43493   0.0236225
          52    -4.03626    -4.42726   0.0243806
          53    -4.01218    -4.41943    0.025147
          54    -3.98753    -4.41143   0.0259221
          55    -3.96158    -4.40325     0.02671
          56    -3.93577     -4.3949   0.0275066
          57    -3.90888    -4.38638   0.0283148
          58    -3.88139    -4.37767   0.0291345
          59    -3.85233    -4.36877   0.0299705
          60    -3.82339    -4.35968   0.0308185
          61    -3.79382     -4.3504   0.0316786
          62    -3.76411    -4.34094   0.0325485
          63    -3.73376    -4.33131   0.0334283
          64    -3.70229    -4.32148   0.0343205
          65    -3.67066    -4.31147   0.0352227
          66    -3.63837    -4.30127   0.0361353
          67     -3.6059    -4.29089   0.0370565
          68    -3.57132    -4.28031   0.0379924
          69    -3.53728    -4.26954    0.038938
          70    -3.50279    -4.25859   0.0398926
          71    -3.46762    -4.24744   0.0408567
          72    -3.43103    -4.23611   0.0418332
          73    -3.39422    -4.22457   0.0428203
          74    -3.35551    -4.21283   0.0438225
          75    -3.31706    -4.20089   0.0448363
          76    -3.27814    -4.18874   0.0458608
          77    -3.23898    -4.17641   0.0468946
          78    -3.19813    -4.16387   0.0479413
          79    -3.15656    -4.15112   0.0490007
          80    -3.11426    -4.13816   0.0500729
          81     -3.0717    -4.12499   0.0511564
          82    -3.02865    -4.11162   0.0522505
          83    -2.98462    -4.09804   0.0533561
          84    -2.93961    -4.08425   0.0544741
          85    -2.89385    -4.07025   0.0556043
          86    -2.84784    -4.05603   0.0567454
          87     -2.8006     -4.0416   0.0578989
          88    -2.75238    -4.02695   0.0590654
          89     -2.7039    -4.01209   0.0602434
          90    -2.65492    -3.99701   0.0614324
          91    -2.60472    -3.98171   0.0626336
          92    -2.55355    -3.96618   0.0638475
          93    -2.50237    -3.95044   0.0650722
          94    -2.45095    -3.93449   0.0663064
          95    -2.39833    -3.91832   0.0675514
          96    -2.34475    -3.90193   0.0688077
          97    -2.29096    -3.88532   0.0700739
          98    -2.23575    -3.86849   0.0713519
          99    -2.18034    -3.85144   0.0726402
         100    -2.12426    -3.83416   0.0739386
         101    -2.06728    -3.81667   0.0752477
         102    -2.01013    -3.79896   0.0765659
         103    -1.95211    -3.78103   0.0778938
         104    -1.89348    -3.76288   0.0792311
         105    -1.83377    -3.74451   0.0805785
         106    -1.77444    -3.72592   0.0819337
         107     -1.7143    -3.70712   0.0832969
         108    -1.65339    -3.68811   0.0846684
         109    -1.59221    -3.66888   0.0860474
         110    -1.53028    -3.64944   0.0874339
         111    -1.46813    -3.62978   0.0888272
         112    -1.40456    -3.60992   0.0902287
         113    -1.34154    -3.58984    0.091636
         114    -1.27813    -3.56956   0.0930488
         115    -1.21412    -3.54908   0.0944671
         116    -1.15002     -3.5284   0.0958899
         117    -1.08562    -3.50752   0.0973168
         118    -1.02119    -3.48645   0.0987468
         119   -0.955561    -3.46518    0.100181
         120   -0.890456    -3.44373    0.101618
         121   -0.825185    -3.42209    0.103057
         122   -0.759302    -3.40026    0.104498
         123   -0.693086    -3.37825    0.105941
         124   -0.627295    -3.35606    0.107384
         125   -0.561004     -3.3337    0.108828
         126   -0.495454    -3.31118    0.110271
         127   -0.429481    -3.28849    0.111713
         128   -0.363846    -3.26564    0.113153
         129   -0.299311    -3.24264    0.114588
         130   -0.233991     -3.2195     0.11602
         131   -0.169365    -3.19622    0.117448
         132   -0.104028    -3.17279    0.118871
         133  -0.0389818    -3.14923     0.12029
         134     0.02453    -3.12554    0.121702
         135   0.0888774    -3.10173    0.123107
         136    0.152337    -3.07781    0.124506
         137    0.215112    -3.05377    0.125896
         138    0.277167    -3.02963    0.127276
         139    0.339187     -3.0054    0.128647
         140    0.400657    -2.98107    0.130009
         141    0.461542    -2.95665    0.131359
         142    0.521566    -2.93216    0.132698
         143    0.581659    -2.90759    0.134026
         144     0.64131    -2.88294    0.135342
         145    0.699282    -2.85824    0.136645
         146     0.75627    -2.83348    0.137934
         147    0.813208    -2.80867    0.139208
         148    0.868865    -2.78382    0.140468
         149    0.923696    -2.75894    0.141712
         150    0.978158    -2.73403     0.14294
         151      1.0315    -2.70909    0.144152
         152     1.08396    -2.68414    0.145348
         153     1.13525    -2.65917    0.146526
         154     1.18609     -2.6342    0.147687
         155     1.23549    -2.60924    0.148829
         156      1.2844    -2.58428    0.149953
         157     1.33232    -2.55933    0.151059
         158     1.37924     -2.5344    0.152146
         159     1.42466     -2.5095    0.153213
         160     1.46906    -2.48464     0.15426
         161      1.5129    -2.45981    0.155287
         162     1.55618    -2.43502    0.156295
         163      1.5972    -2.41028    0.157281
         164     1.63836    -2.38559    0.158248
         165     1.67726    -2.36097    0.159193
         166     1.71557    -2.33641    0.160117
         167     1.75232    -2.31193    0.161019
         168     1.78801    -2.28753      0.1619
         169     1.82286     -2.2632    0.162758
         170     1.85664    -2.23897    0.163595
         171     1.88983    -2.21482    0.164411
         172     1.92148    -2.19078    0.165204
         173     1.95182    -2.16683    0.165976
         174     1.98111    -2.14299    0.166725
         175     2.00983    -2.11926    0.167452
         176     2.03727    -2.09564    0.168158
         177      2.0644    -2.07214    0.168843
         178     2.09003    -2.04876    0.169505
         179      2.1144     -2.0255    0.170147
         180     2.13753    -2.00237    0.170766
         181     2.15967    -1.97938    0.171364
         182     2.18083    -1.95652     0.17194
         183     2.20126     -1.9338    0.172495
         184     2.22051    -1.91122    0.173029
         185      2.2393    -1.88879    0.173542
         186     2.25741     -1.8665    0.174035
         187     2.27437    -1.84435    0.174507
         188     2.29021    -1.82236    0.174959
         189     2.30541    -1.80052    0.175391
         190     2.31904    -1.77884    0.175803
         191      2.3328    -1.75731    0.176196
         192     2.34573    -1.73594    0.176569
         193     2.35787    -1.71473    0.176924
         194      2.3685    -1.69368    0.177259
         195     2.37861     -1.6728    0.177576
         196     2.38797    -1.65208    0.177875
         197     2.39637    -1.63153    0.178155
         198     2.40454    -1.61115    0.178418
         199     2.41155    -1.59093    0.178663
         200      2.4174    -1.57089     0.17889
         201     2.42333    -1.55102      0.1791
         202     2.42888    -1.53131    0.179294
         203     2.43382    -1.51178    0.179472
         204     2.43793    -1.49242    0.179633
         205     2.44195    -1.47323    0.179779
         206     2.44543    -1.45421     0.17991
         207     2.44813    -1.43535    0.180026
         208     2.45033    -1.41667    0.180127
         209     2.45204    -1.39816    0.180214
         210     2.45232    -1.37983    0.180286
         211     2.45262    -1.36166    0.180344
         212     2.45322    -1.34367    0.180389
         213     2.45317    -1.32584    0.180421
         214     2.45248    -1.30819    0.180439
         215     2.45166     -1.2907    0.180446
         216     2.45072    -1.27338     0.18044
         217     2.44993    -1.25622    0.180422
         218     2.44811    -1.23923    0.180393
         219     2.44598     -1.2224    0.180352
         220     2.44261    -1.20574      0.1803
         221     2.44018    -1.18924    0.180238
         222     2.43726    -1.17291    0.180164
         223     2.43411    -1.15673    0.180081
         224      2.4305    -1.14072    0.179988
         225      2.4267    -1.12486    0.179885
         226     2.42248    -1.10917    0.179773
         227     2.41905    -1.09362    0.179651
         228     2.41499    -1.07824    0.179521
         229     2.41104      -1.063    0.179383
         230     2.40696    -1.04791    0.179236
         231     2.40228    -1.03298    0.179081
         232     2.39727    -1.01819    0.178919
         233     2.39241    -1.00355    0.178749
         234     2.38748   -0.989062    0.178571
         235     2.38296   -0.974713    0.178387
         236     2.37839   -0.960505    0.178196
         237     2.37328   -0.946438    0.177998
         238     2.36863   -0.932509    0.177795
         239     2.36418   -0.918715    0.177585
         240     2.35994   -0.905054     0.17737
         241     2.35425    -0.89153    0.177149
         242     2.34926   -0.878139    0.176922
         243     2.34427   -0.864878     0.17669
         244     2.33951   -0.851745    0.176454
         245     2.33427   -0.838741    0.176212
         246     2.32951   -0.825862    0.175966
         247     2.32451   -0.813107    0.175715
         248      2.3195   -0.800476     0.17546
         249      2.3145   -0.787966      0.1752
         250      2.3095   -0.775576    0.174937
         251     2.30449   -0.763305     0.17467
         252     2.29972    -0.75115    0.174399
         253     2.29446   -0.739112    0.174125
         254     2.28967   -0.727188    0.173847
         255     2.28485   -0.715376    0.173566
         256     2.28002   -0.703675    0.173282
         257     2.27492   -0.692085    0.172995
         258     2.26978   -0.680605    0.172705
         259      2.2646   -0.669233    0.172412
         260     2.25914    -0.65797    0.172117
         261      2.2541   -0.646813    0.171818
         262      2.2478   -0.635765    0.171518
         263     2.24167   -0.624824    0.171214
         264     2.23618   -0.613987    0.170908
         265     2.23062   -0.603253      0.1706
         266     2.22497    -0.59262     0.17029
         267     2.21947   -0.582088    0.169977
         268     2.21339   -0.571657    0.169663
         269     2.20744   -0.561326    0.169346
         270      2.2009   -0.551096    0.169028
         271     2.19498   -0.540962    0.168707
         272     2.18845   -0.530928    0.168385
         273     2.18156   -0.520992    0.168061
         274     2.17503   -0.511152    0.167736
         275     2.16837   -0.501409    0.167409
         276     2.16159    -0.49176     0.16708
         277     2.15445   -0.482207     0.16675
         278     2.14789   -0.472746    0.166418
         279     2.14097   -0.463378    0.166085
         280     2.13369   -0.454103    0.165751
         281     2.12629    -0.44492    0.165415
         282     2.11853    -0.43583    0.165078
         283      2.1109   -0.426831     0.16474
         284     2.10316   -0.417922      0.1644
         285      2.0958   -0.409102     0.16406
         286     2.08835    -0.40037    0.163719
         287     2.08081   -0.391725    0.163376
         288     2.07223   -0.383169    0.163033
         289     2.06453     -0.3747    0.162689
         290     2.05654   -0.366316    0.162343
         291       2.048   -0.358019    0.161997
         292     2.03894   -0.349811     0.16165
         293     2.03081   -0.341686    0.161303
         294     2.02266   -0.333644    0.160954
         295       2.014   -0.325686    0.160605
         296     2.00511   -0.317811    0.160256
         297     1.99646   -0.310019    0.159906
         298     1.98807   -0.302307    0.159555
         299     1.97922   -0.294677    0.159204
         300     1.97089   -0.287125    0.158852
         301     1.96261   -0.279651      0.1585
         302     1.95415   -0.272254    0.158148
         303     1.94575   -0.264934    0.157795
         304     1.93743   -0.257689    0.157442
         305     1.92991   -0.250517    0.157089
         306     1.92201   -0.243417    0.156736
         307     1.91398    -0.23639    0.156383
         308     1.90654   -0.229432     0.15603
         309     1.89897   -0.222544    0.155677
         310     1.89154   -0.215725    0.155324
         311     1.88448   -0.208972    0.154971
         312     1.87756   -0.202284    0.154619
         313     1.87127   -0.195659    0.154267
         314     1.86416   -0.189099    0.153915
         315     1.85794   -0.182601    0.153563
         316     1.85092   -0.176165    0.153212
         317     1.84455   -0.169791    0.152862
         318     1.83884   -0.163475    0.152511
         319     1.83234   -0.157218    0.152161
         320     1.82649   -0.151019    0.151812
         321     1.82132   -0.144875    0.151464
         322     1.81633   -0.138784    0.151116
         323     1.81105   -0.132747    0.150768
         324      1.8062   -0.126763    0.150422
         325      1.8013    -0.12083    0.150076
         326     1.79683   -0.114948    0.149731
         327     1.79233   -0.109115    0.149386
         328     1.78802   -0.103331    0.149043
         329     1.78367  -0.0975958      0.1487
         330     1.77976  -0.0919069    0.148358
         331     1.77533  -0.0862657    0.148017
         332     1.77206  -0.0806683    0.147677
         333     1.76875  -0.0751145    0.147338
         334     1.76541   -0.069604       0.147
         335      1.7625   -0.064135    0.146663
         336     1.75932   -0.058708    0.146327
         337     1.75682  -0.0533207    0.145992
         338     1.75429  -0.0479727    0.145658
         339     1.75148  -0.0426646    0.145325
         340     1.74983  -0.0373926    0.144993
         341     1.74838  -0.0321557    0.144662
         342     1.74715  -0.0269531    0.144333
         343     1.74587  -0.0217845    0.144004
         344     1.74456  -0.0166498    0.143677
         345     1.74322  -0.0115487    0.143351
         346      1.7428 -0.00647833    0.143027
         347     1.74235 -0.00143848    0.142703
         348     1.74186  0.00357102    0.142381
         349     1.74207  0.00855238     0.14206
         350     1.74248   0.0135064    0.141741
         351     1.74237    0.018432    0.141423
         352     1.74272   0.0233305    0.141106
         353     1.74376   0.0282043     0.14079
         354     1.74477   0.0330533    0.140476
         355     1.74575   0.0378778    0.140163
         356     1.74671   0.0426779    0.139851
         357      1.7486   0.0474564    0.139541
         358     1.75119   0.0522154    0.139233
         359     1.75327   0.0569537    0.138925
         360     1.75605   0.0616735     0.13862
         361     1.75833   0.0663733    0.138315
         362     1.76106   0.0710548    0.138012
         363     1.76377   0.0757179    0.137711
         364     1.76694   0.0803641    0.137411
         365     1.77033   0.0849942    0.137112
         366      1.7737   0.0896082    0.136815
         367     1.77729   0.0942067     0.13652
         368     1.78133   0.0987913    0.136226
         369     1.78535    0.103362    0.135933
         370     1.78958    0.107919    0.135642
         371     1.79499    0.112467    0.135353
         372     1.80013    0.117003    0.135065
         373     1.80524    0.121529    0.134779
         374     1.81104    0.126047    0.134494
         375      1.8168    0.130556    0.134211
         376     1.82253    0.135055    0.133929
         377     1.82893    0.139549     0.13365
         378     1.83456    0.144033    0.133371
         379     1.84182    0.148512    0.133095
         380     1.84878    0.152987    0.132819
         381     1.85568    0.157456    0.132546
         382     1.86275     0.16192    0.132274
         383     1.86998    0.166379    0.132004
         384     1.87714    0.170835    0.131735
         385     1.88468    0.175286    0.131468
         386     1.89188    0.179733    0.131203
         387     1.89922    0.184176    0.130939
         388     1.90692    0.188616    0.130677
         389     1.91498    0.193054    0.130416
         390     1.92289     0.19749    0.130157
         391     1.93091    0.201923      0.1299
         392     1.93924    0.206355    0.129644
         393      1.9474    0.210785     0.12939
         394     1.95587    0.215214    0.129137
         395     1.96438    0.219643    0.128886
         396     1.97268     0.22407    0.128637
         397     1.98101    0.228495    0.128389
         398     1.98959     0.23292    0.128143
         399     1.99841    0.237345    0.127898
         400     2.00696    0.241769    0.127655
         401     2.01549    0.246192    0.127413
         402     2.02397    0.250614    0.127173
         403     2.03239    0.255036    0.126934
         404     2.04146    0.259457    0.126697
         405     2.04948    0.263877    0.126461
         406     2.05788    0.268296    0.126227
         407     2.06569    0.272712    0.125994
         408     2.07385    0.277127    0.125762
         409     2.08138    0.281538    0.125532
         410     2.08973    0.285948    0.125303
         411     2.09718    0.290355    0.125076
         412     2.10421    0.294758     0.12485
         413     2.11105    0.299156    0.124625
         414     2.11768    0.303548    0.124401
         415     2.12409    0.307935    0.124179
         416     2.13028    0.312316    0.123958
         417     2.13598    0.316689    0.123737
         418     2.14144    0.321054    0.123518
         419     2.14663    0.325411      0.1233
         420     2.15156    0.329759    0.123083
         421     2.15621    0.334098    0.122868
         422     2.16057    0.338426    0.122653
         423      2.1644    0.342743    0.122439
         424     2.16744    0.347046    0.122225
         425     2.17114    0.351338    0.122013
         426     2.17429    0.355617    0.121802
         427     2.17689    0.359883    0.121591
         428     2.17868    0.364132    0.121381
         429      2.1811    0.368368    0.121172
         430     2.18345    0.372589    0.120964
         431     2.18522    0.376794    0.120756
         432     2.18594    0.380982    0.120549
         433     2.18656    0.385152    0.120343
         434     2.18734    0.389305    0.120137
         435      2.1873    0.393438    0.119932
         436     2.18741    0.397552    0.119728
         437     2.18695    0.401647    0.119524
         438     2.18568     0.40572     0.11932
         439     2.18432    0.409772    0.119117
         440     2.18264    0.413801    0.118915
         441     2.18136    0.417809    0.118713
         442     2.17953    0.421795    0.118511
         443     2.17714    0.425757     0.11831
         444     2.17468    0.429696    0.118109
         445      2.1712     0.43361    0.117908
         446      2.1679    0.437498    0.117708
         447      2.1643    0.441361    0.117508
         448     2.16139    0.445201    0.117308
         449     2.15771    0.449015    0.117109
         450     2.15303    0.452801     0.11691
         451     2.14856    0.456561    0.116711
         452     2.14407    0.460295    0.116513
         453     2.13932    0.464001    0.116314
         454     2.13385    0.467679    0.116116
         455     2.12885     0.47133    0.115919
         456     2.12434    0.474955    0.115721
         457     2.11815    0.478551    0.115524
         458     2.11247    0.482118    0.115327
         459     2.10585    0.485656     0.11513
         460     2.09902    0.489163    0.114933
         461     2.09151    0.492639    0.114736
         462     2.08452    0.496085    0.114539
         463     2.07712      0.4995    0.114343
         464     2.07001    0.502884    0.114146
         465     2.06226    0.506238     0.11395
         466     2.05482    0.509561    0.113754
         467     2.04698    0.512853    0.113558
         468     2.03876    0.516113    0.113362
         469      2.0304    0.519342    0.113167
         470     2.02238     0.52254    0.112971
         471       2.014    0.525707    0.112775
         472     2.00598    0.528843     0.11258
         473     1.99784    0.531949    0.112385
         474     1.98888    0.535022     0.11219
         475     1.98055    0.538066    0.111995
         476     1.97164    0.541077      0.1118
         477     1.96266    0.544058    0.111606
         478     1.95383    0.547007    0.111411
         479     1.94495    0.549925    0.111217
         480     1.93576    0.552812    0.111022
         481     1.92627    0.555668    0.110828
         482     1.91674    0.558492    0.110634
         483     1.90694    0.561284     0.11044
         484      1.8971    0.564043    0.110247
         485     1.88772    0.566773    0.110053
         486     1.87857    0.569472     0.10986
         487     1.86942    0.572141    0.109667
         488     1.86003     0.57478    0.109474
         489      1.8504    0.577389    0.109281
         490     1.84056    0.579967    0.109088
         491     1.83074    0.582514    0.108896
         492     1.82096    0.585031    0.108704
         493     1.81194     0.58752    0.108512
         494      1.8025    0.589979     0.10832
         495     1.79288     0.59241    0.108128
         496     1.78333    0.594811    0.107937
         497     1.77531    0.597186    0.107746
         498      1.7657    0.599532    0.107555
         499     1.75691    0.601852    0.107365
         500     1.74824    0.604144    0.107174
         501     1.73968    0.606411    0.106984
         502      1.7315    0.608652    0.106795
         503      1.7237    0.610869    0.106605
         504     1.71557    0.613061    0.106416
         505     1.70737    0.615228    0.106228
         506     1.69958    0.617371    0.106039
         507     1.69245    0.619491    0.105851
         508     1.68503    0.621589    0.105664
         509     1.67806    0.623664    0.105477
         510     1.67057    0.625717     0.10529
         511      1.6638    0.627749    0.105103
         512     1.65725    0.629759    0.104917
         513     1.65095     0.63175    0.104732
         514     1.64466    0.633721    0.104546
         515     1.63863    0.635672    0.104362
         516     1.63238    0.637604    0.104177
         517     1.62762    0.639518    0.103993
         518     1.62218    0.641415     0.10381
         519     1.61752    0.643296    0.103627
         520     1.61339    0.645162    0.103444
         521     1.60958    0.647013    0.103262
         522     1.60608     0.64885    0.103081
         523     1.60243    0.650673      0.1029
         524     1.60006    0.652485     0.10272
         525     1.59682    0.654284     0.10254
         526     1.59416    0.656071     0.10236
         527     1.59136    0.657846    0.102181
         528     1.58963     0.65961    0.102003
         529     1.58873    0.661367    0.101825
         530     1.58818    0.663115    0.101648
         531     1.58726    0.664856    0.101472
         532      1.5867    0.666589    0.101296
         533     1.58698    0.668315    0.101121
         534     1.58762    0.670037    0.100946
         535     1.58863    0.671754    0.100772
         536     1.58975    0.673467    0.100598
         537     1.59076    0.675175    0.100425
         538     1.59308    0.676881    0.100253
         539     1.59529    0.678585    0.100082
         540     1.59833    0.680288   0.0999109
         541     1.60125     0.68199   0.0997408
         542     1.60429    0.683692   0.0995713
         543     1.60743    0.685393   0.0994024
         544      1.6114    0.687095   0.0992343
         545      1.6162      0.6888   0.0990668
         546     1.62134    0.690508   0.0989001
         547     1.62705     0.69222   0.0987341
         548     1.63189    0.693935   0.0985688
         549     1.63754    0.695654   0.0984043
         550     1.64375    0.697378   0.0982405
         551     1.65051    0.699107   0.0980774
         552     1.65685    0.700843   0.0979151
         553      1.6635    0.702583   0.0977535
         554     1.67092    0.704331   0.0975926
         555     1.67814    0.706086   0.0974326
         556     1.68564    0.707848   0.0972733
         557      1.6934    0.709617   0.0971147
         558     1.70167    0.711395   0.0969569
         559     1.70994    0.713181      0.0968
         560     1.71868    0.714977   0.0966437
         561     1.72741    0.716781   0.0964883
         562     1.73636    0.718596   0.0963337
         563     1.74623    0.720421   0.0961799
         564     1.75581    0.722257   0.0960269
         565     1.76556    0.724103   0.0958747
         566     1.77548    0.725961   0.0957233
         567     1.78578     0.72783   0.0955727
         568     1.79646    0.729711   0.0954229
         569     1.80653    0.731604    0.095274
         570      1.8167    0.733508   0.0951259
         571     1.82768    0.735424   0.0949786
         572     1.83848    0.737352   0.0948321
         573      1.8491    0.739292   0.0946864
         574     1.85974    0.741244   0.0945416
         575     1.87064    0.743209   0.0943976
         576     1.88105    0.745184   0.0942544
         577     1.89191    0.747171    0.094112
         578     1.90249     0.74917   0.0939704
         579     1.91325    0.751181   0.0938296
         580     1.92367    0.753202   0.0936896
         581     1.93375    0.755234   0.0935503
         582      1.9437    0.757276   0.0934119
         583     1.95374    0.759328   0.0932742
         584     1.96432    0.761392   0.0931373
         585       1.974    0.763465   0.0930012
         586      1.9837    0.765547   0.0928658
         587     1.99292    0.767638   0.0927311
         588     2.00188    0.769737   0.0925971
         589     2.01032    0.771843   0.0924639
         590      2.0187    0.773956   0.0923313
         591     2.02628    0.776075   0.0921994
         592     2.03399      0.7782   0.0920681
         593      2.0411     0.78033   0.0919375
         594     2.04831    0.782465   0.0918075
         595     2.05463    0.784603   0.0916781
         596       2.061    0.786744   0.0915493
         597     2.06645    0.788888    0.091421
         598     2.07144    0.791033   0.0912933
         599     2.07716     0.79318   0.0911662
         600     2.08118    0.795326   0.0910395
         601     2.08541    0.797473   0.0909133
         602     2.08888    0.799618   0.0907876
         603      2.0923    0.801762   0.0906623
         604      2.0947    0.803903   0.0905375
         605     2.09631    0.806039    0.090413
         606      2.0976     0.80817    0.090289
         607      2.0976    0.810294   0.0901652
         608     2.09775    0.812412   0.0900418
         609     2.09662    0.814521   0.0899186
         610     2.09587    0.816621   0.0897957
         611     2.09432    0.818712   0.0896731
         612     2.09173    0.820792   0.0895507
         613     2.08954    0.822862   0.0894285
         614     2.08584    0.824919   0.0893065
         615     2.08208    0.826963   0.0891847
         616     2.07756    0.828993    0.089063
         617     2.07229    0.831008   0.0889415
         618     2.06652    0.833008     0.08882
         619     2.06075    0.834991   0.0886987
         620      2.0538    0.836957   0.0885774
         621     2.04665    0.838905   0.0884562
         622     2.03932    0.840835    0.088335
         623     2.03208    0.842747   0.0882139
         624     2.02349    0.844639   0.0880929
         625     2.01504    0.846512   0.0879718
         626      2.0065    0.848365   0.0878508
         627     1.99766    0.850198   0.0877298
         628     1.98854     0.85201   0.0876088
         629     1.97892    0.853802   0.0874879
         630     1.96907    0.855572   0.0873669
         631     1.95877    0.857321   0.0872459
         632     1.94853    0.859047    0.087125
         633     1.93788    0.860752    0.087004
         634     1.92758    0.862434    0.086883
         635     1.91691    0.864095   0.0867621
         636     1.90639    0.865734   0.0866411
         637     1.89579    0.867351   0.0865202
         638     1.88465    0.868945   0.0863993
         639     1.87322    0.870517   0.0862784
         640     1.86249    0.872067   0.0861575
         641     1.85127    0.873594   0.0860366
         642     1.84005      0.8751   0.0859158
         643      1.8291    0.876584    0.085795
         644      1.8177    0.878045   0.0856742
         645      1.8073    0.879486   0.0855535
         646     1.79552    0.880904   0.0854328
         647     1.78478    0.882301   0.0853122
         648     1.77436    0.883677   0.0851916
         649     1.76379    0.885033   0.0850711
         650     1.75308    0.886369   0.0849507
         651     1.74297    0.887685   0.0848304
         652     1.73322    0.888981   0.0847102
         653     1.72288    0.890258   0.0845902
         654     1.71244    0.891516   0.0844701
         655     1.70287    0.892754   0.0843503
         656      1.6937    0.893975   0.0842305
         657     1.68494    0.895179   0.0841109
         658     1.67539    0.896365   0.0839914
         659     1.66603    0.897533   0.0838721
         660     1.65735    0.898684   0.0837529
         661     1.64839    0.899818   0.0836339
         662     1.64013    0.900937   0.0835151
         663     1.63186    0.902039   0.0833964
         664     1.62357    0.903126   0.0832778
         665     1.61602    0.904198   0.0831595
         666     1.60896    0.905256   0.0830414
         667     1.60168      0.9063   0.0829234
         668     1.59395    0.907329   0.0828057
         669     1.58771    0.908346   0.0826882
         670     1.58081     0.90935   0.0825708
         671     1.57469    0.910342   0.0824537
         672     1.56889    0.911322   0.0823369
         673     1.56317     0.91229   0.0822202
         674     1.55852    0.913249   0.0821038
         675     1.55372    0.914198   0.0819877
         676     1.54905    0.915137   0.0818718
         677     1.54474    0.916067   0.0817561
         678      1.5408    0.916988   0.0816407
         679       1.537    0.917902   0.0815256
         680     1.53408    0.918808   0.0814107
         681     1.53157    0.919708   0.0812962
         682     1.52946    0.920602   0.0811819
         683     1.52776    0.921491   0.0810679
         684     1.52649    0.922375   0.0809542
         685     1.52588    0.923256   0.0808408
         686     1.52547    0.924134   0.0807277
         687      1.5255    0.925009    0.080615
         688     1.52573    0.925882   0.0805025
         689     1.52617    0.926754   0.0803904
         690     1.52778    0.927625   0.0802786
         691     1.52959    0.928496   0.0801672
         692     1.53258    0.929369   0.0800561
         693      1.5353    0.930243   0.0799453
         694     1.53919    0.931121   0.0798349
         695     1.54281    0.932001   0.0797249
         696     1.54664    0.932884   0.0796153
         697     1.55139    0.933771    0.079506
         698     1.55659    0.934664   0.0793971
         699     1.56246    0.935562   0.0792886
         700     1.56876    0.936466   0.0791805
         701     1.57476    0.937377   0.0790727
         702      1.5819    0.938295   0.0789654
         703     1.58873     0.93922   0.0788585
         704     1.59596    0.940153    0.078752
         705     1.60358    0.941094   0.0786459
         706     1.61158    0.942044   0.0785403
         707      1.6202    0.943003    0.078435
         708     1.62917    0.943972   0.0783303
         709      1.6385    0.944952   0.0782259
         710     1.64888    0.945943    0.078122
         711     1.65959    0.946947   0.0780186
         712     1.66964    0.947962   0.0779156
         713     1.68024    0.948989   0.0778131
         714     1.69136    0.950029   0.0777111
         715     1.70251    0.951081   0.0776095
         716     1.71417    0.952147   0.0775084
         717     1.72583    0.953226   0.0774078
         718     1.73772    0.954318   0.0773077
         719     1.74911    0.955424   0.0772081
         720     1.76143    0.956543    0.077109
         721     1.77442    0.957678   0.0770104
         722     1.78712    0.958827   0.0769123
         723      1.7995    0.959989   0.0768147
         724     1.81252    0.961167   0.0767176
         725     1.82496    0.962358   0.0766211
         726     1.83826    0.963565    0.076525
         727     1.85216    0.964787   0.0764295
         728     1.86593    0.966025   0.0763346
         729      1.8798    0.967278   0.0762401
         730     1.89353    0.968547   0.0761463
         731     1.90734    0.969831   0.0760529
         732     1.92099    0.971131   0.0759601
         733     1.93542    0.972446   0.0758679
         734     1.94942    0.973777   0.0757762
         735     1.96372    0.975124   0.0756851
         736     1.97805    0.976487   0.0755945
         737     1.99242    0.977865   0.0755045
         738     2.00681     0.97926   0.0754151
         739     2.02122     0.98067   0.0753262
         740      2.0354    0.982095   0.0752379
         741     2.04934    0.983535   0.0751501
         742     2.06376    0.984991   0.0750629
         743     2.07816    0.986462   0.0749763
         744      2.0923    0.987949   0.0748903
         745     2.10618     0.98945   0.0748048
         746     2.12026    0.990965   0.0747199
         747     2.13454    0.992496   0.0746355
         748     2.14829    0.994041   0.0745518
         749     2.16294    0.995602   0.0744686
         750      2.1768    0.997177   0.0743859
         751     2.19058    0.998766   0.0743038
         752     2.20404     1.00037   0.0742223
         753     2.21813     1.00199   0.0741414
         754     2.23164     1.00362    0.074061
         755     2.24431     1.00526   0.0739811
         756     2.25806     1.00692   0.0739018
         757     2.27119     1.00859    0.073823
         758     2.28419     1.01027   0.0737448
         759     2.29679     1.01197   0.0736672
         760     2.30946     1.01367     0.07359
         761     2.32197     1.01539   0.0735134
         762     2.33477     1.01712   0.0734373
         763     2.34642     1.01887   0.0733617
         764     2.35834     1.02062   0.0732866
         765     2.37028     1.02238   0.0732121
         766     2.38176     1.02416    0.073138
         767     2.39227     1.02594   0.0730644
         768     2.40278     1.02773   0.0729912
         769     2.41303     1.02954   0.0729185
         770     2.42374     1.03135   0.0728463
         771     2.43417     1.03317   0.0727746
         772     2.44407     1.03499   0.0727032
         773     2.45392     1.03683   0.0726324
         774     2.46347     1.03867   0.0725619
         775     2.47246     1.04052   0.0724918
         776     2.48138     1.04238   0.0724222
         777     2.48998     1.04424    0.072353
         778       2.498     1.04611   0.0722841
         779     2.50569     1.04798   0.0722156
         780      2.5128     1.04986   0.0721474
         781     2.51981     1.05174   0.0720796
         782     2.52623     1.05363   0.0720121
         783     2.53302     1.05552   0.0719449
         784     2.53898     1.05741    0.071878
         785     2.54458     1.05931   0.0718114
         786     2.55007      1.0612   0.0717451
         787     2.55521      1.0631    0.071679
         788     2.55976       1.065   0.0716132
         789     2.56395      1.0669   0.0715476
         790     2.56804      1.0688   0.0714823
         791     2.57179      1.0707   0.0714172
         792     2.57447      1.0726   0.0713522
         793      2.5773      1.0745   0.0712875
         794     2.57955     1.07639   0.0712229
         795     2.58172     1.07829   0.0711585
         796     2.58358     1.08018   0.0710942
         797     2.58584     1.08207   0.0710301
         798     2.58659     1.08395   0.0709661
         799     2.58753     1.08583   0.0709022
         800      2.5877     1.08771   0.0708385
         801     2.58783     1.08958   0.0707748
         802     2.58817     1.09145   0.0707112
         803     2.58776     1.09332   0.0706477
         804     2.58734     1.09517   0.0705842
         805     2.58692     1.09703   0.0705209
         806     2.58626     1.09887   0.0704576
         807      2.5849     1.10072   0.0703943
         808     2.58332     1.10255   0.0703311
         809      2.5813     1.10438   0.0702679
         810     2.58004      1.1062   0.0702048
         811     2.57835     1.10802   0.0701417
         812     2.57649     1.10982   0.0700786
         813     2.57421     1.11162   0.0700156
         814     2.57106     1.11342   0.0699525
         815     2.56872      1.1152   0.0698895
         816     2.56599     1.11698   0.0698264
         817     2.56289     1.11875   0.0697634
         818     2.56015     1.12051   0.0697003
         819     2.55705     1.12227   0.0696373
         820     2.55408     1.12401   0.0695743
         821     2.55124     1.12575   0.0695112
         822     2.54831     1.12748   0.0694482
         823     2.54457      1.1292   0.0693852
         824     2.54146     1.13092   0.0693221
         825     2.53755     1.13262   0.0692591
         826      2.5343     1.13432    0.069196
         827     2.53073     1.13601   0.0691329
         828     2.52613     1.13769   0.0690698
         829      2.5222     1.13936   0.0690067
         830     2.51869     1.14102   0.0689436
         831     2.51441     1.14267   0.0688804
         832     2.51032     1.14432   0.0688172
         833     2.50643     1.14595    0.068754
         834      2.5025     1.14758   0.0686908
         835     2.49828      1.1492   0.0686276
         836     2.49403      1.1508   0.0685644
         837     2.48998      1.1524   0.0685011
         838     2.48566       1.154   0.0684379
         839     2.48107     1.15558   0.0683746
         840     2.47645     1.15715   0.0683112
         841     2.47228     1.15871   0.0682479
         842      2.4676     1.16027   0.0681846
         843      2.4629     1.16181   0.0681212
         844     2.45866     1.16335   0.0680578
         845     2.45415     1.16488   0.0679944
         846     2.45011      1.1664    0.067931
         847      2.4458     1.16791   0.0678676
         848     2.44148     1.16941   0.0678042
         849     2.43666      1.1709   0.0677407
         850     2.43182     1.17238   0.0676773
         851     2.42721     1.17386   0.0676138
         852     2.42258     1.17532   0.0675503
         853     2.41818     1.17678   0.0674869
         854     2.41353     1.17823   0.0674234
         855     2.40911     1.17967   0.0673599
         856     2.40492      1.1811   0.0672964
         857     2.39976     1.18252   0.0672329
         858     2.39532     1.18394   0.0671694
         859     2.39064     1.18534   0.0671059
         860     2.38619     1.18674   0.0670424
         861     2.38222     1.18813   0.0669789
         862      2.3773     1.18951   0.0669154
         863     2.37261     1.19088   0.0668519
         864      2.3677     1.19224   0.0667884
         865     2.36351     1.19359   0.0667249
         866     2.35862     1.19494   0.0666614
         867     2.35397     1.19627   0.0665979
         868     2.34935      1.1976   0.0665345
         869     2.34474     1.19892    0.066471
         870     2.33992     1.20023   0.0664075
         871      2.3356     1.20154   0.0663441
         872     2.33106     1.20283   0.0662806
         873     2.32657     1.20412   0.0662172
         874      2.3221      1.2054   0.0661538
         875     2.31864     1.20667   0.0660904
         876     2.31401     1.20794   0.0660271
         877     2.30991     1.20919   0.0659637
         878     2.30562     1.21044   0.0659004
         879     2.30162     1.21168   0.0658371
         880     2.29768     1.21292   0.0657739
         881     2.29284     1.21414   0.0657107
         882     2.28878     1.21536   0.0656475
         883     2.28503     1.21657   0.0655843
         884     2.28111     1.21778   0.0655211
         885     2.27751     1.21897   0.0654581
         886     2.27398     1.22017    0.065395
         887      2.2703     1.22135    0.065332
         888     2.26671     1.22253    0.065269
         889     2.26297      1.2237   0.0652061
         890     2.25956     1.22486   0.0651432
         891     2.25674     1.22602   0.0650804
         892     2.25329     1.22717   0.0650176
         893     2.24971     1.22832   0.0649549
         894     2.24697     1.22945   0.0648922
         895     2.24434     1.23059   0.0648296
         896     2.24159     1.23172   0.0647671
         897     2.23896     1.23284   0.0647046
         898     2.23694     1.23396   0.0646422
         899     2.23384     1.23507   0.0645799
         900     2.23208     1.23618   0.0645177
         901     2.22974     1.23728   0.0644555
         902     2.22778     1.23838   0.0643934
         903     2.22596     1.23947   0.0643313
         904      2.2243     1.24056   0.0642694
         905      2.2223     1.24165   0.0642075
         906     2.22118     1.24273   0.0641458
         907     2.21973     1.24381   0.0640841
         908     2.21893     1.24488   0.0640225
         909     2.21805     1.24595    0.063961
         910     2.21734     1.24702   0.0638997
         911     2.21632     1.24808   0.0638384
         912     2.21667     1.24914   0.0637772
         913     2.21624      1.2502   0.0637161
         914      2.2167     1.25126   0.0636552
         915     2.21734     1.25232   0.0635944
         916     2.21696     1.25337   0.0635337
         917     2.21724     1.25442   0.0634731
         918     2.21819     1.25547   0.0634126
         919     2.21932     1.25652   0.0633523
         920     2.22016     1.25757   0.0632921
         921     2.22118     1.25861    0.063232
         922     2.22288     1.25966   0.0631721
         923     2.22428      1.2607   0.0631123
         924     2.22611     1.26175   0.0630526
         925     2.22837     1.26279   0.0629931
         926     2.23009     1.26384   0.0629338
         927     2.23272     1.26488   0.0628746
         928     2.23602     1.26593   0.0628155
         929     2.23855     1.26698   0.0627566
         930     2.24173     1.26802   0.0626979
         931      2.2451     1.26907   0.0626393
         932     2.24913     1.27013   0.0625809
         933     2.25286     1.27118   0.0625227
         934     2.25651     1.27223   0.0624647
         935     2.26082     1.27329   0.0624068
         936     2.26506     1.27435   0.0623492
         937     2.26946     1.27541   0.0622917
         938      2.2733     1.27648   0.0622343
         939     2.27802     1.27754   0.0621772
         940      2.2824     1.27861   0.0621202
         941     2.28718     1.27968   0.0620635
         942     2.29137     1.28076   0.0620069
         943     2.29665     1.28184   0.0619505
         944     2.30183     1.28292   0.0618943
         945     2.30761       1.284   0.0618383
         946     2.31302     1.28509   0.0617825
         947     2.31855     1.28618   0.0617269
         948     2.32394     1.28727   0.0616715
         949     2.32967     1.28837   0.0616163
         950     2.33572     1.28947   0.0615613
         951     2.34162     1.29058   0.0615065
         952     2.34735     1.29169   0.0614519
         953     2.35339     1.29281   0.0613975
         954     2.35925     1.29392   0.0613433
         955     2.36491     1.29504   0.0612893
         956     2.37037     1.29617   0.0612355
         957     2.37683      1.2973    0.061182
         958     2.38308     1.29843   0.0611286
         959     2.38958     1.29957   0.0610754
         960      2.3956     1.30071   0.0610225
         961     2.40163     1.30186   0.0609697
         962     2.40788     1.30301   0.0609172
         963     2.41435     1.30416   0.0608649
         964     2.42056     1.30532   0.0608128
         965     2.42697     1.30648   0.0607608
         966     2.43333     1.30765   0.0607091
         967     2.43915     1.30882   0.0606576
         968     2.44491     1.30999   0.0606063
         969     2.45108     1.31117   0.0605552
         970     2.45692     1.31235   0.0605043
         971     2.46267     1.31353   0.0604536
         972     2.46857     1.31472   0.0604031
         973     2.47314     1.31591   0.0603527
         974     2.47881     1.31711   0.0603026
         975     2.48362      1.3183   0.0602526
         976     2.48854      1.3195   0.0602028
         977     2.49308      1.3207   0.0601532
         978     2.49771     1.32191   0.0601037
         979     2.50242     1.32311   0.0600544
         980     2.50673     1.32432   0.0600053
         981     2.51159     1.32553   0.0599563
         982     2.51603     1.32674   0.0599075
         983     2.52005     1.32796   0.0598588
         984     2.52412     1.32917   0.0598104
         985     2.52799     1.33039    0.059762
         986     2.53143     1.33161   0.0597138
         987     2.53442     1.33283   0.0596657
         988     2.53744     1.33405   0.0596178
         989     2.54026     1.33527     0.05957
         990     2.54262     1.33649   0.0595223
         991     2.54453      1.3377   0.0594747
         992     2.54671     1.33892   0.0594273
         993     2.54866     1.34014   0.0593799
         994     2.55041     1.34136   0.0593327
         995     2.55145     1.34258   0.0592855
         996     2.55276     1.34379   0.0592384
         997      2.5541       1.345   0.0591914
         998     2.55426     1.34622   0.0591445
         999     2.55421     1.34743   0.0590977
        1000     2.55444     1.34863   0.0590509
        1001     2.55422     1.34984   0.0590042
        1002     2.55404     1.35104   0.0589575
        1003     2.55414     1.35224    0.058911
        1004     2.55382     1.35343   0.0588644
        1005     2.55307     1.35463    0.058818
        1006     2.55165     1.35582   0.0587715
        1007     2.55054       1.357   0.0587252
        1008     2.54973     1.35819   0.0586788
        1009     2.54901     1.35937   0.0586325
        1010      2.5474     1.36054   0.0585863
        1011     2.54563     1.36172     0.05854
        1012      2.5442     1.36289   0.0584939
        1013     2.54263     1.36405   0.0584477
        1014     2.54044     1.36521   0.0584016
        1015     2.53811     1.36637   0.0583555
        1016     2.53591     1.36752   0.0583094
        1017     2.53334     1.36866   0.0582633
        1018     2.53137     1.36981   0.0582173
        1019     2.52906     1.37094   0.0581713
        1020     2.52664     1.37208   0.0581253
        1021     2.52412      1.3732   0.0580793
        1022     2.52078     1.37433   0.0580333
        1023     2.51831     1.37545   0.0579874
        1024     2.51528     1.37656   0.0579414
        1025     2.51192     1.37767   0.0578955
        1026     2.50872     1.37877   0.0578495
        1027     2.50544     1.37987   0.0578036
        1028     2.50161     1.38096   0.0577577
        1029     2.49796     1.38204   0.0577118
        1030     2.49399     1.38312   0.0576658
        1031     2.49021      1.3842   0.0576199
        1032      2.4866     1.38526   0.0575739
        1033     2.48318     1.38633    0.057528
        1034     2.47946     1.38738   0.0574821
        1035     2.47569     1.38844   0.0574362
        1036     2.47186     1.38948   0.0573903
        1037     2.46823     1.39052   0.0573443
        1038     2.46334     1.39155   0.0572984
        1039     2.45985     1.39258   0.0572525
        1040     2.45583     1.39361   0.0572066
        1041     2.45176     1.39462   0.0571606
        1042      2.4479     1.39563   0.0571147
        1043     2.44374     1.39664   0.0570688
        1044      2.4393     1.39764   0.0570229
        1045     2.43506     1.39863   0.0569769
        1046     2.43174     1.39962    0.056931
        1047     2.42693      1.4006   0.0568851
        1048     2.42256     1.40157   0.0568392
        1049     2.41839     1.40254   0.0567933
        1050     2.41417     1.40351   0.0567474
        1051     2.41014     1.40446   0.0567014
        1052     2.40559     1.40542   0.0566555
        1053       2.401     1.40636   0.0566096
        1054     2.39611      1.4073   0.0565637
        1055     2.39141     1.40823   0.0565178
        1056     2.38643     1.40916   0.0564718
        1057     2.38139     1.41008   0.0564259
        1058     2.37678     1.41099     0.05638
        1059     2.37139      1.4119    0.056334
        1060     2.36666      1.4128   0.0562881
        1061     2.36188     1.41369   0.0562421
        1062     2.35606     1.41458   0.0561962
        1063     2.35115     1.41546   0.0561502
        1064     2.34689     1.41634   0.0561043
        1065     2.34112     1.41721   0.0560583
        1066     2.33576     1.41807   0.0560123
        1067     2.33008     1.41892   0.0559664
        1068     2.32456     1.41977   0.0559204
        1069     2.31848     1.42061   0.0558744
        1070      2.3128     1.42145   0.0558284
        1071     2.30704     1.42227   0.0557824
        1072     2.30143     1.42309   0.0557364
        1073     2.29597     1.42391   0.0556904
        1074     2.28994     1.42471   0.0556444
        1075     2.28357     1.42551   0.0555983
        1076     2.27759      1.4263   0.0555523
        1077     2.27127     1.42709   0.0555063
        1078     2.26461     1.42786   0.0554602
        1079     2.25809     1.42863   0.0554141
        1080     2.25148      1.4294   0.0553681
        1081       2.245     1.43015    0.055322
        1082     2.23866      1.4309   0.0552759
        1083     2.23174     1.43164   0.0552298
        1084     2.22496     1.43237   0.0551837
        1085     2.21736     1.43309   0.0551376
        1086     2.21014     1.43381   0.0550915
        1087     2.20283     1.43452   0.0550453
        1088     2.19542     1.43522   0.0549992
        1089     2.18865     1.43591    0.054953
        1090      2.1813     1.43659   0.0549069
        1091     2.17364     1.43727   0.0548607
        1092     2.16589     1.43793   0.0548145
        1093     2.15855     1.43859   0.0547683
        1094     2.15042     1.43924   0.0547221
        1095     2.14175     1.43989   0.0546759
        1096     2.13373     1.44052   0.0546297
        1097     2.12518     1.44114   0.0545835
        1098     2.11731     1.44176   0.0545372
        1099      2.1094     1.44237    0.054491
        1100     2.10073     1.44296   0.0544447
        1101     2.09253     1.44355   0.0543985
        1102     2.08478     1.44414   0.0543522
        1103     2.07703     1.44471    0.054306
        1104     2.06856     1.44527   0.0542597
        1105     2.06033     1.44583   0.0542135
        1106     2.05261     1.44638   0.0541672
        1107     2.04491     1.44692    0.054121
        1108     2.03772     1.44745   0.0540748
        1109     2.02962     1.44798   0.0540286
        1110     2.02157      1.4485   0.0539824
        1111     2.01406       1.449   0.0539362
        1112     2.00638     1.44951     0.05389
        1113     1.99854        1.45   0.0538438
        1114     1.99103     1.45048   0.0537977
        1115     1.98338     1.45096   0.0537516
        1116     1.97559     1.45143   0.0537055
        1117     1.96768      1.4519   0.0536594
        1118     1.95989     1.45235   0.0536133
        1119     1.95296      1.4528   0.0535673
        1120     1.94617     1.45324   0.0535212
        1121     1.93928     1.45367   0.0534753
        1122      1.9328      1.4541   0.0534293
        1123     1.92648     1.45452   0.0533834
        1124     1.92057     1.45493   0.0533375
        1125      1.9134     1.45534   0.0532916
        1126     1.90761     1.45574   0.0532458
        1127     1.90202     1.45614   0.0532001
        1128     1.89615     1.45653   0.0531543
        1129     1.89169     1.45691   0.0531086
        1130     1.88672     1.45729    0.053063
        1131     1.88148     1.45767   0.0530174
        1132     1.87671     1.45804   0.0529719
        1133     1.87216     1.45841   0.0529264
        1134      1.8676     1.45877   0.0528809
        1135     1.86352     1.45912   0.0528355
        1136      1.8592     1.45947   0.0527902
        1137     1.85561     1.45982   0.0527449
        1138      1.8525     1.46017   0.0526997
        1139     1.84891     1.46051   0.0526545
        1140      1.8463     1.46085   0.0526094
        1141     1.84394     1.46118   0.0525644
        1142     1.84184     1.46152   0.0525194
        1143     1.83974     1.46185   0.0524745
        1144     1.83839     1.46218   0.0524297
        1145     1.83705      1.4625   0.0523849
        1146     1.83549     1.46283   0.0523402
        1147     1.83418     1.46315   0.0522956
        1148     1.83264     1.46348    0.052251
        1149     1.83232      1.4638   0.0522065
        1150     1.83153     1.46412   0.0521621
        1151     1.83123     1.46444   0.0521178
        1152     1.83166     1.46475   0.0520735
        1153     1.83257     1.46507   0.0520293
        1154     1.83324     1.46539   0.0519852
        1155     1.83391     1.46571   0.0519412
        1156     1.83529     1.46603   0.0518972
        1157     1.83665     1.46635   0.0518534
        1158     1.83824     1.46667   0.0518096
        1159     1.84004     1.46699   0.0517659
        1160      1.8423     1.46732   0.0517223
        1161     1.84428     1.46764   0.0516787
        1162     1.84646     1.46797   0.0516353
        1163     1.84906      1.4683   0.0515919
        1164     1.85161     1.46863   0.0515487
        1165     1.85505     1.46896   0.0515055
        1166     1.85793     1.46929   0.0514624
        1167     1.86121     1.46963   0.0514194
        1168     1.86488     1.46997   0.0513765
        1169     1.86819     1.47031   0.0513337
        1170     1.87163     1.47065   0.0512909
        1171     1.87543     1.47099   0.0512483
        1172     1.87932     1.47134   0.0512058
        1173     1.88354     1.47169   0.0511633
        1174     1.88785     1.47205    0.051121
        1175     1.89197     1.47241   0.0510787
        1176     1.89614     1.47277   0.0510365
        1177     1.90011     1.47313   0.0509945
        1178     1.90459      1.4735   0.0509525
        1179     1.90883     1.47387   0.0509106
        1180     1.91354     1.47424   0.0508688
        1181     1.91775     1.47461   0.0508271
        1182     1.92192     1.47499   0.0507855
        1183     1.92604     1.47537   0.0507441
        1184     1.93008     1.47576   0.0507026
        1185      1.9338     1.47614   0.0506613
        1186      1.9379     1.47653   0.0506201
        1187     1.94115     1.47692    0.050579
        1188     1.94499     1.47732   0.0505379
        1189     1.94868     1.47771    0.050497
        1190     1.95148     1.47811   0.0504561
        1191     1.95506     1.47851   0.0504153
        1192     1.95843     1.47892   0.0503747
        1193     1.96064     1.47932   0.0503341
        1194     1.96285     1.47972   0.0502935
        1195     1.96507     1.48013   0.0502531
        1196     1.96727     1.48054   0.0502127
        1197     1.96944     1.48095   0.0501724
        1198     1.97086     1.48136   0.0501322
        1199     1.97176     1.48176   0.0500921
        1200      1.9726     1.48217    0.050052
        1201     1.97338     1.48258    0.050012
        1202     1.97337     1.48299   0.0499721
        1203     1.97329      1.4834   0.0499322
        1204     1.97289      1.4838   0.0498924
        1205     1.97243     1.48421   0.0498526
        1206     1.97189     1.48461   0.0498129
        1207     1.97008     1.48502   0.0497733
        1208     1.96867     1.48542   0.0497337
        1209     1.96697     1.48582   0.0496941
        1210     1.96449     1.48621   0.0496546
        1211     1.96221      1.4866   0.0496152
        1212     1.95917     1.48699   0.0495758
        1213     1.95586     1.48738   0.0495364
        1214      1.9523     1.48776   0.0494971
        1215     1.94875     1.48814   0.0494578
        1216     1.94521     1.48852   0.0494186
        1217     1.94172     1.48889   0.0493794
        1218      1.9378     1.48926   0.0493402
        1219     1.93371     1.48962   0.0493011
        1220     1.92924     1.48998    0.049262
        1221     1.92441     1.49034   0.0492229
        1222     1.91924     1.49069   0.0491839
        1223     1.91447     1.49104   0.0491449
        1224     1.90964     1.49138   0.0491059
        1225     1.90454     1.49172    0.049067
        1226     1.89967     1.49205   0.0490281
        1227     1.89482     1.49238   0.0489892
        1228     1.89073      1.4927   0.0489504
        1229     1.88621     1.49302   0.0489116
        1230     1.88106     1.49334   0.0488729
        1231     1.87576     1.49365   0.0488342
        1232     1.87084     1.49396   0.0487955
        1233     1.86654     1.49426   0.0487569
        1234     1.86289     1.49456   0.0487183
        1235     1.85871     1.49485   0.0486797
        1236     1.85473     1.49514   0.0486412
        1237     1.85098     1.49543   0.0486027
        1238     1.84771     1.49571   0.0485643
        1239     1.84494       1.496   0.0485259
        1240     1.84196     1.49628   0.0484876
        1241     1.83903     1.49655   0.0484493
        1242     1.83688     1.49683   0.0484111
        1243     1.83529      1.4971   0.0483729
        1244     1.83427     1.49737   0.0483348
        1245     1.83382     1.49764   0.0482967
        1246     1.83276     1.49791   0.0482587
        1247     1.83206     1.49818   0.0482207
        1248     1.83196     1.49844   0.0481828
        1249     1.83224     1.49871    0.048145
        1250      1.8329     1.49898   0.0481072
        1251     1.83346     1.49925   0.0480695
        1252     1.83442     1.49951   0.0480319
        1253     1.83553     1.49978   0.0479943
        1254     1.83776     1.50005   0.0479568
        1255     1.84064     1.50032   0.0479193
        1256     1.84368      1.5006   0.0478819
        1257     1.84738     1.50087   0.0478446
        1258     1.85148     1.50115   0.0478074
        1259     1.85575     1.50143   0.0477703
        1260     1.86043     1.50172   0.0477332
        1261     1.86577     1.50201   0.0476962
        1262     1.87127      1.5023   0.0476593
        1263     1.87742      1.5026   0.0476225
        1264     1.88373      1.5029   0.0475858
        1265      1.8902      1.5032   0.0475492
        1266     1.89684     1.50351   0.0475126
        1267     1.90362     1.50383   0.0474762
        1268     1.91176     1.50415   0.0474398
        1269     1.91956     1.50448   0.0474036
        1270     1.92797     1.50481   0.0473674
        1271       1.937     1.50515   0.0473314
        1272     1.94664      1.5055   0.0472954
        1273     1.95687     1.50585   0.0472596
        1274     1.96721     1.50622   0.0472239
        1275     1.97765     1.50659   0.0471883
        1276     1.98818     1.50696   0.0471528
        1277     1.99999     1.50735   0.0471175
        1278     2.01186     1.50774   0.0470823
        1279     2.02379     1.50815   0.0470472
        1280       2.036     1.50856   0.0470123
        1281     2.04824     1.50898   0.0469774
        1282     2.06073     1.50941   0.0469428
        1283     2.07347     1.50985   0.0469082
        1284     2.08594      1.5103   0.0468739
        1285     2.09885     1.51076   0.0468396
        1286     2.11172     1.51123   0.0468055
        1287     2.12524      1.5117   0.0467716
        1288     2.13891     1.51219   0.0467378
        1289     2.15319     1.51269   0.0467042
        1290     2.16711     1.51319   0.0466707
        1291      2.1816     1.51371   0.0466375
        1292     2.19568     1.51424   0.0466044
        1293      2.2103     1.51478   0.0465714
        1294     2.22397     1.51533   0.0465387
        1295     2.23862     1.51588   0.0465061
        1296     2.25276     1.51645   0.0464737
        1297      2.2671     1.51703   0.0464414
        1298     2.28114     1.51762   0.0464094
        1299      2.2951     1.51822   0.0463775
        1300     2.30869     1.51883   0.0463458
        1301     2.32312     1.51945   0.0463143
        1302     2.33618     1.52007    0.046283
        1303     2.34906     1.52071   0.0462519
        1304     2.36221     1.52135   0.0462209
        1305     2.37562     1.52201   0.0461901
        1306     2.38805     1.52267   0.0461595
        1307     2.39997     1.52334   0.0461291
        1308     2.41231     1.52402   0.0460988
        1309     2.42386     1.52471   0.0460687
        1310     2.43531     1.52541   0.0460388
        1311     2.44713     1.52611    0.046009
        1312     2.45785     1.52682   0.0459794
        1313     2.46842     1.52754     0.04595
        1314      2.4781     1.52826   0.0459207
        1315      2.4876     1.52899   0.0458916
        1316     2.49667     1.52972   0.0458626
        1317     2.50528     1.53046   0.0458338
        1318     2.51368     1.53121   0.0458051
        1319     2.52185     1.53196   0.0457765
        1320     2.52882     1.53272   0.0457481
        1321     2.53555     1.53348   0.0457197
        1322     2.54155     1.53424   0.0456915
        1323     2.54753       1.535   0.0456634
        1324     2.55254     1.53577   0.0456354
        1325     2.55728     1.53654   0.0456074
        1326     2.56226     1.53732   0.0455796
        1327     2.56577     1.53809   0.0455518
        1328     2.56831     1.53887   0.0455242
        1329     2.57036     1.53964   0.0454965
        1330     2.57266     1.54042   0.0454689
        1331     2.57472      1.5412   0.0454414
        1332     2.57631     1.54198   0.0454139
        1333     2.57672     1.54275   0.0453865
        1334     2.57717     1.54353   0.0453591
        1335     2.57718      1.5443   0.0453317
        1336     2.57677     1.54507   0.0453044
        1337     2.57619     1.54585   0.0452771
        1338     2.57473     1.54661   0.0452498
        1339     2.57361     1.54738   0.0452225
        1340     2.57188     1.54815   0.0451952
        1341     2.56932     1.54891   0.0451679
        1342     2.56642     1.54967   0.0451406
        1343     2.56392     1.55042   0.0451133
        1344     2.55968     1.55117    0.045086
        1345      2.5561     1.55192   0.0450587
        1346     2.55226     1.55266   0.0450313
        1347     2.54768      1.5534   0.0450039
        1348     2.54334     1.55413   0.0449765
        1349     2.53877     1.55486   0.0449491
        1350     2.53449     1.55559   0.0449217
        1351     2.52976     1.55631   0.0448942
        1352     2.52463     1.55703   0.0448667
        1353     2.51957     1.55774   0.0448392
        1354     2.51388     1.55845   0.0448117
        1355      2.5083     1.55915   0.0447841
        1356     2.50212     1.55984   0.0447564
        1357     2.49631     1.56053   0.0447288
        1358     2.49041     1.56122   0.0447011
        1359     2.48395      1.5619   0.0446733
        1360      2.4779     1.56257   0.0446456
        1361     2.47227     1.56324   0.0446178
        1362     2.46636      1.5639   0.0445899
        1363     2.46018     1.56456   0.0445621
        1364     2.45396     1.56521   0.0445342
        1365      2.4475     1.56586   0.0445062
        1366     2.44078      1.5665   0.0444783
        1367     2.43455     1.56713   0.0444503
        1368     2.42881     1.56776   0.0444222
        1369     2.42309     1.56839   0.0443942
        1370     2.41716     1.56901   0.0443661
        1371     2.41078     1.56962    0.044338
        1372     2.40444     1.57023   0.0443098
        1373     2.39838     1.57083   0.0442817
        1374     2.39191     1.57143   0.0442535
        1375     2.38597     1.57202   0.0442253
        1376      2.3801     1.57261    0.044197
        1377     2.37406     1.57319   0.0441688
        1378     2.36859     1.57377   0.0441405
        1379     2.36271     1.57434   0.0441122
        1380     2.35717     1.57491   0.0440838
        1381     2.35147     1.57547   0.0440555
        1382     2.34612     1.57603   0.0440272
        1383     2.34087     1.57658   0.0439988
        1384     2.33621     1.57713   0.0439704
        1385     2.33094     1.57767   0.0439421
        1386      2.3253     1.57821   0.0439137
        1387     2.32051     1.57875   0.0438853
        1388     2.31535     1.57928   0.0438569
        1389     2.31105     1.57981   0.0438284
        1390     2.30688     1.58033      0.0438
        1391      2.3026     1.58085   0.0437716
        1392     2.29894     1.58136   0.0437432
        1393     2.29542     1.58188   0.0437148
        1394     2.29132     1.58239   0.0436864
        1395     2.28712     1.58289    0.043658
        1396     2.28308     1.58339   0.0436296
        1397     2.27991     1.58389   0.0436013
        1398     2.27641     1.58439   0.0435729
        1399     2.27355     1.58488   0.0435445
        1400      2.2706     1.58537   0.0435162
        1401     2.26733     1.58586   0.0434878
        1402     2.26495     1.58634   0.0434595
        1403       2.262     1.58682   0.0434312
        1404     2.25994      1.5873   0.0434029
        1405     2.25804     1.58778   0.0433746
        1406     2.25582     1.58825   0.0433464
        1407     2.25377     1.58873   0.0433182
        1408     2.25236      1.5892     0.04329
        1409     2.25112     1.58967   0.0432618
        1410     2.24956     1.59014   0.0432336
        1411     2.24889      1.5906   0.0432055
        1412     2.24814     1.59107   0.0431774
        1413     2.24755     1.59153   0.0431494
        1414     2.24689       1.592   0.0431214
        1415     2.24614     1.59246   0.0430934
        1416      2.2458     1.59292   0.0430654
        1417      2.2461     1.59338   0.0430375
        1418     2.24583     1.59384   0.0430096
        1419      2.2462      1.5943   0.0429817
        1420     2.24673     1.59476   0.0429539
        1421     2.24692     1.59522   0.0429261
        1422     2.24751     1.59568   0.0428984
        1423     2.24873     1.59614   0.0428707
        1424     2.24986      1.5966   0.0428431
        1425     2.25041     1.59705   0.0428154
        1426     2.25158     1.59751   0.0427879
        1427      2.2529     1.59797   0.0427604
        1428     2.25461     1.59843   0.0427329
        1429     2.25597     1.59889   0.0427055
        1430     2.25698     1.59935   0.0426781
        1431      2.2591     1.59981   0.0426507
        1432     2.26112     1.60028   0.0426235
        1433      2.2635     1.60074   0.0425962
        1434     2.26627      1.6012   0.0425691
        1435     2.26892     1.60167   0.0425419
        1436     2.27123     1.60213   0.0425149
        1437     2.27415      1.6026   0.0424878
        1438     2.27695     1.60307   0.0424609
        1439     2.28013     1.60354    0.042434
        1440     2.28295     1.60401   0.0424071
        1441     2.28639     1.60449   0.0423804
        1442     2.28923     1.60496   0.0423536
        1443     2.29244     1.60544    0.042327
        1444     2.29626     1.60592   0.0423004
        1445     2.30068      1.6064   0.0422738
        1446     2.30524     1.60688   0.0422473
        1447     2.30968     1.60737   0.0422209
        1448     2.31352     1.60785   0.0421946
        1449     2.31845     1.60834   0.0421683
        1450     2.32327     1.60884   0.0421421
        1451     2.32773     1.60933    0.042116
        1452     2.33232     1.60983   0.0420899
        1453     2.33728     1.61033   0.0420639
        1454     2.34211     1.61083    0.042038
        1455     2.34659     1.61134   0.0420122
        1456     2.35119     1.61185   0.0419864
        1457     2.35639     1.61236   0.0419607
        1458     2.36219     1.61287   0.0419351
        1459     2.36787     1.61339   0.0419095
        1460     2.37343     1.61391    0.041884
        1461     2.37933     1.61444   0.0418586
        1462     2.38511     1.61496   0.0418333
        1463     2.39099     1.61549   0.0418081
        1464     2.39674     1.61603   0.0417829
        1465     2.40331     1.61656   0.0417579
        1466     2.40926     1.61711   0.0417329
        1467     2.41578     1.61765    0.041708
        1468     2.42263      1.6182   0.0416832
        1469     2.42932     1.61875   0.0416585
        1470     2.43634     1.61931   0.0416338
        1471     2.44294     1.61987   0.0416093
        1472     2.44962     1.62043   0.0415849
        1473     2.45637       1.621   0.0415605
        1474     2.46341     1.62157   0.0415362
        1475     2.47026     1.62214   0.0415121
        1476     2.47717     1.62272    0.041488
        1477     2.48363     1.62331    0.041464
        1478     2.49061     1.62389   0.0414401
        1479     2.49738     1.62448   0.0414163
        1480     2.50416     1.62508   0.0413925
        1481     2.51097     1.62568   0.0413689
        1482     2.51803     1.62628   0.0413454
        1483     2.52508     1.62688   0.0413219
        1484     2.53214     1.62749   0.0412986
        1485     2.53943     1.62811   0.0412754
        1486     2.54621     1.62873   0.0412522
        1487     2.55273     1.62935   0.0412291
        1488      2.5597     1.62997   0.0412062
        1489     2.56639      1.6306   0.0411833
        1490     2.57352     1.63123   0.0411605
        1491     2.58036     1.63187   0.0411378
        1492     2.58738     1.63251   0.0411153
        1493     2.59433     1.63316   0.0410928
        1494     2.60073      1.6338   0.0410704
        1495     2.60682     1.63445    0.041048
        1496      2.6133     1.63511   0.0410258
        1497     2.61969     1.63577   0.0410037
        1498     2.62623     1.63643   0.0409816
        1499     2.63217     1.63709   0.0409597
        1500     2.63826     1.63776   0.0409378
        1501     2.64398     1.63843    0.040916
        1502     2.64934      1.6391   0.0408943
        1503     2.65529     1.63978   0.0408727
        1504     2.66086     1.64046   0.0408512
        1505     2.66629     1.64114   0.0408297
        1506     2.67133     1.64182   0.0408083
        1507      2.6767     1.64251    0.040787
        1508     2.68167      1.6432   0.0407658
        1509     2.68623     1.64389   0.0407447
        1510     2.69085     1.64458   0.0407236
        1511     2.69554     1.64528   0.0407026
        1512     2.69932     1.64598   0.0406816
        1513     2.70314     1.64668   0.0406607
        1514     2.70701     1.64738   0.0406399
        1515     2.71091     1.64808   0.0406191
        1516     2.71412     1.64878   0.0405984
        1517      2.7176     1.64949   0.0405778
        1518     2.72037     1.65019   0.0405572
        1519     2.72292      1.6509   0.0405366
        1520     2.72548      1.6516   0.0405161
        1521     2.72804     1.65231   0.0404957
        1522     2.72987     1.65302   0.0404752
        1523     2.73171     1.65373   0.0404549
        1524     2.73329     1.65444   0.0404345
        1525     2.73463     1.65514   0.0404142
        1526     2.73571     1.65585   0.0403939
        1527     2.73677     1.65656   0.0403737
        1528     2.73734     1.65727   0.0403534
        1529     2.73813     1.65798   0.0403332
        1530     2.73769     1.65868   0.0403131
        1531     2.73724     1.65939   0.0402929
        1532     2.73653     1.66009   0.0402727
        1533     2.73532     1.66079   0.0402526
        1534     2.73482     1.66149   0.0402324
        1535     2.73407     1.66219   0.0402123
        1536     2.73283     1.66289   0.0401921
        1537     2.73135     1.66358    0.040172
        1538      2.7289     1.66427   0.0401518
        1539     2.72695     1.66496   0.0401317
        1540     2.72502     1.66565   0.0401115
        1541     2.72239     1.66634   0.0400914
        1542     2.71979     1.66702   0.0400712
        1543     2.71651      1.6677    0.040051
        1544     2.71304     1.66838   0.0400308
        1545     2.70963     1.66905   0.0400105
        1546     2.70629     1.66972   0.0399903
        1547     2.70255     1.67039     0.03997
        1548     2.69867     1.67106   0.0399497
        1549     2.69441     1.67172   0.0399294
        1550      2.6898     1.67237    0.039909
        1551     2.68603     1.67303   0.0398886
        1552     2.68169     1.67368   0.0398682
        1553     2.67678     1.67432   0.0398478
        1554     2.67252     1.67496   0.0398273
        1555     2.66773      1.6756   0.0398068
        1556     2.66241     1.67624   0.0397863
        1557     2.65754     1.67687   0.0397657
        1558     2.65337     1.67749   0.0397451
        1559     2.64872     1.67812   0.0397245
        1560     2.64432     1.67874   0.0397039
        1561     2.63946     1.67935   0.0396832
        1562     2.63488     1.67996   0.0396625
        1563     2.63033     1.68057   0.0396418
        1564     2.62633     1.68118   0.0396211
        1565     2.62167     1.68178   0.0396003
        1566     2.61709     1.68237   0.0395795
        1567     2.61283     1.68297   0.0395587
        1568     2.60892     1.68356   0.0395379
        1569     2.60415     1.68415   0.0395171
        1570     2.59925     1.68473   0.0394962
        1571      2.5952     1.68531   0.0394753
        1572     2.59248     1.68589   0.0394544
        1573     2.58893     1.68646   0.0394335
        1574     2.58553     1.68703   0.0394126
        1575     2.58204      1.6876   0.0393917
        1576     2.57918     1.68816   0.0393707
        1577     2.57673     1.68873   0.0393498
        1578     2.57419     1.68929   0.0393289
        1579     2.57134     1.68985   0.0393079
        1580     2.56866      1.6904    0.039287
        1581     2.56639     1.69096    0.039266
        1582     2.56429     1.69151   0.0392451
        1583     2.56212     1.69206   0.0392242
        1584     2.56061     1.69261   0.0392032
        1585     2.55782     1.69315   0.0391823
        1586     2.55713      1.6937   0.0391614
        1587     2.55588     1.69424   0.0391405
        1588     2.55529     1.69478   0.0391196
        1589     2.55462     1.69533   0.0390987
        1590     2.55387     1.69587   0.0390778
        1591     2.55327      1.6964    0.039057
        1592     2.55259     1.69694   0.0390362
        1593     2.55231     1.69748   0.0390153
        1594     2.55192     1.69802   0.0389946
        1595     2.55168     1.69855   0.0389738
        1596     2.55156     1.69908    0.038953
        1597     2.55134     1.69962   0.0389323
        1598      2.5522     1.70015   0.0389116
        1599     2.55245     1.70068   0.0388909
        1600     2.55328     1.70122   0.0388702
        1601     2.55422     1.70175   0.0388496
        1602     2.55549     1.70228    0.038829
        1603     2.55564     1.70282   0.0388084
        1604     2.55707     1.70335   0.0387879
        1605     2.55808     1.70388   0.0387674
        1606      2.5594     1.70441   0.0387469
        1607     2.56077     1.70495   0.0387265
        1608      2.5617     1.70548    0.038706
        1609      2.5629     1.70601   0.0386857
        1610     2.56413     1.70655   0.0386653
        1611     2.56562     1.70708    0.038645
        1612     2.56688     1.70761   0.0386247
        1613     2.56814     1.70815   0.0386044
        1614     2.56916     1.70868   0.0385842
        1615     2.56992     1.70921    0.038564
        1616      2.5709     1.70975   0.0385438
        1617     2.57209     1.71028   0.0385237
        1618     2.57276     1.71081   0.0385035
        1619     2.57412     1.71134   0.0384834
        1620     2.57542     1.71188   0.0384634
        1621     2.57643     1.71241   0.0384434
        1622     2.57738     1.71294   0.0384234
        1623     2.57826     1.71348   0.0384034
        1624     2.57883     1.71401   0.0383834
        1625     2.57932     1.71454   0.0383635
        1626     2.58021     1.71508   0.0383436
        1627      2.5815     1.71561   0.0383237
        1628     2.58198     1.71614   0.0383039
        1629     2.58236     1.71667   0.0382841
        1630     2.58241      1.7172   0.0382643
        1631     2.58284     1.71773   0.0382445
        1632     2.58293     1.71826   0.0382247
        1633      2.5834     1.71879    0.038205
        1634     2.58281     1.71932   0.0381853
        1635      2.5826     1.71985   0.0381656
        1636     2.58204     1.72038   0.0381459
        1637     2.58162      1.7209   0.0381262
        1638     2.58086     1.72143   0.0381065
        1639     2.58023     1.72195   0.0380869
        1640     2.57975     1.72248   0.0380672
        1641     2.57893       1.723   0.0380476
        1642     2.57801     1.72352    0.038028
        1643     2.57699     1.72404   0.0380084
        1644     2.57564     1.72456   0.0379888
        1645     2.57421     1.72507   0.0379693
        1646     2.57293     1.72559   0.0379497
        1647     2.57156      1.7261   0.0379301
        1648     2.57012     1.72661   0.0379106
        1649      2.5686     1.72712    0.037891
        1650     2.56677     1.72763   0.0378715
        1651     2.56536     1.72814   0.0378519
        1652     2.56317     1.72865   0.0378324
        1653     2.56139     1.72915   0.0378128
        1654     2.55957     1.72965   0.0377933
        1655     2.55722     1.73015   0.0377738
        1656     2.55507     1.73065   0.0377543
        1657     2.55312     1.73115   0.0377347
        1658     2.55163     1.73164   0.0377152
        1659      2.5501     1.73213   0.0376957
        1660     2.54808     1.73263   0.0376762
        1661      2.5458     1.73312   0.0376567
        1662     2.54399      1.7336   0.0376372
        1663      2.5417     1.73409   0.0376177
        1664     2.53941     1.73457   0.0375982
        1665     2.53736     1.73506   0.0375787
        1666     2.53508     1.73554   0.0375592
        1667     2.53306     1.73601   0.0375398
        1668     2.53106     1.73649   0.0375203
        1669     2.52884     1.73697   0.0375008
        1670     2.52713     1.73744   0.0374813
        1671     2.52497     1.73791   0.0374619
        1672     2.52309     1.73838   0.0374424
        1673     2.52173     1.73885    0.037423
        1674     2.51945     1.73931   0.0374035
        1675     2.51721     1.73978   0.0373841
        1676     2.51503     1.74024   0.0373646
        1677     2.51337      1.7407   0.0373452
        1678     2.51201     1.74116   0.0373257
        1679     2.51046     1.74162   0.0373063
        1680     2.50946     1.74208   0.0372869
        1681     2.50778     1.74253   0.0372675
        1682     2.50617     1.74299   0.0372481
        1683     2.50437     1.74344   0.0372287
        1684     2.50263     1.74389   0.0372094
        1685     2.50167     1.74434     0.03719
        1686      2.4998     1.74479   0.0371706
        1687     2.49872     1.74523   0.0371513
        1688     2.49768     1.74568    0.037132
        1689     2.49694     1.74613   0.0371126
        1690     2.49601     1.74657   0.0370933
        1691     2.49441     1.74701    0.037074
        1692     2.49405     1.74745   0.0370548
        1693     2.49374     1.74789   0.0370355
        1694     2.49347     1.74833   0.0370162
        1695     2.49251     1.74877    0.036997
        1696     2.49158     1.74921   0.0369778
        1697     2.49116     1.74965   0.0369586
        1698     2.49149     1.75008   0.0369394
        1699     2.49135     1.75052   0.0369202
        1700     2.49075     1.75096   0.0369011
        1701     2.48968     1.75139   0.0368819
        1702     2.48909     1.75182   0.0368628
        1703     2.48803     1.75226   0.0368437
        1704     2.48744     1.75269   0.0368246
        1705     2.48732     1.75312   0.0368055
        1706     2.48647     1.75355   0.0367865
        1707     2.48584     1.75398   0.0367674
        1708     2.48518     1.75441   0.0367484
        1709      2.4845     1.75483   0.0367294
        1710     2.48378     1.75526   0.0367104
        1711     2.48254     1.75568   0.0366914
        1712     2.48126     1.75611   0.0366724
        1713     2.48042     1.75653   0.0366534
        1714     2.47952     1.75695   0.0366345
        1715     2.47905     1.75737   0.0366155
        1716     2.47828     1.75779   0.0365966
        1717     2.47744     1.75821   0.0365777
        1718     2.47678     1.75863   0.0365588
        1719     2.47605     1.75905   0.0365399
        1720     2.47453     1.75946    0.036521
        1721     2.47341     1.75988   0.0365021
        1722     2.47222     1.76029   0.0364833
        1723     2.47046     1.76071   0.0364644
        1724     2.46887     1.76112   0.0364456
        1725     2.46695     1.76153   0.0364268
        1726     2.46544     1.76193    0.036408
        1727     2.46335     1.76234   0.0363891
        1728     2.46143     1.76274   0.0363703
        1729     2.46014     1.76315   0.0363515
        1730     2.45805     1.76355   0.0363327
        1731     2.45587     1.76395   0.0363139
        1732      2.4536     1.76435   0.0362952
        1733     2.45102     1.76474   0.0362764
        1734     2.44811     1.76514   0.0362576
        1735     2.44536     1.76553   0.0362388
        1736      2.4423     1.76592     0.03622
        1737      2.4394     1.76631   0.0362013
        1738     2.43666     1.76669   0.0361825
        1739     2.43386     1.76708   0.0361637
        1740     2.43075     1.76746   0.0361449
        1741     2.42757     1.76784   0.0361262
        1742     2.42409     1.76821   0.0361074
        1743     2.42103     1.76859   0.0360886
        1744     2.41792     1.76896   0.0360699
        1745       2.415     1.76933   0.0360511
        1746     2.41131      1.7697   0.0360323
        1747     2.40806     1.77006   0.0360135
        1748     2.40428     1.77043   0.0359948
        1749     2.40071     1.77079    0.035976
        1750     2.39783     1.77115   0.0359572
        1751     2.39468      1.7715   0.0359384
        1752     2.39127     1.77185   0.0359197
        1753     2.38808     1.77221   0.0359009
        1754     2.38463     1.77256   0.0358821
        1755     2.38141      1.7729   0.0358634
        1756      2.3777     1.77325   0.0358446
        1757     2.37423     1.77359   0.0358258
        1758     2.37076     1.77393   0.0358071
        1759     2.36658     1.77427   0.0357883
        1760     2.36336      1.7746   0.0357695
        1761     2.35992     1.77493   0.0357507
        1762     2.35649     1.77526    0.035732
        1763     2.35332     1.77559   0.0357132
        1764     2.34993     1.77592   0.0356945
        1765     2.34632     1.77624   0.0356757
        1766      2.3425     1.77656   0.0356569
        1767     2.33967     1.77688   0.0356382
        1768     2.33615      1.7772   0.0356194
        1769     2.33315     1.77751   0.0356007
        1770     2.32994     1.77782   0.0355819
        1771     2.32628     1.77813   0.0355632
        1772     2.32362     1.77844   0.0355445
        1773     2.32052     1.77874   0.0355257
        1774     2.31745     1.77905    0.035507
        1775     2.31371     1.77935   0.0354883
        1776      2.3112     1.77965   0.0354695
        1777     2.30825     1.77995   0.0354508
        1778     2.30534     1.78024   0.0354321
        1779     2.30271     1.78054   0.0354134
        1780     2.29963     1.78083   0.0353947
        1781     2.29683     1.78112    0.035376
        1782     2.29406      1.7814   0.0353574
        1783     2.29133     1.78169   0.0353387
        1784     2.28886     1.78198     0.03532
        1785     2.28643     1.78226   0.0353014
        1786      2.2833     1.78254   0.0352827
        1787     2.28115     1.78282   0.0352641
        1788     2.27831     1.78309   0.0352454
        1789     2.27525     1.78337   0.0352268
        1790     2.27269     1.78364   0.0352082
        1791     2.27038     1.78391   0.0351896
        1792     2.26737     1.78418    0.035171
        1793     2.26509     1.78445   0.0351524
        1794     2.26283     1.78472   0.0351338
        1795     2.26081     1.78498   0.0351152
        1796     2.25855     1.78525   0.0350967
        1797     2.25582     1.78551   0.0350781
        1798     2.25334     1.78577   0.0350596
        1799     2.25133     1.78603    0.035041
        1800     2.24884     1.78629   0.0350225
        1801     2.24611     1.78654    0.035004
        1802     2.24338      1.7868   0.0349855
        1803     2.24065     1.78705    0.034967
        1804     2.23767      1.7873   0.0349485
        1805     2.23468     1.78754     0.03493
        1806     2.23266     1.78779   0.0349116
        1807     2.22942     1.78804   0.0348931
        1808     2.22715     1.78828   0.0348746
        1809     2.22463     1.78852   0.0348562
        1810     2.22234     1.78876   0.0348378
        1811     2.21934       1.789   0.0348193
        1812     2.21681     1.78923   0.0348009
        1813     2.21453     1.78947   0.0347825
        1814     2.21225      1.7897   0.0347641
        1815     2.21022     1.78993   0.0347457
        1816     2.20771     1.79016   0.0347274
        1817     2.20474     1.79039    0.034709
        1818     2.20249     1.79062   0.0346906
        1819      2.1993     1.79084   0.0346723
        1820     2.19708     1.79107    0.034654
        1821     2.19417     1.79129   0.0346356
        1822     2.19152     1.79151   0.0346173
        1823     2.18865     1.79172    0.034599
        1824     2.18581     1.79194   0.0345807
        1825     2.18373     1.79215   0.0345625
        1826     2.18168     1.79237   0.0345442
        1827      2.1799     1.79258   0.0345259
        1828     2.17793     1.79279   0.0345077
        1829     2.17576       1.793   0.0344895
        1830      2.1734     1.79321   0.0344712
        1831     2.17156     1.79341    0.034453
        1832     2.16882     1.79362   0.0344348
        1833      2.1666     1.79382   0.0344166
        1834     2.16493     1.79403   0.0343985
        1835     2.16283     1.79423   0.0343803
        1836     2.16031     1.79443   0.0343622
        1837     2.15857     1.79462    0.034344
        1838      2.1569     1.79482   0.0343259
        1839     2.15528     1.79502   0.0343078
        1840     2.15422     1.79521   0.0342897
        1841     2.15298     1.79541   0.0342716
        1842      2.1518      1.7956   0.0342536
        1843     2.14997     1.79579   0.0342355
        1844     2.14892     1.79598   0.0342175
        1845      2.1477     1.79617   0.0341995
        1846     2.14654     1.79636   0.0341815
        1847     2.14521     1.79655   0.0341635
        1848     2.14466     1.79674   0.0341455
        1849     2.14369     1.79693   0.0341276
        1850     2.14326     1.79712   0.0341097
        1851     2.14241      1.7973   0.0340917
        1852     2.14185     1.79749   0.0340738
        1853     2.14134     1.79767    0.034056
        1854     2.14041     1.79786   0.0340381
        1855        2.14     1.79804   0.0340202
        1856     2.13965     1.79823   0.0340024
        1857     2.13909     1.79841   0.0339846
        1858     2.13906      1.7986   0.0339668
        1859     2.13834     1.79878    0.033949
        1860      2.1379     1.79896   0.0339313
        1861     2.13724     1.79914   0.0339135
        1862     2.13686     1.79932   0.0338958
        1863     2.13651      1.7995   0.0338781
        1864     2.13641     1.79968   0.0338604
        1865     2.13586     1.79987   0.0338427
        1866     2.13555     1.80005    0.033825
        1867     2.13527     1.80022   0.0338074
        1868     2.13499      1.8004   0.0337898
        1869     2.13497     1.80058   0.0337722
        1870     2.13471     1.80076   0.0337546
        1871      2.1347     1.80094    0.033737
        1872     2.13444     1.80112   0.0337195
        1873     2.13419      1.8013   0.0337019
        1874     2.13442     1.80147   0.0336844
        1875     2.13392     1.80165   0.0336669
        1876     2.13389     1.80183   0.0336494
        1877     2.13386     1.80201    0.033632
        1878     2.13334     1.80218   0.0336145
        1879     2.13329     1.80236   0.0335971
        1880     2.13251     1.80253   0.0335797
        1881     2.13244     1.80271   0.0335623
        1882     2.13236     1.80288   0.0335449
        1883     2.13179     1.80306   0.0335276
        1884     2.13144     1.80323   0.0335102
        1885     2.13085     1.80341   0.0334929
        1886     2.13049     1.80358   0.0334756
        1887     2.13059     1.80375   0.0334583
        1888     2.13045     1.80393    0.033441
        1889     2.12982      1.8041   0.0334238
        1890     2.12966     1.80427   0.0334065
        1891     2.12973     1.80444   0.0333893
        1892     2.12883     1.80461   0.0333721
        1893      2.1289     1.80479   0.0333549
        1894     2.12871     1.80496   0.0333377
        1895     2.12805     1.80513   0.0333206
        1896     2.12787      1.8053   0.0333034
        1897     2.12721     1.80547   0.0332863
        1898     2.12703     1.80564   0.0332692
        1899     2.12614     1.80581   0.0332521
        1900     2.12622     1.80597    0.033235
        1901     2.12583     1.80614    0.033218
        1902     2.12617     1.80631   0.0332009
        1903      2.1258     1.80648   0.0331839
        1904     2.12569     1.80665   0.0331669
        1905     2.12488     1.80681   0.0331499
        1906     2.12481     1.80698   0.0331329
        1907     2.12428     1.80715    0.033116
        1908     2.12378     1.80731    0.033099
        1909      2.1233     1.80748   0.0330821
        1910      2.1231     1.80764   0.0330652
        1911     2.12293     1.80781   0.0330483
        1912      2.1228     1.80797   0.0330315
        1913     2.12318     1.80814   0.0330146
        1914     2.12313      1.8083   0.0329978
        1915     2.12288     1.80847   0.0329809
        1916     2.12291     1.80863   0.0329641
        1917     2.12276     1.80879   0.0329473
        1918     2.12266     1.80896   0.0329306
        1919     2.12261     1.80912   0.0329138
        1920     2.12286     1.80929   0.0328971
        1921     2.12269     1.80945   0.0328804
        1922     2.12379     1.80961   0.0328637
        1923     2.12423     1.80978    0.032847
        1924     2.12474     1.80994   0.0328303
        1925     2.12508      1.8101   0.0328137
        1926      2.1255     1.81027    0.032797
        1927     2.12648     1.81043   0.0327804
        1928      2.1273      1.8106   0.0327638
        1929     2.12796     1.81076   0.0327473
        1930     2.12944     1.81092   0.0327307
        1931     2.13029     1.81109   0.0327142
        1932     2.13098     1.81126   0.0326977
        1933     2.13202     1.81142   0.0326812
        1934     2.13316     1.81159   0.0326647
        1935     2.13392     1.81175   0.0326482
        1936     2.13527     1.81192   0.0326318
        1937     2.13649     1.81209   0.0326154
        1938     2.13805     1.81226    0.032599
        1939     2.14022     1.81243   0.0325826
        1940      2.1425      1.8126   0.0325663
        1941     2.14466     1.81277   0.0325499
        1942     2.14669     1.81294   0.0325336
        1943     2.14885     1.81311   0.0325173
        1944     2.15161     1.81329   0.0325011
        1945     2.15402     1.81346   0.0324848
        1946     2.15655     1.81364   0.0324686
        1947     2.16016     1.81382   0.0324524
        1948     2.16318       1.814   0.0324363
        1949     2.16657     1.81418   0.0324201
        1950     2.17032     1.81436    0.032404
        1951     2.17371     1.81454   0.0323879
        1952     2.17698     1.81473   0.0323719
        1953     2.18062     1.81492   0.0323559
        1954     2.18413     1.81511   0.0323398
        1955     2.18824      1.8153   0.0323239
        1956     2.19221     1.81549   0.0323079
        1957      2.1963     1.81568    0.032292
        1958     2.20096     1.81588   0.0322761
        1959     2.20572     1.81608   0.0322602
        1960     2.21009     1.81628   0.0322444
        1961     2.21479     1.81648   0.0322286
        1962     2.21957     1.81669   0.0322128
        1963     2.22369      1.8169   0.0321971
        1964      2.2274     1.81711   0.0321814
        1965     2.23212     1.81732   0.0321657
        1966     2.23665     1.81753     0.03215
        1967     2.24145     1.81775   0.0321344
        1968     2.24604     1.81796   0.0321188
        1969      2.2504     1.81818   0.0321033
        1970     2.25477      1.8184   0.0320877
        1971      2.2596     1.81863   0.0320722
        1972     2.26442     1.81885   0.0320568
        1973     2.26921     1.81908   0.0320413
        1974     2.27395     1.81931   0.0320259
        1975     2.27864     1.81955   0.0320106
        1976     2.28349     1.81978   0.0319952
        1977     2.28802     1.82002   0.0319799
        1978     2.29317     1.82026   0.0319646
        1979     2.29797      1.8205   0.0319494
        1980      2.3024     1.82074   0.0319342
        1981     2.30644     1.82099    0.031919
        1982     2.31033     1.82123   0.0319039
        1983     2.31404     1.82148   0.0318887
        1984     2.31733     1.82173   0.0318736
        1985     2.32066     1.82198   0.0318586
        1986     2.32402     1.82224   0.0318435
        1987     2.32739     1.82249   0.0318285
        1988     2.33004     1.82275   0.0318135
        1989     2.33196       1.823   0.0317986
        1990     2.33385     1.82326   0.0317836
        1991     2.33595     1.82352   0.0317687
        1992     2.33775     1.82377   0.0317538
        1993     2.33902     1.82403   0.0317389
        1994     2.34022     1.82429   0.0317241
        1995     2.34086     1.82455   0.0317092
        1996     2.34118     1.82481   0.0316944
        1997     2.34116     1.82507   0.0316796
        1998     2.34105     1.82533   0.0316648
        1999     2.34011     1.82558     0.03165
        2000     2.33955     1.82584   0.0316352
