           1       1.984       1.984           0
           2     1.98398     1.98399 6.45019e-06
           3     1.98393     1.98397 1.78924e-05
           4     1.98384     1.98394 3.18913e-05
           5     1.98371     1.98389 4.80583e-05
           6     1.98354     1.98383 6.61418e-05
           7     1.98334     1.98376  8.5966e-05
           8     1.98311     1.98368 0.000107401
           9     1.98283     1.98359 0.000130345
          10     1.98252     1.98348 0.000154721
          11     1.98218     1.98336 0.000180465
          12     1.98179     1.98323 0.000207525
          13     1.98137     1.98309 0.000235859
          14     1.98091     1.98293 0.000265433
          15     1.98041     1.98276 0.000296219
          16     1.97987     1.98258 0.000328194
          17      1.9793     1.98239 0.000361341
          18     1.97868     1.98218 0.000395645
          19     1.97803     1.98197 0.000431096
          20     1.97733     1.98173 0.000467686
          21     1.97659     1.98149  0.00050541
          22     1.97582     1.98123 0.000544266
          23     1.97499     1.98096 0.000584254
          24     1.97413     1.98068 0.000625375
          25     1.97322     1.98038 0.000667633
          26     1.97227     1.98007 0.000711033
          27     1.97127     1.97974 0.000755576
          28     1.97023      1.9794 0.000801267
          29     1.96914     1.97905 0.000848118
          30     1.96801     1.97868 0.000896141
          31     1.96682      1.9783 0.000945351
          32     1.96559      1.9779 0.000995762
          33      1.9643     1.97749  0.00104738
          34     1.96297     1.97706  0.00110022
          35     1.96158     1.97662   0.0011543
          36     1.96014     1.97616  0.00120962
          37     1.95864     1.97569  0.00126621
          38     1.95709      1.9752  0.00132409
          39     1.95548     1.97469  0.00138328
          40     1.95382     1.97417  0.00144379
          41     1.95209     1.97363  0.00150564
          42     1.95031     1.97308  0.00156886
          43     1.94846      1.9725  0.00163346
          44     1.94655     1.97191  0.00169947
          45     1.94458     1.97131  0.00176691
          46     1.94254     1.97068  0.00183579
          47     1.94044     1.97004  0.00190615
          48     1.93827     1.96938  0.00197801
          49     1.93603      1.9687  0.00205139
          50     1.93371       1.968  0.00212633
          51     1.93133     1.96728  0.00220285
          52     1.92886     1.96654  0.00228098
          53     1.92633     1.96578  0.00236075
          54     1.92371       1.965  0.00244219
          55     1.92101      1.9642  0.00252534
          56     1.91824     1.96338  0.00261022
          57     1.91538     1.96254  0.00269687
          58     1.91243     1.96167  0.00278532
          59      1.9094     1.96079  0.00287558
          60     1.90628     1.95988  0.00296771
          61     1.90307     1.95895  0.00306171
          62     1.89976     1.95799  0.00315763
          63     1.89637     1.95701  0.00325549
          64     1.89288     1.95601  0.00335534
          65     1.88929     1.95499  0.00345719
          66     1.88559     1.95393   0.0035611
          67      1.8818     1.95286  0.00366708
          68     1.87791     1.95176  0.00377517
          69      1.8739     1.95063  0.00388541
          70      1.8698     1.94947  0.00399782
          71     1.86558     1.94829  0.00411243
          72     1.86125     1.94708  0.00422929
          73      1.8568     1.94585  0.00434841
          74     1.85224     1.94458  0.00446983
          75     1.84757     1.94329  0.00459358
          76     1.84278     1.94196  0.00471968
          77     1.83786     1.94061  0.00484815
          78     1.83283     1.93923  0.00497903
          79     1.82767     1.93782  0.00511234
          80     1.82239     1.93638   0.0052481
          81     1.81698      1.9349  0.00538634
          82     1.81144      1.9334  0.00552708
          83     1.80577     1.93186  0.00567033
          84     1.79997     1.93029  0.00581613
          85     1.79404     1.92869  0.00596449
          86     1.78798     1.92705  0.00611543
          87     1.78178     1.92538  0.00626894
          88     1.77545     1.92368  0.00642506
          89     1.76898     1.92194  0.00658378
          90     1.76238     1.92016  0.00674511
          91     1.75563     1.91836  0.00690907
          92     1.74875     1.91651  0.00707564
          93     1.74174     1.91463  0.00724484
          94     1.73458     1.91272  0.00741665
          95     1.72729     1.91077  0.00759107
          96     1.71986     1.90878   0.0077681
          97      1.7123     1.90675  0.00794772
          98      1.7046     1.90469  0.00812992
          99     1.69676     1.90259  0.00831467
         100     1.68879     1.90045  0.00850196
         101     1.68069     1.89828  0.00869176
         102     1.67245     1.89606  0.00888404
         103     1.66409     1.89381  0.00907876
         104      1.6556     1.89152  0.00927588
         105     1.64699     1.88919  0.00947537
         106     1.63826     1.88682  0.00967718
         107      1.6294     1.88442  0.00988126
         108     1.62043     1.88197   0.0100876
         109     1.61135     1.87949    0.010296
         110     1.60216     1.87697   0.0105065
         111     1.59287     1.87441   0.0107191
         112     1.58347     1.87181   0.0109336
         113     1.57398     1.86918     0.01115
         114     1.56439      1.8665   0.0113682
         115     1.55472     1.86379   0.0115882
         116     1.54497     1.86104   0.0118097
         117     1.53513     1.85826   0.0120328
         118     1.52523     1.85544   0.0122573
         119     1.51526     1.85258   0.0124832
         120     1.50524     1.84968   0.0127103
         121     1.49516     1.84675   0.0129386
         122     1.48503     1.84379   0.0131679
         123     1.47486     1.84079    0.013398
         124     1.46467     1.83775    0.013629
         125     1.45444     1.83469   0.0138607
         126      1.4442     1.83159   0.0140929
         127     1.43394     1.82846   0.0143255
         128     1.42368      1.8253   0.0145585
         129     1.41342      1.8221   0.0147916
         130     1.40317     1.81888   0.0150247
         131     1.39295     1.81563   0.0152578
         132     1.38274     1.81235   0.0154906
         133     1.37258     1.80904   0.0157231
         134     1.36245     1.80571   0.0159551
         135     1.35236     1.80235   0.0161864
         136     1.34234     1.79897    0.016417
         137     1.33237     1.79556   0.0166467
         138     1.32247     1.79214   0.0168754
         139     1.31266     1.78869   0.0171029
         140     1.30292     1.78522   0.0173291
         141     1.29327     1.78173    0.017554
         142     1.28372     1.77822   0.0177772
         143     1.27428      1.7747   0.0179988
         144     1.26494     1.77116   0.0182186
         145     1.25572      1.7676   0.0184365
         146     1.24662     1.76403   0.0186524
         147     1.23765     1.76045   0.0188661
         148     1.22881     1.75686   0.0190775
         149     1.22011     1.75326   0.0192866
         150     1.21155     1.74965   0.0194932
         151     1.20314     1.74603   0.0196972
         152     1.19488      1.7424   0.0198986
         153     1.18678     1.73877   0.0200972
         154     1.17883     1.73513   0.0202929
         155     1.17105     1.73149   0.0204857
         156     1.16344     1.72785   0.0206755
         157       1.156     1.72421   0.0208622
         158     1.14874     1.72057   0.0210457
         159     1.14165     1.71693   0.0212259
         160     1.13474     1.71329   0.0214029
         161     1.12801     1.70965   0.0215765
         162     1.12146     1.70602   0.0217466
         163     1.11509      1.7024   0.0219133
         164     1.10892     1.69878   0.0220765
         165     1.10293     1.69517   0.0222361
         166     1.09712     1.69156   0.0223921
         167     1.09151     1.68797   0.0225444
         168     1.08608     1.68439   0.0226931
         169     1.08084     1.68082   0.0228381
         170     1.07579     1.67726   0.0229794
         171     1.07093     1.67371    0.023117
         172     1.06625     1.67018   0.0232508
         173     1.06177     1.66666   0.0233809
         174     1.05746     1.66316   0.0235072
         175     1.05335     1.65968   0.0236297
         176     1.04941     1.65621   0.0237485
         177     1.04566     1.65276   0.0238635
         178     1.04208     1.64933   0.0239748
         179     1.03868     1.64592   0.0240824
         180     1.03546     1.64253   0.0241862
         181     1.03241     1.63916   0.0242863
         182     1.02953     1.63581   0.0243828
         183     1.02682     1.63248   0.0244756
         184     1.02427     1.62917   0.0245648
         185     1.02189     1.62589   0.0246503
         186     1.01966     1.62263   0.0247323
         187      1.0176      1.6194   0.0248108
         188     1.01568     1.61619   0.0248858
         189     1.01391       1.613   0.0249573
         190     1.01229     1.60984   0.0250254
         191     1.01082      1.6067   0.0250901
         192     1.00948     1.60359   0.0251515
         193     1.00828     1.60051   0.0252096
         194     1.00721     1.59745   0.0252645
         195     1.00627     1.59442   0.0253162
         196     1.00545     1.59141   0.0253647
         197     1.00476     1.58843   0.0254102
         198     1.00418     1.58548   0.0254526
         199     1.00372     1.58256    0.025492
         200     1.00336     1.57966   0.0255286
         201     1.00311     1.57679   0.0255622
         202     1.00297     1.57395    0.025593
         203     1.00292     1.57114    0.025621
         204     1.00297     1.56836   0.0256464
         205      1.0031      1.5656   0.0256691
         206     1.00333     1.56287   0.0256892
         207     1.00363     1.56017   0.0257067
         208     1.00402     1.55749   0.0257218
         209     1.00448     1.55485   0.0257345
         210     1.00502     1.55223   0.0257448
         211     1.00562     1.54964   0.0257528
         212     1.00629     1.54708   0.0257585
         213     1.00701     1.54454   0.0257621
         214      1.0078     1.54203   0.0257635
         215     1.00864     1.53955   0.0257628
         216     1.00953      1.5371   0.0257602
         217     1.01047     1.53467   0.0257555
         218     1.01145     1.53227    0.025749
         219     1.01247      1.5299   0.0257406
         220     1.01352     1.52755   0.0257303
         221     1.01461     1.52523   0.0257184
         222     1.01573     1.52293   0.0257047
         223     1.01687     1.52066   0.0256894
         224     1.01804     1.51842   0.0256726
         225     1.01922      1.5162   0.0256542
         226     1.02043     1.51401   0.0256343
         227     1.02164     1.51184   0.0256129
         228     1.02287     1.50969   0.0255902
         229     1.02411     1.50757   0.0255662
         230     1.02535     1.50548   0.0255408
         231      1.0266      1.5034   0.0255143
         232     1.02785     1.50135   0.0254865
         233      1.0291     1.49933   0.0254576
         234     1.03034     1.49732   0.0254276
         235     1.03158     1.49534   0.0253965
         236     1.03281     1.49338   0.0253644
         237     1.03404     1.49144   0.0253313
         238     1.03525     1.48953   0.0252973
         239     1.03646     1.48763   0.0252624
         240     1.03765     1.48576   0.0252266
         241     1.03883      1.4839     0.02519
         242     1.03999     1.48207   0.0251526
         243     1.04114     1.48025   0.0251144
         244     1.04227     1.47846   0.0250756
         245     1.04339     1.47668    0.025036
         246     1.04449     1.47492   0.0249958
         247     1.04558     1.47319    0.024955
         248     1.04665     1.47147   0.0249136
         249      1.0477     1.46976   0.0248716
         250     1.04874     1.46808    0.024829
         251     1.04977     1.46641    0.024786
         252     1.05078     1.46476   0.0247424
         253     1.05178     1.46313   0.0246984
         254     1.05277     1.46152    0.024654
         255     1.05374     1.45992   0.0246091
         256     1.05471     1.45833   0.0245638
         257     1.05568     1.45677   0.0245182
         258     1.05663     1.45522   0.0244721
         259     1.05759     1.45368   0.0244258
         260     1.05854     1.45216   0.0243791
         261     1.05949     1.45066    0.024332
         262     1.06044     1.44917   0.0242847
         263      1.0614     1.44769   0.0242371
         264     1.06236     1.44623   0.0241892
         265     1.06333     1.44479    0.024141
         266     1.06431     1.44336   0.0240926
         267      1.0653     1.44194   0.0240439
         268      1.0663     1.44054    0.023995
         269     1.06732     1.43915   0.0239459
         270     1.06835     1.43778   0.0238966
         271      1.0694     1.43642    0.023847
         272     1.07047     1.43508   0.0237973
         273     1.07155     1.43374   0.0237473
         274     1.07266     1.43243   0.0236972
         275     1.07379     1.43112   0.0236469
         276     1.07494     1.42983   0.0235964
         277     1.07612     1.42855   0.0235457
         278     1.07732     1.42729   0.0234949
         279     1.07854     1.42604   0.0234439
         280     1.07978      1.4248   0.0233928
         281     1.08105     1.42358   0.0233415
         282     1.08234     1.42237   0.0232901
         283     1.08365     1.42117   0.0232385
         284     1.08499     1.41999   0.0231868
         285     1.08634     1.41882    0.023135
         286     1.08772     1.41766   0.0230831
         287     1.08911     1.41652    0.023031
         288     1.09052     1.41539   0.0229788
         289     1.09195     1.41427   0.0229266
         290     1.09339     1.41316   0.0228742
         291     1.09484     1.41207   0.0228217
         292      1.0963     1.41098   0.0227692
         293     1.09778     1.40992   0.0227165
         294     1.09925     1.40886   0.0226638
         295     1.10074     1.40781   0.0226111
         296     1.10222     1.40678   0.0225582
         297     1.10371     1.40576   0.0225054
         298     1.10519     1.40475   0.0224524
         299     1.10667     1.40376   0.0223995
         300     1.10814     1.40277   0.0223465
         301     1.10961      1.4018   0.0222934
         302     1.11106     1.40083   0.0222404
         303      1.1125     1.39988   0.0221873
         304     1.11393     1.39894   0.0221343
         305     1.11534     1.39801   0.0220812
         306     1.11674     1.39709   0.0220282
         307     1.11811     1.39618   0.0219752
         308     1.11946     1.39529   0.0219222
         309     1.12079      1.3944   0.0218692
         310     1.12209     1.39352   0.0218163
         311     1.12336     1.39265   0.0217635
         312     1.12461     1.39179   0.0217107
         313     1.12583     1.39094   0.0216579
         314     1.12701      1.3901   0.0216052
         315     1.12817     1.38927   0.0215527
         316     1.12929     1.38845   0.0215001
         317     1.13038     1.38763   0.0214477
         318     1.13143     1.38683   0.0213954
         319     1.13245     1.38603   0.0213432
         320     1.13343     1.38524   0.0212911
         321     1.13437     1.38446   0.0212391
         322     1.13528     1.38368   0.0211872
         323     1.13615     1.38292   0.0211355
         324     1.13698     1.38216   0.0210839
         325     1.13777     1.38141   0.0210324
         326     1.13852     1.38066   0.0209811
         327     1.13923     1.37992   0.0209299
         328     1.13991     1.37919   0.0208789
         329     1.14054     1.37847    0.020828
         330     1.14113     1.37775   0.0207773
         331     1.14169     1.37703   0.0207268
         332      1.1422     1.37633   0.0206764
         333     1.14267     1.37563   0.0206262
         334      1.1431     1.37493   0.0205762
         335      1.1435     1.37424   0.0205264
         336     1.14385     1.37355   0.0204768
         337     1.14416     1.37287   0.0204273
         338     1.14443      1.3722   0.0203781
         339     1.14466     1.37152    0.020329
         340     1.14486     1.37086   0.0202801
         341     1.14501      1.3702   0.0202315
         342     1.14512     1.36954    0.020183
         343      1.1452     1.36888   0.0201348
         344     1.14523     1.36823   0.0200867
         345     1.14522     1.36759   0.0200389
         346     1.14517     1.36694   0.0199913
         347     1.14508     1.36631   0.0199439
         348     1.14495     1.36567   0.0198967
         349     1.14478     1.36504   0.0198498
         350     1.14458     1.36441   0.0198031
         351     1.14433     1.36378   0.0197566
         352     1.14404     1.36315   0.0197103
         353     1.14371     1.36253   0.0196643
         354     1.14333     1.36191   0.0196185
         355     1.14292      1.3613   0.0195729
         356     1.14246     1.36068   0.0195276
         357     1.14197     1.36007   0.0194825
         358     1.14143     1.35946   0.0194376
         359     1.14085     1.35885    0.019393
         360     1.14022     1.35824   0.0193487
         361     1.13955     1.35764   0.0193045
         362     1.13884     1.35703   0.0192607
         363     1.13809     1.35643   0.0192171
         364     1.13729     1.35583   0.0191737
         365     1.13645     1.35523   0.0191306
         366     1.13556     1.35463   0.0190877
         367     1.13463     1.35403   0.0190451
         368     1.13366     1.35343   0.0190028
         369     1.13264     1.35283   0.0189607
         370     1.13158     1.35223   0.0189189
         371     1.13047     1.35163   0.0188773
         372     1.12933     1.35104    0.018836
         373     1.12814     1.35044    0.018795
         374      1.1269     1.34984   0.0187543
         375     1.12563     1.34924   0.0187138
         376     1.12431     1.34864   0.0186736
         377     1.12295     1.34805   0.0186336
         378     1.12155     1.34745    0.018594
         379      1.1201     1.34685   0.0185546
         380     1.11862     1.34625   0.0185155
         381     1.11711     1.34565   0.0184766
         382     1.11555     1.34504   0.0184381
         383     1.11396     1.34444   0.0183998
         384     1.11233     1.34384   0.0183618
         385     1.11067     1.34323   0.0183241
         386     1.10898     1.34262   0.0182867
         387     1.10725     1.34201   0.0182495
         388      1.1055      1.3414   0.0182127
         389     1.10372     1.34079   0.0181761
         390     1.10192     1.34018   0.0181398
         391     1.10009     1.33957   0.0181038
         392     1.09824     1.33895   0.0180681
         393     1.09638     1.33833   0.0180327
         394      1.0945     1.33772   0.0179975
         395      1.0926     1.33709   0.0179627
         396     1.09069     1.33647   0.0179281
         397     1.08878     1.33585   0.0178938
         398     1.08686     1.33522   0.0178597
         399     1.08493      1.3346    0.017826
         400       1.083     1.33397   0.0177925
         401     1.08108     1.33334   0.0177593
         402     1.07916      1.3327   0.0177264
         403     1.07724     1.33207   0.0176937
         404     1.07534     1.33143   0.0176613
         405     1.07345      1.3308   0.0176292
         406     1.07158     1.33016   0.0175974
         407     1.06973     1.32952   0.0175658
         408      1.0679     1.32888   0.0175344
         409      1.0661     1.32824   0.0175033
         410     1.06432     1.32759   0.0174724
         411     1.06258     1.32695   0.0174418
         412     1.06087      1.3263   0.0174114
         413     1.05919     1.32565   0.0173813
         414     1.05756     1.32501   0.0173514
         415     1.05596     1.32436   0.0173217
         416     1.05441     1.32371   0.0172922
         417     1.05291     1.32306   0.0172629
         418     1.05145     1.32241   0.0172338
         419     1.05005     1.32176   0.0172049
         420      1.0487     1.32111   0.0171763
         421      1.0474     1.32046   0.0171478
         422     1.04616     1.31981   0.0171194
         423     1.04498     1.31916   0.0170913
         424     1.04386     1.31851   0.0170633
         425      1.0428     1.31786   0.0170355
         426     1.04181     1.31721   0.0170078
         427     1.04088     1.31657   0.0169803
         428     1.04001     1.31592   0.0169529
         429     1.03922     1.31528   0.0169257
         430     1.03849     1.31463   0.0168985
         431     1.03782     1.31399   0.0168715
         432     1.03723     1.31335   0.0168446
         433      1.0367     1.31271   0.0168178
         434     1.03624     1.31207   0.0167911
         435     1.03586     1.31144   0.0167646
         436     1.03554     1.31081    0.016738
         437     1.03529     1.31018   0.0167116
         438      1.0351     1.30955   0.0166852
         439     1.03499     1.30892    0.016659
         440     1.03495      1.3083   0.0166327
         441     1.03497     1.30768   0.0166066
         442     1.03506     1.30706   0.0165804
         443     1.03521     1.30645   0.0165544
         444     1.03543     1.30584   0.0165283
         445     1.03572     1.30523   0.0165023
         446     1.03607     1.30463   0.0164764
         447     1.03648     1.30403   0.0164504
         448     1.03695     1.30343   0.0164245
         449     1.03748     1.30284   0.0163986
         450     1.03807     1.30225   0.0163727
         451     1.03872     1.30167   0.0163468
         452     1.03942     1.30109    0.016321
         453     1.04018     1.30051   0.0162951
         454     1.04099     1.29994   0.0162692
         455     1.04186     1.29937   0.0162433
         456     1.04277     1.29881   0.0162175
         457     1.04374     1.29825   0.0161916
         458     1.04476      1.2977   0.0161657
         459     1.04582     1.29715   0.0161398
         460     1.04693      1.2966   0.0161139
         461     1.04808     1.29607   0.0160879
         462     1.04927     1.29553    0.016062
         463     1.05051       1.295    0.016036
         464     1.05178     1.29448     0.01601
         465      1.0531     1.29396    0.015984
         466     1.05445     1.29345   0.0159579
         467     1.05583     1.29294   0.0159319
         468     1.05725     1.29243   0.0159058
         469      1.0587     1.29193   0.0158797
         470     1.06019     1.29144   0.0158535
         471      1.0617     1.29095   0.0158274
         472     1.06324     1.29047   0.0158012
         473     1.06481     1.28999    0.015775
         474      1.0664     1.28952   0.0157488
         475     1.06802     1.28906   0.0157225
         476     1.06967      1.2886   0.0156962
         477     1.07133     1.28814   0.0156699
         478     1.07301     1.28769   0.0156436
         479     1.07471     1.28724   0.0156173
         480     1.07643     1.28681   0.0155909
         481     1.07817     1.28637   0.0155645
         482     1.07992     1.28594   0.0155381
         483     1.08168     1.28552   0.0155117
         484     1.08346      1.2851   0.0154853
         485     1.08525     1.28469   0.0154588
         486     1.08704     1.28428   0.0154324
         487     1.08884     1.28388   0.0154059
         488     1.09065     1.28349   0.0153794
         489     1.09246      1.2831   0.0153529
         490     1.09428     1.28271   0.0153264
         491      1.0961     1.28233   0.0152999
         492     1.09792     1.28196   0.0152734
         493     1.09973     1.28159   0.0152469
         494     1.10154     1.28122   0.0152204
         495     1.10335     1.28086   0.0151939
         496     1.10515     1.28051   0.0151674
         497     1.10694     1.28016   0.0151409
         498     1.10872     1.27982   0.0151144
         499     1.11049     1.27948   0.0150879
         500     1.11224     1.27914   0.0150615
         501     1.11398     1.27881    0.015035
         502     1.11569     1.27849   0.0150086
         503     1.11739     1.27817   0.0149821
         504     1.11907     1.27785   0.0149557
         505     1.12071     1.27754   0.0149294
         506     1.12234     1.27723    0.014903
         507     1.12393     1.27693   0.0148767
         508     1.12549     1.27663   0.0148504
         509     1.12702     1.27634   0.0148241
         510     1.12852     1.27605   0.0147979
         511     1.12997     1.27576   0.0147717
         512     1.13139     1.27548   0.0147455
         513     1.13277      1.2752   0.0147194
         514      1.1341     1.27493   0.0146933
         515     1.13539     1.27466   0.0146673
         516     1.13663     1.27439   0.0146413
         517     1.13782     1.27413   0.0146154
         518     1.13897     1.27386   0.0145895
         519     1.14006     1.27361   0.0145637
         520     1.14109     1.27335   0.0145379
         521     1.14207      1.2731   0.0145122
         522     1.14299     1.27285   0.0144865
         523     1.14386      1.2726   0.0144609
         524     1.14466     1.27236   0.0144354
         525      1.1454     1.27212   0.0144099
         526     1.14608     1.27188   0.0143845
         527      1.1467     1.27164   0.0143592
         528     1.14725     1.27141   0.0143339
         529     1.14774     1.27117   0.0143087
         530     1.14816     1.27094   0.0142836
         531     1.14852     1.27071   0.0142585
         532     1.14881     1.27048   0.0142336
         533     1.14903     1.27025   0.0142087
         534     1.14918     1.27003   0.0141839
         535     1.14926      1.2698   0.0141592
         536     1.14927     1.26957   0.0141346
         537     1.14921     1.26935     0.01411
         538     1.14909     1.26913   0.0140856
         539     1.14889      1.2689   0.0140612
         540     1.14863     1.26868   0.0140369
         541      1.1483     1.26846   0.0140127
         542     1.14789     1.26824   0.0139886
         543     1.14742     1.26801   0.0139647
         544     1.14688     1.26779   0.0139408
         545     1.14628     1.26757    0.013917
         546      1.1456     1.26734   0.0138933
         547     1.14486     1.26712   0.0138697
         548     1.14405      1.2669   0.0138462
         549     1.14318     1.26667   0.0138228
         550     1.14224     1.26644   0.0137995
         551     1.14125     1.26622   0.0137763
         552     1.14018     1.26599   0.0137533
         553     1.13906     1.26576   0.0137303
         554     1.13788     1.26553   0.0137075
         555     1.13664      1.2653   0.0136847
         556     1.13534     1.26506   0.0136621
         557     1.13399     1.26483   0.0136396
         558     1.13259     1.26459   0.0136172
         559     1.13113     1.26435    0.013595
         560     1.12962     1.26411   0.0135728
         561     1.12806     1.26387   0.0135508
         562     1.12646     1.26362   0.0135289
         563     1.12481     1.26338   0.0135071
         564     1.12312     1.26313   0.0134854
         565     1.12139     1.26288   0.0134639
         566     1.11962     1.26262   0.0134425
         567     1.11782     1.26237   0.0134212
         568     1.11599     1.26211   0.0134001
         569     1.11413     1.26185    0.013379
         570     1.11224     1.26159   0.0133581
         571     1.11034     1.26132   0.0133374
         572     1.10841     1.26106   0.0133167
         573     1.10646     1.26079   0.0132962
         574     1.10451     1.26051   0.0132759
         575     1.10254     1.26024   0.0132556
         576     1.10057     1.25996   0.0132355
         577      1.0986     1.25968   0.0132155
         578     1.09663      1.2594   0.0131957
         579     1.09467     1.25912   0.0131759
         580     1.09272     1.25883   0.0131563
         581     1.09078     1.25854   0.0131369
         582     1.08886     1.25825   0.0131175
         583     1.08697     1.25796   0.0130983
         584      1.0851     1.25766   0.0130792
         585     1.08327     1.25736   0.0130603
         586     1.08147     1.25706   0.0130414
         587     1.07972     1.25676   0.0130227
         588     1.07801     1.25645   0.0130041
         589     1.07635     1.25615   0.0129856
         590     1.07474     1.25584   0.0129673
         591      1.0732     1.25553    0.012949
         592     1.07171     1.25522   0.0129309
         593      1.0703     1.25491   0.0129128
         594     1.06896      1.2546   0.0128949
         595     1.06769     1.25428    0.012877
         596      1.0665     1.25397   0.0128593
         597      1.0654     1.25365   0.0128416
         598     1.06439     1.25334    0.012824
         599     1.06347     1.25302   0.0128065
         600     1.06265      1.2527   0.0127891
         601     1.06193     1.25238   0.0127718
         602     1.06131     1.25207   0.0127545
         603      1.0608     1.25175   0.0127373
         604      1.0604     1.25143   0.0127202
         605      1.0601     1.25112   0.0127031
         606     1.05992      1.2508    0.012686
         607     1.05986     1.25049    0.012669
         608     1.05991     1.25017   0.0126521
         609     1.06007     1.24986   0.0126351
         610     1.06035     1.24955   0.0126182
         611     1.06075     1.24924   0.0126014
         612     1.06127     1.24893   0.0125845
         613      1.0619     1.24863   0.0125677
         614     1.06265     1.24833   0.0125509
         615     1.06351     1.24803   0.0125341
         616     1.06448     1.24773   0.0125173
         617     1.06555     1.24743   0.0125004
         618     1.06673     1.24714   0.0124836
         619     1.06801     1.24685   0.0124668
         620     1.06939     1.24656     0.01245
         621     1.07087     1.24628   0.0124332
         622     1.07243       1.246   0.0124163
         623     1.07408     1.24573   0.0123995
         624      1.0758     1.24545   0.0123826
         625      1.0776     1.24518   0.0123657
         626     1.07948     1.24492   0.0123488
         627     1.08141     1.24466   0.0123318
         628     1.08341      1.2444   0.0123148
         629     1.08546     1.24415   0.0122979
         630     1.08756      1.2439   0.0122809
         631      1.0897     1.24366   0.0122638
         632     1.09188     1.24342   0.0122468
         633      1.0941     1.24318   0.0122297
         634     1.09635     1.24295   0.0122126
         635     1.09862     1.24272   0.0121955
         636     1.10091      1.2425   0.0121783
         637     1.10322     1.24228   0.0121612
         638     1.10554     1.24207    0.012144
         639     1.10786     1.24186   0.0121268
         640      1.1102     1.24165   0.0121096
         641     1.11253     1.24145   0.0120924
         642     1.11486     1.24125   0.0120752
         643     1.11719     1.24106   0.0120579
         644     1.11951     1.24087   0.0120407
         645     1.12182     1.24069   0.0120234
         646     1.12411     1.24051   0.0120062
         647     1.12639     1.24033   0.0119889
         648     1.12865     1.24016   0.0119717
         649      1.1309     1.23999   0.0119544
         650     1.13312     1.23982   0.0119371
         651     1.13531     1.23966   0.0119199
         652     1.13748     1.23951   0.0119026
         653     1.13962     1.23935   0.0118854
         654     1.14174      1.2392   0.0118681
         655     1.14382     1.23906   0.0118509
         656     1.14588     1.23892   0.0118337
         657      1.1479     1.23878   0.0118165
         658     1.14988     1.23864   0.0117993
         659     1.15183     1.23851   0.0117821
         660     1.15374     1.23838    0.011765
         661     1.15561     1.23826   0.0117479
         662     1.15743     1.23814   0.0117308
         663     1.15922     1.23802   0.0117137
         664     1.16095      1.2379   0.0116966
         665     1.16264     1.23779   0.0116796
         666     1.16428     1.23768   0.0116625
         667     1.16588     1.23757   0.0116456
         668     1.16741     1.23746   0.0116286
         669      1.1689     1.23736   0.0116117
         670     1.17032     1.23726   0.0115948
         671     1.17169     1.23716   0.0115779
         672     1.17299     1.23707   0.0115611
         673     1.17424     1.23697   0.0115443
         674     1.17542     1.23688   0.0115275
         675     1.17653     1.23679   0.0115108
         676     1.17757     1.23671   0.0114941
         677     1.17854     1.23662   0.0114774
         678     1.17944     1.23654   0.0114608
         679     1.18027     1.23645   0.0114442
         680     1.18101     1.23637   0.0114277
         681     1.18168     1.23629   0.0114112
         682     1.18227     1.23621   0.0113947
         683     1.18278     1.23613   0.0113783
         684     1.18321     1.23606   0.0113619
         685     1.18355     1.23598   0.0113456
         686     1.18381      1.2359   0.0113293
         687     1.18397     1.23583   0.0113131
         688     1.18406     1.23575   0.0112969
         689     1.18405     1.23568   0.0112807
         690     1.18396      1.2356   0.0112646
         691     1.18377     1.23553   0.0112486
         692      1.1835     1.23545   0.0112326
         693     1.18313     1.23538   0.0112166
         694     1.18268      1.2353   0.0112007
         695     1.18214     1.23523   0.0111849
         696      1.1815     1.23515   0.0111691
         697     1.18078     1.23507   0.0111533
         698     1.17997     1.23499   0.0111376
         699     1.17908     1.23491    0.011122
         700     1.17809     1.23483   0.0111064
         701     1.17703     1.23475   0.0110908
         702     1.17588     1.23466   0.0110754
         703     1.17464     1.23458   0.0110599
         704     1.17333     1.23449   0.0110446
         705     1.17194      1.2344   0.0110292
         706     1.17047     1.23431    0.011014
         707     1.16892     1.23422   0.0109988
         708      1.1673     1.23412   0.0109837
         709     1.16562     1.23403   0.0109686
         710     1.16386     1.23393   0.0109536
         711     1.16204     1.23383   0.0109387
         712     1.16016     1.23372   0.0109238
         713     1.15822     1.23362    0.010909
         714     1.15622     1.23351   0.0108942
         715     1.15417      1.2334   0.0108796
         716     1.15207     1.23329    0.010865
         717     1.14992     1.23317   0.0108504
         718     1.14772     1.23305    0.010836
         719     1.14548     1.23293   0.0108216
         720      1.1432      1.2328   0.0108073
         721     1.14088     1.23268    0.010793
         722     1.13853     1.23255   0.0107789
         723     1.13615     1.23241   0.0107648
         724     1.13373     1.23228   0.0107508
         725      1.1313     1.23214   0.0107369
         726     1.12883       1.232    0.010723
         727     1.12635     1.23185   0.0107093
         728     1.12384      1.2317   0.0106956
         729     1.12132     1.23155    0.010682
         730     1.11878      1.2314   0.0106685
         731     1.11623     1.23124    0.010655
         732     1.11366     1.23108   0.0106417
         733     1.11109     1.23091   0.0106284
         734     1.10851     1.23075   0.0106153
         735     1.10591     1.23058   0.0106022
         736     1.10332      1.2304   0.0105892
         737     1.10072     1.23023   0.0105763
         738     1.09811     1.23005   0.0105635
         739     1.09551     1.22987   0.0105507
         740      1.0929     1.22968   0.0105381
         741      1.0903     1.22949   0.0105255
         742      1.0877      1.2293   0.0105131
         743      1.0851     1.22911   0.0105007
         744     1.08251     1.22891   0.0104885
         745     1.07993     1.22871   0.0104763
         746     1.07735     1.22851   0.0104642
         747     1.07478      1.2283   0.0104522
         748     1.07222     1.22809   0.0104403
         749     1.06968     1.22788   0.0104286
         750     1.06715     1.22767   0.0104168
         751     1.06463     1.22745   0.0104052
         752     1.06213     1.22723   0.0103937
         753     1.05965     1.22701   0.0103823
         754     1.05718     1.22678    0.010371
         755     1.05474     1.22656   0.0103597
         756     1.05233     1.22633   0.0103486
         757     1.04993     1.22609   0.0103376
         758     1.04757     1.22586   0.0103266
         759     1.04524     1.22562   0.0103157
         760     1.04293     1.22538    0.010305
         761     1.04066     1.22514   0.0102943
         762     1.03842     1.22489   0.0102837
         763     1.03623     1.22464   0.0102732
         764     1.03407     1.22439   0.0102628
         765     1.03195     1.22414   0.0102524
         766     1.02988     1.22389   0.0102422
         767     1.02785     1.22363    0.010232
         768     1.02587     1.22338   0.0102219
         769     1.02394     1.22312   0.0102119
         770     1.02207     1.22286    0.010202
         771     1.02024     1.22259   0.0101922
         772     1.01848     1.22233   0.0101824
         773     1.01677     1.22206   0.0101727
         774     1.01512     1.22179   0.0101631
         775     1.01353     1.22153   0.0101535
         776     1.01201     1.22126    0.010144
         777     1.01055     1.22099   0.0101346
         778     1.00915     1.22071   0.0101252
         779     1.00782     1.22044   0.0101159
         780     1.00656     1.22017   0.0101066
         781     1.00537     1.21989   0.0100974
         782     1.00424     1.21961   0.0100883
         783     1.00319     1.21934   0.0100792
         784      1.0022     1.21906   0.0100701
         785     1.00129     1.21878   0.0100611
         786     1.00045     1.21851   0.0100522
         787    0.999678     1.21823   0.0100432
         788    0.998977     1.21795   0.0100343
         789    0.998347     1.21767   0.0100255
         790    0.997786     1.21739   0.0100167
         791    0.997295     1.21711   0.0100079
         792    0.996872     1.21684  0.00999908
         793    0.996518     1.21656  0.00999033
         794     0.99623     1.21628   0.0099816
         795    0.996007       1.216  0.00997289
         796    0.995848     1.21573   0.0099642
         797    0.995752     1.21545  0.00995552
         798    0.995717     1.21518  0.00994685
         799    0.995742      1.2149  0.00993819
         800    0.995825     1.21463  0.00992954
         801    0.995964     1.21435   0.0099209
         802    0.996157     1.21408  0.00991226
         803    0.996402     1.21381  0.00990362
         804    0.996697     1.21354  0.00989498
         805     0.99704     1.21327  0.00988634
         806     0.99743       1.213   0.0098777
         807    0.997864     1.21274  0.00986906
         808     0.99834     1.21247  0.00986041
         809    0.998856     1.21221  0.00985176
         810     0.99941     1.21195   0.0098431
         811           1     1.21168  0.00983443
         812     1.00062     1.21142  0.00982575
         813     1.00128     1.21117  0.00981707
         814     1.00196     1.21091  0.00980837
         815     1.00268     1.21065  0.00979966
         816     1.00342      1.2104  0.00979094
         817     1.00418     1.21015  0.00978221
         818     1.00497      1.2099  0.00977347
         819     1.00577     1.20965  0.00976471
         820      1.0066      1.2094  0.00975595
         821     1.00744     1.20915  0.00974716
         822      1.0083     1.20891  0.00973837
         823     1.00918     1.20867  0.00972956
         824     1.01006     1.20843  0.00972074
         825     1.01096     1.20819   0.0097119
         826     1.01188     1.20795  0.00970305
         827      1.0128     1.20771  0.00969418
         828     1.01373     1.20748  0.00968531
         829     1.01467     1.20725  0.00967642
         830     1.01562     1.20702  0.00966751
         831     1.01657     1.20679  0.00965859
         832     1.01754     1.20656  0.00964966
         833      1.0185     1.20633  0.00964072
         834     1.01947     1.20611  0.00963176
         835     1.02045     1.20589  0.00962279
         836     1.02143     1.20567  0.00961381
         837     1.02242     1.20545  0.00960482
         838     1.02341     1.20523  0.00959581
         839      1.0244     1.20501   0.0095868
         840     1.02539      1.2048  0.00957777
         841     1.02639     1.20459  0.00956873
         842     1.02739     1.20438  0.00955968
         843     1.02839     1.20417  0.00955062
         844      1.0294     1.20396  0.00954155
         845      1.0304     1.20376  0.00953247
         846     1.03141     1.20355  0.00952337
         847     1.03242     1.20335  0.00951427
         848     1.03344     1.20315  0.00950516
         849     1.03445     1.20295  0.00949604
         850     1.03546     1.20275  0.00948692
         851     1.03648     1.20256  0.00947778
         852      1.0375     1.20237  0.00946864
         853     1.03852     1.20217  0.00945948
         854     1.03954     1.20198  0.00945032
         855     1.04056     1.20179  0.00944116
         856     1.04158     1.20161  0.00943198
         857      1.0426     1.20142   0.0094228
         858     1.04362     1.20124  0.00941361
         859     1.04465     1.20106  0.00940442
         860     1.04567     1.20087  0.00939522
         861     1.04669      1.2007  0.00938601
         862     1.04771     1.20052   0.0093768
         863     1.04873     1.20034  0.00936759
         864     1.04975     1.20017  0.00935837
         865     1.05077     1.19999  0.00934914
         866     1.05179     1.19982  0.00933991
         867      1.0528     1.19965  0.00933068
         868     1.05381     1.19949  0.00932144
         869     1.05482     1.19932   0.0093122
         870     1.05582     1.19915  0.00930296
         871     1.05682     1.19899  0.00929371
         872     1.05782     1.19883  0.00928446
         873     1.05881     1.19867  0.00927521
         874     1.05979     1.19851  0.00926596
         875     1.06077     1.19835  0.00925671
         876     1.06174      1.1982  0.00924746
         877      1.0627     1.19804   0.0092382
         878     1.06365     1.19789  0.00922895
         879     1.06459     1.19774   0.0092197
         880     1.06552     1.19759  0.00921044
         881     1.06645     1.19744  0.00920119
         882     1.06736     1.19729  0.00919194
         883     1.06825     1.19714  0.00918269
         884     1.06914       1.197  0.00917345
         885     1.07001     1.19686   0.0091642
         886     1.07086     1.19671  0.00915496
         887      1.0717     1.19657  0.00914573
         888     1.07252     1.19643   0.0091365
         889     1.07333      1.1963  0.00912727
         890     1.07411     1.19616  0.00911804
         891     1.07488     1.19602  0.00910883
         892     1.07563     1.19589  0.00909961
         893     1.07636     1.19575  0.00909041
         894     1.07707     1.19562  0.00908121
         895     1.07775     1.19549  0.00907202
         896     1.07841     1.19536  0.00906283
         897     1.07905     1.19523  0.00905366
         898     1.07967      1.1951  0.00904449
         899     1.08026     1.19497  0.00903533
         900     1.08082     1.19485  0.00902618
         901     1.08136     1.19472  0.00901704
         902     1.08187     1.19459  0.00900792
         903     1.08235     1.19447   0.0089988
         904      1.0828     1.19435  0.00898969
         905     1.08322     1.19422   0.0089806
         906     1.08361      1.1941  0.00897151
         907     1.08397     1.19398  0.00896244
         908      1.0843     1.19386  0.00895339
         909      1.0846     1.19374  0.00894434
         910     1.08486     1.19362  0.00893532
         911     1.08509      1.1935   0.0089263
         912     1.08528     1.19338   0.0089173
         913     1.08544     1.19326  0.00890832
         914     1.08557     1.19315  0.00889935
         915     1.08566     1.19303   0.0088904
         916     1.08571     1.19291  0.00888147
         917     1.08573     1.19279  0.00887255
         918     1.08571     1.19268  0.00886365
         919     1.08565     1.19256  0.00885477
         920     1.08555     1.19244  0.00884591
         921     1.08542     1.19233  0.00883707
         922     1.08525     1.19221  0.00882825
         923     1.08504      1.1921  0.00881945
         924     1.08479     1.19198  0.00881067
         925      1.0845     1.19186  0.00880191
         926     1.08417     1.19175  0.00879317
         927     1.08381     1.19163  0.00878446
         928      1.0834     1.19151  0.00877577
         929     1.08296      1.1914   0.0087671
         930     1.08248     1.19128  0.00875845
         931     1.08197     1.19116  0.00874983
         932     1.08141     1.19105  0.00874124
         933     1.08082     1.19093  0.00873266
         934     1.08019     1.19081  0.00872412
         935     1.07953     1.19069   0.0087156
         936     1.07883     1.19057  0.00870711
         937     1.07809     1.19045  0.00869864
         938     1.07733     1.19033  0.00869021
         939     1.07652     1.19021   0.0086818
         940     1.07569     1.19009  0.00867342
         941     1.07482     1.18996  0.00866506
         942     1.07393     1.18984  0.00865674
         943       1.073     1.18972  0.00864845
         944     1.07205     1.18959  0.00864018
         945     1.07107     1.18947  0.00863195
         946     1.07006     1.18934  0.00862375
         947     1.06903     1.18921  0.00861558
         948     1.06798     1.18909  0.00860744
         949      1.0669     1.18896  0.00859933
         950     1.06581     1.18883  0.00859126
         951     1.06469      1.1887  0.00858321
         952     1.06356     1.18857   0.0085752
         953     1.06241     1.18843  0.00856723
         954     1.06124      1.1883  0.00855929
         955     1.06007     1.18817  0.00855138
         956     1.05888     1.18803   0.0085435
         957     1.05769     1.18789  0.00853566
         958     1.05648     1.18776  0.00852785
         959     1.05528     1.18762  0.00852008
         960     1.05406     1.18748  0.00851234
         961     1.05285     1.18734  0.00850463
         962     1.05164      1.1872  0.00849696
         963     1.05042     1.18706  0.00848933
         964     1.04922     1.18691  0.00848172
         965     1.04801     1.18677  0.00847415
         966     1.04681     1.18662  0.00846662
         967     1.04563     1.18648  0.00845912
         968     1.04445     1.18633  0.00845165
         969     1.04328     1.18618  0.00844422
         970     1.04213     1.18604  0.00843682
         971       1.041     1.18589  0.00842946
         972     1.03988     1.18574  0.00842212
         973     1.03879     1.18558  0.00841482
         974     1.03771     1.18543  0.00840755
         975     1.03667     1.18528  0.00840031
         976     1.03564     1.18513   0.0083931
         977     1.03464     1.18497  0.00838593
         978     1.03368     1.18482  0.00837878
         979     1.03274     1.18466  0.00837166
         980     1.03183     1.18451  0.00836457
         981     1.03096     1.18435  0.00835751
         982     1.03012     1.18419  0.00835047
         983     1.02931     1.18404  0.00834346
         984     1.02855     1.18388  0.00833648
         985     1.02782     1.18372  0.00832952
         986     1.02713     1.18356  0.00832259
         987     1.02648      1.1834  0.00831568
         988     1.02588     1.18324  0.00830879
         989     1.02531     1.18308  0.00830192
         990     1.02479     1.18292  0.00829508
         991     1.02431     1.18276  0.00828825
         992     1.02387      1.1826  0.00828144
         993     1.02348     1.18244  0.00827465
         994     1.02313     1.18228  0.00826788
         995     1.02282     1.18212  0.00826112
         996     1.02256     1.18196  0.00825438
         997     1.02234      1.1818  0.00824766
         998     1.02216     1.18164  0.00824094
         999     1.02203     1.18148  0.00823424
        1000     1.02194     1.18132  0.00822755
        1001     1.02189     1.18116  0.00822088
        1002     1.02188       1.181  0.00821421
        1003     1.02192     1.18085  0.00820755
        1004     1.02199     1.18069   0.0082009
        1005     1.02209     1.18053  0.00819426
        1006     1.02224     1.18037  0.00818762
        1007     1.02242     1.18022  0.00818099
        1008     1.02263     1.18006  0.00817437
        1009     1.02288      1.1799  0.00816775
        1010     1.02316     1.17975  0.00816114
        1011     1.02347     1.17959  0.00815453
        1012     1.02381     1.17944  0.00814793
        1013     1.02418     1.17929  0.00814133
        1014     1.02457     1.17913  0.00813473
        1015     1.02499     1.17898  0.00812813
        1016     1.02543     1.17883  0.00812153
        1017      1.0259     1.17868  0.00811494
        1018     1.02639     1.17853  0.00810835
        1019      1.0269     1.17838  0.00810176
        1020     1.02742     1.17823  0.00809516
        1021     1.02797     1.17809  0.00808857
        1022     1.02853     1.17794  0.00808198
        1023     1.02912     1.17779  0.00807539
        1024     1.02971     1.17765   0.0080688
        1025     1.03032     1.17751  0.00806221
        1026     1.03095     1.17736  0.00805562
        1027     1.03158     1.17722  0.00804902
        1028     1.03223     1.17708  0.00804243
        1029     1.03289     1.17694  0.00803583
        1030     1.03356      1.1768  0.00802924
        1031     1.03425     1.17666  0.00802264
        1032     1.03494     1.17653  0.00801604
        1033     1.03564     1.17639  0.00800944
        1034     1.03634     1.17625  0.00800284
        1035     1.03706     1.17612  0.00799624
        1036     1.03778     1.17599  0.00798963
        1037     1.03851     1.17585  0.00798303
        1038     1.03925     1.17572  0.00797642
        1039     1.03999     1.17559  0.00796982
        1040     1.04074     1.17546  0.00796321
        1041      1.0415     1.17533   0.0079566
        1042     1.04226      1.1752  0.00794999
        1043     1.04302     1.17508  0.00794337
        1044      1.0438     1.17495  0.00793676
        1045     1.04457     1.17483  0.00793015
        1046     1.04536      1.1747  0.00792353
        1047     1.04615     1.17458  0.00791692
        1048     1.04694     1.17446   0.0079103
        1049     1.04774     1.17434  0.00790368
        1050     1.04855     1.17422  0.00789706
        1051     1.04936      1.1741  0.00789044
        1052     1.05018     1.17398  0.00788382
        1053       1.051     1.17387   0.0078772
        1054     1.05184     1.17375  0.00787057
        1055     1.05267     1.17363  0.00786395
        1056     1.05352     1.17352  0.00785733
        1057     1.05437     1.17341   0.0078507
        1058     1.05523      1.1733  0.00784407
        1059      1.0561     1.17319  0.00783745
        1060     1.05698     1.17308  0.00783082
        1061     1.05787     1.17297  0.00782419
        1062     1.05877     1.17286  0.00781756
        1063     1.05968     1.17275  0.00781094
        1064      1.0606     1.17265  0.00780431
        1065     1.06153     1.17254  0.00779767
        1066     1.06248     1.17244  0.00779104
        1067     1.06344     1.17234  0.00778441
        1068     1.06441     1.17224  0.00777778
        1069     1.06539     1.17214  0.00777114
        1070     1.06639     1.17204  0.00776451
        1071     1.06741     1.17194  0.00775788
        1072     1.06844     1.17184  0.00775124
        1073     1.06949     1.17175   0.0077446
        1074     1.07056     1.17165  0.00773796
        1075     1.07164     1.17156  0.00773133
        1076     1.07274     1.17147  0.00772469
        1077     1.07386     1.17138  0.00771804
        1078     1.07501     1.17129   0.0077114
        1079     1.07617      1.1712  0.00770476
        1080     1.07735     1.17111  0.00769812
        1081     1.07855     1.17103  0.00769147
        1082     1.07977     1.17094  0.00768483
        1083     1.08101     1.17086  0.00767818
        1084     1.08227     1.17078  0.00767153
        1085     1.08355      1.1707  0.00766488
        1086     1.08486     1.17062  0.00765823
        1087     1.08618     1.17054  0.00765158
        1088     1.08752     1.17047  0.00764493
        1089     1.08889     1.17039  0.00763827
        1090     1.09027     1.17032  0.00763162
        1091     1.09167     1.17025  0.00762496
        1092     1.09309     1.17018  0.00761831
        1093     1.09452     1.17011  0.00761165
        1094     1.09598     1.17004    0.007605
        1095     1.09744     1.16997  0.00759834
        1096     1.09892     1.16991  0.00759169
        1097     1.10042     1.16984  0.00758503
        1098     1.10192     1.16978  0.00757837
        1099     1.10344     1.16972  0.00757172
        1100     1.10497     1.16966  0.00756506
        1101      1.1065     1.16961  0.00755841
        1102     1.10804     1.16955  0.00755176
        1103     1.10959      1.1695  0.00754511
        1104     1.11113     1.16944  0.00753846
        1105     1.11268     1.16939  0.00753181
        1106     1.11423     1.16934  0.00752517
        1107     1.11578     1.16929  0.00751852
        1108     1.11732     1.16925  0.00751188
        1109     1.11885      1.1692  0.00750525
        1110     1.12038     1.16916  0.00749862
        1111      1.1219     1.16911  0.00749199
        1112     1.12341     1.16907  0.00748536
        1113      1.1249     1.16903  0.00747874
        1114     1.12638     1.16899  0.00747213
        1115     1.12784     1.16896  0.00746552
        1116     1.12929     1.16892  0.00745891
        1117     1.13071     1.16889  0.00745231
        1118     1.13211     1.16886  0.00744572
        1119     1.13349     1.16882  0.00743913
        1120     1.13483     1.16879  0.00743255
        1121     1.13616     1.16876  0.00742598
        1122     1.13745     1.16874  0.00741941
        1123     1.13871     1.16871  0.00741285
        1124     1.13993     1.16868   0.0074063
        1125     1.14113     1.16866  0.00739976
        1126     1.14228     1.16864  0.00739323
        1127      1.1434     1.16861   0.0073867
        1128     1.14448     1.16859  0.00738018
        1129     1.14553     1.16857  0.00737367
        1130     1.14652     1.16855  0.00736717
        1131     1.14748     1.16853  0.00736068
        1132      1.1484     1.16852   0.0073542
        1133     1.14926      1.1685  0.00734773
        1134     1.15008     1.16848  0.00734127
        1135     1.15086     1.16847  0.00733482
        1136     1.15159     1.16845  0.00732838
        1137     1.15227     1.16844  0.00732194
        1138      1.1529     1.16842  0.00731552
        1139     1.15348     1.16841  0.00730911
        1140     1.15401      1.1684  0.00730271
        1141     1.15448     1.16839  0.00729632
        1142     1.15491     1.16837  0.00728994
        1143     1.15529     1.16836  0.00728357
        1144     1.15561     1.16835  0.00727722
        1145     1.15589     1.16834  0.00727087
        1146     1.15611     1.16833  0.00726453
        1147     1.15628     1.16832   0.0072582
        1148     1.15639     1.16831  0.00725189
        1149     1.15646      1.1683  0.00724559
        1150     1.15647     1.16829  0.00723929
        1151     1.15643     1.16828  0.00723301
        1152     1.15635     1.16827  0.00722674
        1153     1.15621     1.16826  0.00722048
        1154     1.15602     1.16825  0.00721423
        1155     1.15578     1.16824  0.00720799
        1156     1.15549     1.16823  0.00720176
        1157     1.15516     1.16821  0.00719555
        1158     1.15478      1.1682  0.00718934
        1159     1.15435     1.16819  0.00718315
        1160     1.15388     1.16818  0.00717697
        1161     1.15337     1.16817   0.0071708
        1162     1.15281     1.16815  0.00716464
        1163     1.15221     1.16814  0.00715849
        1164     1.15158     1.16812  0.00715236
        1165      1.1509     1.16811  0.00714623
        1166     1.15019     1.16809  0.00714012
        1167     1.14945     1.16808  0.00713402
        1168     1.14867     1.16806  0.00712793
        1169     1.14787     1.16804  0.00712186
        1170     1.14704     1.16803  0.00711579
        1171     1.14618     1.16801  0.00710974
        1172      1.1453     1.16799   0.0071037
        1173     1.14439     1.16797  0.00709767
        1174     1.14347     1.16795  0.00709166
        1175     1.14254     1.16793  0.00708565
        1176     1.14159      1.1679  0.00707966
        1177     1.14063     1.16788  0.00707369
        1178     1.13966     1.16786  0.00706772
        1179     1.13869     1.16783  0.00706177
        1180     1.13771     1.16781  0.00705583
        1181     1.13674     1.16778  0.00704991
        1182     1.13577     1.16775    0.007044
        1183     1.13481     1.16772   0.0070381
        1184     1.13386      1.1677  0.00703221
        1185     1.13293     1.16767  0.00702634
        1186     1.13202     1.16764  0.00702048
        1187     1.13112     1.16761  0.00701463
        1188     1.13026     1.16757   0.0070088
        1189     1.12942     1.16754  0.00700297
        1190     1.12861     1.16751  0.00699717
        1191     1.12785     1.16748  0.00699137
        1192     1.12712     1.16744  0.00698559
        1193     1.12643     1.16741  0.00697982
        1194     1.12579     1.16737  0.00697406
        1195      1.1252     1.16734  0.00696831
        1196     1.12466      1.1673  0.00696258
        1197     1.12418     1.16727  0.00695685
        1198     1.12376     1.16723  0.00695114
        1199     1.12339     1.16719  0.00694544
        1200     1.12309     1.16716  0.00693975
        1201     1.12285     1.16712  0.00693407
        1202     1.12268     1.16708   0.0069284
        1203     1.12258     1.16705  0.00692274
        1204     1.12254     1.16701  0.00691709
        1205     1.12257     1.16697  0.00691144
        1206     1.12268     1.16694  0.00690581
        1207     1.12285      1.1669  0.00690019
        1208     1.12309     1.16686  0.00689457
        1209      1.1234     1.16683  0.00688896
        1210     1.12378     1.16679  0.00688336
        1211     1.12422     1.16676  0.00687776
        1212     1.12473     1.16672  0.00687218
        1213      1.1253     1.16669   0.0068666
        1214     1.12593     1.16665  0.00686102
        1215     1.12661     1.16662  0.00685545
        1216     1.12735     1.16659  0.00684989
        1217     1.12814     1.16656  0.00684434
        1218     1.12898     1.16653  0.00683879
        1219     1.12986      1.1665  0.00683324
        1220     1.13078     1.16647   0.0068277
        1221     1.13173     1.16644  0.00682217
        1222     1.13271     1.16641  0.00681665
        1223     1.13371     1.16638  0.00681112
        1224     1.13474     1.16636  0.00680561
        1225     1.13578     1.16633   0.0068001
        1226     1.13683     1.16631  0.00679459
        1227     1.13788     1.16629   0.0067891
        1228     1.13894     1.16626   0.0067836
        1229     1.13998     1.16624  0.00677812
        1230     1.14102     1.16622  0.00677264
        1231     1.14205      1.1662  0.00676717
        1232     1.14305     1.16618   0.0067617
        1233     1.14404     1.16617  0.00675624
        1234     1.14499     1.16615  0.00675079
        1235     1.14591     1.16613  0.00674534
        1236     1.14679     1.16612   0.0067399
        1237     1.14763      1.1661  0.00673447
        1238     1.14843     1.16609  0.00672904
        1239     1.14918     1.16607  0.00672363
        1240     1.14987     1.16606  0.00671822
        1241     1.15051     1.16605  0.00671281
        1242      1.1511     1.16604  0.00670742
        1243     1.15162     1.16602  0.00670203
        1244     1.15207     1.16601  0.00669666
        1245     1.15246       1.166  0.00669129
        1246     1.15278     1.16599  0.00668592
        1247     1.15303     1.16598  0.00668057
        1248     1.15321     1.16597  0.00667523
        1249     1.15332     1.16596  0.00666989
        1250     1.15334     1.16595  0.00666456
        1251     1.15329     1.16594  0.00665924
        1252     1.15316     1.16593  0.00665393
        1253     1.15295     1.16592  0.00664863
        1254     1.15267     1.16591  0.00664333
        1255     1.15229      1.1659  0.00663805
        1256     1.15184     1.16589  0.00663277
        1257     1.15131     1.16588  0.00662751
        1258     1.15069     1.16586  0.00662225
        1259     1.14999     1.16585    0.006617
        1260      1.1492     1.16584  0.00661176
        1261     1.14833     1.16582  0.00660653
        1262     1.14738     1.16581  0.00660132
        1263     1.14634     1.16579  0.00659611
        1264     1.14522     1.16578  0.00659091
        1265     1.14402     1.16576  0.00658572
        1266     1.14274     1.16574  0.00658054
        1267     1.14137     1.16572  0.00657538
        1268     1.13993      1.1657  0.00657022
        1269      1.1384     1.16568  0.00656508
        1270      1.1368     1.16566  0.00655995
        1271     1.13512     1.16563  0.00655483
        1272     1.13337     1.16561  0.00654973
        1273     1.13154     1.16558  0.00654464
        1274     1.12963     1.16555  0.00653956
        1275     1.12766     1.16552   0.0065345
        1276     1.12561     1.16549  0.00652946
        1277      1.1235     1.16546  0.00652443
        1278     1.12132     1.16543  0.00651941
        1279     1.11908     1.16539  0.00651442
        1280     1.11678     1.16535  0.00650944
        1281     1.11442     1.16531  0.00650448
        1282       1.112     1.16527  0.00649954
        1283     1.10953     1.16523  0.00649462
        1284     1.10701     1.16518  0.00648972
        1285     1.10445     1.16513  0.00648484
        1286     1.10184     1.16508  0.00647998
        1287      1.0992     1.16503  0.00647515
        1288     1.09652     1.16498  0.00647034
        1289      1.0938     1.16492  0.00646556
        1290     1.09106     1.16487   0.0064608
        1291      1.0883     1.16481  0.00645607
        1292     1.08551     1.16475  0.00645136
        1293     1.08271     1.16468  0.00644668
        1294      1.0799     1.16462  0.00644203
        1295     1.07708     1.16455  0.00643741
        1296     1.07427     1.16448  0.00643282
        1297     1.07145     1.16441  0.00642826
        1298     1.06865     1.16434  0.00642373
        1299     1.06585     1.16426  0.00641924
        1300     1.06308     1.16418  0.00641477
        1301     1.06033      1.1641  0.00641034
        1302      1.0576     1.16402  0.00640593
        1303     1.05491     1.16394  0.00640157
        1304     1.05226     1.16385  0.00639723
        1305     1.04965     1.16376  0.00639293
        1306     1.04709     1.16367  0.00638865
        1307     1.04458     1.16358  0.00638442
        1308     1.04213     1.16349  0.00638021
        1309     1.03975      1.1634  0.00637604
        1310     1.03743      1.1633  0.00637189
        1311     1.03518      1.1632  0.00636778
        1312       1.033      1.1631   0.0063637
        1313      1.0309       1.163  0.00635965
        1314     1.02889      1.1629  0.00635563
        1315     1.02696      1.1628  0.00635164
        1316     1.02512     1.16269  0.00634767
        1317     1.02338     1.16259  0.00634374
        1318     1.02173     1.16248  0.00633982
        1319     1.02017     1.16237  0.00633593
        1320     1.01871     1.16226  0.00633207
        1321     1.01736     1.16215  0.00632823
        1322      1.0161     1.16204   0.0063244
        1323     1.01496     1.16193   0.0063206
        1324     1.01391     1.16182  0.00631682
        1325     1.01297     1.16171  0.00631305
        1326     1.01213     1.16159  0.00630929
        1327      1.0114     1.16148  0.00630555
        1328     1.01077     1.16137  0.00630183
        1329     1.01025     1.16125  0.00629811
        1330     1.00983     1.16114   0.0062944
        1331     1.00951     1.16103  0.00629071
        1332     1.00929     1.16091  0.00628701
        1333     1.00917      1.1608  0.00628333
        1334     1.00915     1.16068  0.00627965
        1335     1.00921     1.16057  0.00627597
        1336     1.00937     1.16046  0.00627229
        1337     1.00962     1.16034  0.00626861
        1338     1.00995     1.16023  0.00626494
        1339     1.01036     1.16012  0.00626126
        1340     1.01086     1.16001  0.00625758
        1341     1.01142      1.1599  0.00625389
        1342     1.01207     1.15979   0.0062502
        1343     1.01278     1.15968   0.0062465
        1344     1.01356     1.15957   0.0062428
        1345     1.01439     1.15946  0.00623909
        1346     1.01529     1.15935  0.00623538
        1347     1.01625     1.15925  0.00623165
        1348     1.01725     1.15914  0.00622792
        1349     1.01831     1.15904  0.00622418
        1350     1.01941     1.15894  0.00622043
        1351     1.02055     1.15883  0.00621667
        1352     1.02173     1.15873   0.0062129
        1353     1.02294     1.15863  0.00620912
        1354     1.02418     1.15853  0.00620532
        1355     1.02545     1.15843  0.00620152
        1356     1.02675     1.15834  0.00619771
        1357     1.02808     1.15824  0.00619388
        1358     1.02942     1.15815  0.00619005
        1359     1.03078     1.15805   0.0061862
        1360     1.03215     1.15796  0.00618235
        1361     1.03354     1.15787  0.00617848
        1362     1.03493     1.15778   0.0061746
        1363     1.03634     1.15769  0.00617072
        1364     1.03775      1.1576  0.00616682
        1365     1.03916     1.15751  0.00616291
        1366     1.04058     1.15743    0.006159
        1367     1.04199     1.15734  0.00615507
        1368      1.0434     1.15726  0.00615113
        1369     1.04481     1.15718  0.00614719
        1370     1.04622      1.1571  0.00614323
        1371     1.04762     1.15702  0.00613927
        1372     1.04901     1.15694   0.0061353
        1373     1.05039     1.15686  0.00613133
        1374     1.05176     1.15678  0.00612734
        1375     1.05312     1.15671  0.00612335
        1376     1.05447     1.15663  0.00611935
        1377      1.0558     1.15656  0.00611534
        1378     1.05712     1.15649  0.00611133
        1379     1.05842     1.15642  0.00610731
        1380      1.0597     1.15635  0.00610329
        1381     1.06097     1.15628  0.00609926
        1382     1.06222     1.15621  0.00609523
        1383     1.06345     1.15614  0.00609119
        1384     1.06465     1.15608  0.00608715
        1385     1.06584     1.15601   0.0060831
        1386     1.06701     1.15595  0.00607905
        1387     1.06815     1.15589    0.006075
        1388     1.06927     1.15582  0.00607094
        1389     1.07036     1.15576  0.00606688
        1390     1.07144      1.1557  0.00606282
        1391     1.07248     1.15564  0.00605876
        1392      1.0735     1.15558  0.00605469
        1393      1.0745     1.15552  0.00605062
        1394     1.07546     1.15547  0.00604656
        1395     1.07641     1.15541  0.00604249
        1396     1.07732     1.15535  0.00603842
        1397      1.0782      1.1553  0.00603435
        1398     1.07906     1.15524  0.00603028
        1399     1.07989     1.15519  0.00602621
        1400     1.08069     1.15514  0.00602214
        1401     1.08146     1.15508  0.00601807
        1402      1.0822     1.15503    0.006014
        1403      1.0829     1.15498  0.00600994
        1404     1.08358     1.15493  0.00600587
        1405     1.08423     1.15488  0.00600181
        1406     1.08485     1.15483  0.00599774
        1407     1.08544     1.15478  0.00599368
        1408       1.086     1.15473  0.00598963
        1409     1.08653     1.15468  0.00598557
        1410     1.08703     1.15464  0.00598152
        1411      1.0875     1.15459  0.00597747
        1412     1.08794     1.15454  0.00597342
        1413     1.08835     1.15449  0.00596938
        1414     1.08873     1.15445  0.00596534
        1415     1.08909      1.1544   0.0059613
        1416     1.08941     1.15436  0.00595727
        1417      1.0897     1.15431  0.00595324
        1418     1.08997     1.15426  0.00594921
        1419     1.09021     1.15422  0.00594519
        1420     1.09042     1.15417  0.00594117
        1421      1.0906     1.15413  0.00593716
        1422     1.09076     1.15408  0.00593315
        1423     1.09089     1.15404  0.00592915
        1424       1.091       1.154  0.00592515
        1425     1.09108     1.15395  0.00592116
        1426     1.09113     1.15391  0.00591717
        1427     1.09116     1.15386  0.00591319
        1428     1.09117     1.15382  0.00590921
        1429     1.09115     1.15378  0.00590524
        1430     1.09111     1.15373  0.00590127
        1431     1.09104     1.15369  0.00589731
        1432     1.09095     1.15364  0.00589335
        1433     1.09084      1.1536   0.0058894
        1434     1.09071     1.15356  0.00588546
        1435     1.09055     1.15351  0.00588152
        1436     1.09038     1.15347  0.00587759
        1437     1.09018     1.15343  0.00587366
        1438     1.08995     1.15338  0.00586975
        1439     1.08971     1.15334  0.00586583
        1440     1.08944     1.15329  0.00586193
        1441     1.08916     1.15325  0.00585803
        1442     1.08885      1.1532  0.00585414
        1443     1.08852     1.15316  0.00585025
        1444     1.08816     1.15311  0.00584637
        1445     1.08779     1.15307   0.0058425
        1446     1.08739     1.15302  0.00583864
        1447     1.08698     1.15298  0.00583478
        1448     1.08654     1.15293  0.00583093
        1449     1.08608     1.15289  0.00582709
        1450     1.08559     1.15284  0.00582326
        1451     1.08509     1.15279  0.00581943
        1452     1.08456     1.15274  0.00581561
        1453     1.08401      1.1527   0.0058118
        1454     1.08344     1.15265    0.005808
        1455     1.08285      1.1526  0.00580421
        1456     1.08223     1.15255  0.00580042
        1457     1.08159     1.15251  0.00579664
        1458     1.08094     1.15246  0.00579288
        1459     1.08025     1.15241  0.00578912
        1460     1.07955     1.15236  0.00578537
        1461     1.07883     1.15231  0.00578163
        1462     1.07808     1.15226  0.00577789
        1463     1.07732      1.1522  0.00577417
        1464     1.07653     1.15215  0.00577046
        1465     1.07572      1.1521  0.00576676
        1466      1.0749     1.15205  0.00576306
        1467     1.07406     1.15199  0.00575938
        1468      1.0732     1.15194  0.00575571
        1469     1.07232     1.15189  0.00575204
        1470     1.07142     1.15183  0.00574839
        1471     1.07051     1.15178  0.00574475
        1472     1.06959     1.15172  0.00574112
        1473     1.06865     1.15166   0.0057375
        1474      1.0677     1.15161  0.00573389
        1475     1.06674     1.15155  0.00573029
        1476     1.06577     1.15149   0.0057267
        1477     1.06479     1.15143  0.00572313
        1478      1.0638     1.15137  0.00571956
        1479     1.06281     1.15131  0.00571601
        1480     1.06181     1.15125  0.00571246
        1481      1.0608     1.15119  0.00570893
        1482      1.0598     1.15113  0.00570541
        1483     1.05879     1.15107  0.00570191
        1484     1.05777     1.15101  0.00569841
        1485     1.05676     1.15094  0.00569493
        1486     1.05575     1.15088  0.00569146
        1487     1.05475     1.15081  0.00568799
        1488     1.05374     1.15075  0.00568455
        1489     1.05275     1.15068  0.00568111
        1490     1.05176     1.15062  0.00567768
        1491     1.05078     1.15055  0.00567427
        1492     1.04981     1.15048  0.00567087
        1493     1.04885     1.15041  0.00566748
        1494     1.04791     1.15034   0.0056641
        1495     1.04697     1.15028  0.00566074
        1496     1.04606     1.15021  0.00565738
        1497     1.04515     1.15014  0.00565404
        1498     1.04427     1.15007   0.0056507
        1499      1.0434     1.14999  0.00564738
        1500     1.04256     1.14992  0.00564407
        1501     1.04173     1.14985  0.00564077
        1502     1.04093     1.14978  0.00563748
        1503     1.04015      1.1497   0.0056342
        1504     1.03939     1.14963  0.00563093
        1505     1.03866     1.14956  0.00562768
        1506     1.03796     1.14948  0.00562443
        1507     1.03729     1.14941  0.00562119
        1508     1.03665     1.14933  0.00561796
        1509     1.03604     1.14926  0.00561474
        1510     1.03547     1.14918  0.00561152
        1511     1.03492     1.14911  0.00560832
        1512     1.03441     1.14903  0.00560512
        1513     1.03394     1.14896  0.00560193
        1514     1.03351     1.14888  0.00559875
        1515     1.03312      1.1488  0.00559558
        1516     1.03276     1.14873  0.00559241
        1517     1.03245     1.14865  0.00558925
        1518     1.03218     1.14857  0.00558609
        1519     1.03195      1.1485  0.00558294
        1520     1.03177     1.14842   0.0055798
        1521     1.03164     1.14834  0.00557666
        1522     1.03156     1.14827  0.00557352
        1523     1.03152     1.14819  0.00557039
        1524     1.03153     1.14811  0.00556726
        1525     1.03159     1.14804  0.00556413
        1526      1.0317     1.14796  0.00556101
        1527     1.03186     1.14788  0.00555789
        1528     1.03208     1.14781  0.00555477
        1529     1.03234     1.14773  0.00555165
        1530     1.03266     1.14766  0.00554853
        1531     1.03303     1.14758  0.00554541
        1532     1.03346     1.14751  0.00554229
        1533     1.03394     1.14743  0.00553917
        1534     1.03446     1.14736  0.00553605
        1535     1.03504     1.14729  0.00553293
        1536     1.03568     1.14722   0.0055298
        1537     1.03636     1.14714  0.00552667
        1538     1.03709     1.14707  0.00552354
        1539     1.03787       1.147  0.00552041
        1540      1.0387     1.14693  0.00551727
        1541     1.03957     1.14686  0.00551413
        1542     1.04049     1.14679  0.00551099
        1543     1.04145     1.14672  0.00550784
        1544     1.04245     1.14666  0.00550469
        1545     1.04348     1.14659  0.00550153
        1546     1.04456     1.14652  0.00549837
        1547     1.04566     1.14646   0.0054952
        1548      1.0468     1.14639  0.00549203
        1549     1.04796     1.14633  0.00548885
        1550     1.04916     1.14627  0.00548566
        1551     1.05037     1.14621  0.00548248
        1552     1.05161     1.14614  0.00547928
        1553     1.05286     1.14608  0.00547608
        1554     1.05413     1.14603  0.00547288
        1555     1.05541     1.14597  0.00546967
        1556      1.0567     1.14591  0.00546646
        1557       1.058     1.14585  0.00546324
        1558      1.0593      1.1458  0.00546001
        1559      1.0606     1.14574  0.00545678
        1560      1.0619     1.14569  0.00545355
        1561     1.06319     1.14564  0.00545031
        1562     1.06448     1.14558  0.00544707
        1563     1.06575     1.14553  0.00544383
        1564     1.06701     1.14548  0.00544058
        1565     1.06826     1.14543  0.00543732
        1566     1.06949     1.14539  0.00543407
        1567     1.07069     1.14534  0.00543081
        1568     1.07188     1.14529  0.00542755
        1569     1.07304     1.14524  0.00542428
        1570     1.07417      1.1452  0.00542102
        1571     1.07528     1.14516  0.00541775
        1572     1.07635     1.14511  0.00541448
        1573     1.07739     1.14507  0.00541121
        1574      1.0784     1.14503  0.00540794
        1575     1.07937     1.14498  0.00540466
        1576     1.08031     1.14494  0.00540139
        1577     1.08121      1.1449  0.00539812
        1578     1.08207     1.14486  0.00539484
        1579     1.08289     1.14482  0.00539157
        1580     1.08367     1.14479   0.0053883
        1581     1.08441     1.14475  0.00538502
        1582     1.08511     1.14471  0.00538175
        1583     1.08577     1.14467  0.00537848
        1584     1.08638     1.14464  0.00537521
        1585     1.08695      1.1446  0.00537194
        1586     1.08748     1.14456  0.00536868
        1587     1.08797     1.14453  0.00536541
        1588     1.08842     1.14449  0.00536215
        1589     1.08883     1.14446  0.00535889
        1590      1.0892     1.14442  0.00535563
        1591     1.08952     1.14439  0.00535238
        1592     1.08981     1.14435  0.00534912
        1593     1.09006     1.14432  0.00534587
        1594     1.09027     1.14429  0.00534263
        1595     1.09044     1.14425  0.00533939
        1596     1.09058     1.14422  0.00533615
        1597     1.09068     1.14418  0.00533291
        1598     1.09075     1.14415  0.00532968
        1599     1.09079     1.14412  0.00532645
        1600      1.0908     1.14408  0.00532322
        1601     1.09077     1.14405     0.00532
        1602     1.09073     1.14402  0.00531679
        1603     1.09065     1.14398  0.00531357
        1604     1.09055     1.14395  0.00531037
        1605     1.09043     1.14392  0.00530716
        1606     1.09029     1.14388  0.00530396
        1607     1.09012     1.14385  0.00530077
        1608     1.08994     1.14382  0.00529758
        1609     1.08975     1.14378  0.00529439
        1610     1.08954     1.14375  0.00529121
        1611     1.08932     1.14372  0.00528803
        1612     1.08908     1.14368  0.00528486
        1613     1.08884     1.14365  0.00528169
        1614     1.08859     1.14361  0.00527853
        1615     1.08833     1.14358  0.00527537
        1616     1.08807     1.14355  0.00527222
        1617     1.08781     1.14351  0.00526907
        1618     1.08755     1.14348  0.00526593
        1619     1.08729     1.14344  0.00526279
        1620     1.08703     1.14341  0.00525966
        1621     1.08677     1.14337  0.00525653
        1622     1.08652     1.14334  0.00525341
        1623     1.08627      1.1433  0.00525029
        1624     1.08603     1.14327  0.00524717
        1625      1.0858     1.14323  0.00524406
        1626     1.08558      1.1432  0.00524096
        1627     1.08537     1.14316  0.00523786
        1628     1.08517     1.14312  0.00523476
        1629     1.08498     1.14309  0.00523167
        1630      1.0848     1.14305  0.00522858
        1631     1.08464     1.14302   0.0052255
        1632     1.08449     1.14298  0.00522242
        1633     1.08435     1.14295  0.00521934
        1634     1.08423     1.14291  0.00521627
        1635     1.08413     1.14287  0.00521321
        1636     1.08404     1.14284  0.00521015
        1637     1.08396      1.1428  0.00520709
        1638      1.0839     1.14277  0.00520403
        1639     1.08385     1.14273  0.00520098
        1640     1.08382     1.14269  0.00519793
        1641      1.0838     1.14266  0.00519489
        1642     1.08379     1.14262  0.00519185
        1643      1.0838     1.14259  0.00518881
        1644     1.08382     1.14255  0.00518578
        1645     1.08386     1.14251  0.00518275
        1646      1.0839     1.14248  0.00517972
        1647     1.08396     1.14244   0.0051767
        1648     1.08403     1.14241  0.00517368
        1649     1.08411     1.14237  0.00517066
        1650      1.0842     1.14234  0.00516765
        1651     1.08429      1.1423  0.00516464
        1652      1.0844     1.14227  0.00516163
        1653     1.08451     1.14223  0.00515863
        1654     1.08462      1.1422  0.00515563
        1655     1.08474     1.14216  0.00515263
        1656     1.08487     1.14213  0.00514963
        1657     1.08499     1.14209  0.00514664
        1658     1.08512     1.14206  0.00514365
        1659     1.08524     1.14203  0.00514067
        1660     1.08537     1.14199  0.00513768
        1661     1.08549     1.14196   0.0051347
        1662     1.08561     1.14192  0.00513172
        1663     1.08573     1.14189  0.00512875
        1664     1.08584     1.14186  0.00512578
        1665     1.08594     1.14182  0.00512281
        1666     1.08604     1.14179  0.00511984
        1667     1.08613     1.14176  0.00511688
        1668     1.08621     1.14172  0.00511392
        1669     1.08628     1.14169  0.00511097
        1670     1.08634     1.14166  0.00510801
        1671     1.08638     1.14162  0.00510506
        1672     1.08642     1.14159  0.00510212
        1673     1.08644     1.14156  0.00509917
        1674     1.08644     1.14152  0.00509623
        1675     1.08644     1.14149   0.0050933
        1676     1.08641     1.14146  0.00509036
        1677     1.08637     1.14143  0.00508744
        1678     1.08632     1.14139  0.00508451
        1679     1.08625     1.14136  0.00508159
        1680     1.08616     1.14133  0.00507867
        1681     1.08605     1.14129  0.00507575
        1682     1.08593     1.14126  0.00507284
        1683     1.08579     1.14123  0.00506994
        1684     1.08563     1.14119  0.00506703
        1685     1.08546     1.14116  0.00506413
        1686     1.08526     1.14113  0.00506124
        1687     1.08506      1.1411  0.00505835
        1688     1.08483     1.14106  0.00505546
        1689     1.08459     1.14103  0.00505258
        1690     1.08433     1.14099   0.0050497
        1691     1.08406     1.14096  0.00504683
        1692     1.08377     1.14093  0.00504396
        1693     1.08347     1.14089  0.00504109
        1694     1.08316     1.14086  0.00503823
        1695     1.08284     1.14083  0.00503537
        1696      1.0825     1.14079  0.00503252
        1697     1.08216     1.14076  0.00502968
        1698      1.0818     1.14072  0.00502683
        1699     1.08143     1.14069    0.005024
        1700     1.08106     1.14065  0.00502116
        1701     1.08069     1.14062  0.00501833
        1702      1.0803     1.14058  0.00501551
        1703     1.07992     1.14055  0.00501269
        1704     1.07953     1.14051  0.00500988
        1705     1.07914     1.14047  0.00500707
        1706     1.07875     1.14044  0.00500427
        1707     1.07836      1.1404  0.00500147
        1708     1.07797     1.14036  0.00499867
        1709     1.07758     1.14033  0.00499588
        1710      1.0772     1.14029   0.0049931
        1711     1.07682     1.14025  0.00499032
        1712     1.07645     1.14022  0.00498754
        1713     1.07609     1.14018  0.00498477
        1714     1.07574     1.14014    0.004982
        1715     1.07539      1.1401  0.00497924
        1716     1.07506     1.14007  0.00497648
        1717     1.07474     1.14003  0.00497373
        1718     1.07443     1.13999  0.00497098
        1719     1.07414     1.13995  0.00496824
        1720     1.07386     1.13991   0.0049655
        1721      1.0736     1.13987  0.00496276
        1722     1.07335     1.13984  0.00496003
        1723     1.07311      1.1398   0.0049573
        1724      1.0729     1.13976  0.00495458
        1725      1.0727     1.13972  0.00495186
        1726     1.07252     1.13968  0.00494914
        1727     1.07236     1.13964  0.00494643
        1728     1.07222      1.1396  0.00494372
        1729     1.07209     1.13956  0.00494102
        1730     1.07198     1.13952  0.00493832
        1731      1.0719     1.13949  0.00493562
        1732     1.07183     1.13945  0.00493292
        1733     1.07178     1.13941  0.00493023
        1734     1.07175     1.13937  0.00492754
        1735     1.07174     1.13933  0.00492486
        1736     1.07174     1.13929  0.00492217
        1737     1.07177     1.13925  0.00491949
        1738     1.07181     1.13921  0.00491682
        1739     1.07187     1.13917  0.00491414
        1740     1.07195     1.13913  0.00491147
        1741     1.07204      1.1391   0.0049088
        1742     1.07215     1.13906  0.00490613
        1743     1.07227     1.13902  0.00490347
        1744     1.07241     1.13898   0.0049008
        1745     1.07256     1.13894  0.00489814
        1746     1.07273     1.13891  0.00489548
        1747     1.07291     1.13887  0.00489283
        1748     1.07309     1.13883  0.00489017
        1749     1.07329     1.13879  0.00488752
        1750      1.0735     1.13876  0.00488487
        1751     1.07372     1.13872  0.00488222
        1752     1.07395     1.13868  0.00487957
        1753     1.07418     1.13864  0.00487693
        1754     1.07443     1.13861  0.00487429
        1755     1.07468     1.13857  0.00487165
        1756     1.07493     1.13854  0.00486901
        1757     1.07519      1.1385  0.00486637
        1758     1.07545     1.13846  0.00486373
        1759     1.07571     1.13843   0.0048611
        1760     1.07598     1.13839  0.00485847
        1761     1.07624     1.13836  0.00485583
        1762     1.07651     1.13832  0.00485321
        1763     1.07678     1.13829  0.00485058
        1764     1.07704     1.13825  0.00484795
        1765     1.07731     1.13822  0.00484533
        1766     1.07757     1.13818  0.00484271
        1767     1.07783     1.13815  0.00484009
        1768     1.07809     1.13812  0.00483747
        1769     1.07834     1.13808  0.00483485
        1770     1.07859     1.13805  0.00483224
        1771     1.07884     1.13801  0.00482962
        1772     1.07908     1.13798  0.00482701
        1773     1.07932     1.13795   0.0048244
        1774     1.07955     1.13791   0.0048218
        1775     1.07978     1.13788  0.00481919
        1776     1.08001     1.13785  0.00481659
        1777     1.08023     1.13782  0.00481399
        1778     1.08044     1.13778  0.00481139
        1779     1.08065     1.13775  0.00480879
        1780     1.08086     1.13772  0.00480619
        1781     1.08107     1.13769   0.0048036
        1782     1.08127     1.13766  0.00480101
        1783     1.08146     1.13763  0.00479842
        1784     1.08166     1.13759  0.00479583
        1785     1.08185     1.13756  0.00479325
        1786     1.08204     1.13753  0.00479067
        1787     1.08223      1.1375  0.00478808
        1788     1.08241     1.13747  0.00478551
        1789      1.0826     1.13744  0.00478293
        1790     1.08279     1.13741  0.00478035
        1791     1.08298     1.13738  0.00477778
        1792     1.08316     1.13735  0.00477521
        1793     1.08335     1.13732  0.00477264
        1794     1.08355     1.13729  0.00477008
        1795     1.08374     1.13726  0.00476751
        1796     1.08394     1.13723  0.00476495
        1797     1.08414      1.1372  0.00476239
        1798     1.08435     1.13717  0.00475983
        1799     1.08456     1.13714  0.00475728
        1800     1.08477     1.13711  0.00475472
        1801     1.08499     1.13708  0.00475217
        1802     1.08522     1.13705  0.00474962
        1803     1.08545     1.13703  0.00474707
        1804     1.08569       1.137  0.00474453
        1805     1.08593     1.13697  0.00474198
        1806     1.08618     1.13694  0.00473944
        1807     1.08644     1.13691   0.0047369
        1808      1.0867     1.13688  0.00473436
        1809     1.08697     1.13686  0.00473182
        1810     1.08724     1.13683  0.00472929
        1811     1.08753      1.1368  0.00472676
        1812     1.08781     1.13678  0.00472423
        1813      1.0881     1.13675   0.0047217
        1814      1.0884     1.13672  0.00471917
        1815      1.0887      1.1367  0.00471664
        1816       1.089     1.13667  0.00471412
        1817     1.08931     1.13664   0.0047116
        1818     1.08962     1.13662  0.00470908
        1819     1.08994     1.13659  0.00470656
        1820     1.09025     1.13657  0.00470404
        1821     1.09057     1.13654  0.00470152
        1822     1.09089     1.13652  0.00469901
        1823     1.09121     1.13649   0.0046965
        1824     1.09152     1.13647  0.00469399
        1825     1.09184     1.13644  0.00469148
        1826     1.09215     1.13642  0.00468897
        1827     1.09246     1.13639  0.00468647
        1828     1.09277     1.13637  0.00468397
        1829     1.09308     1.13635  0.00468146
        1830     1.09337     1.13632  0.00467897
        1831     1.09367      1.1363  0.00467647
        1832     1.09395     1.13628  0.00467397
        1833     1.09423     1.13625  0.00467148
        1834     1.09451     1.13623  0.00466899
        1835     1.09477     1.13621   0.0046665
        1836     1.09503     1.13619  0.00466401
        1837     1.09528     1.13616  0.00466152
        1838     1.09552     1.13614  0.00465904
        1839     1.09575     1.13612  0.00465656
        1840     1.09597      1.1361  0.00465408
        1841     1.09618     1.13608   0.0046516
        1842     1.09638     1.13605  0.00464913
        1843     1.09656     1.13603  0.00464665
        1844     1.09674     1.13601  0.00464418
        1845     1.09691     1.13599  0.00464171
        1846     1.09707     1.13597  0.00463925
        1847     1.09721     1.13595  0.00463678
        1848     1.09735     1.13593  0.00463432
        1849     1.09747     1.13591  0.00463186
        1850     1.09759     1.13589   0.0046294
        1851      1.0977     1.13587  0.00462695
        1852     1.09779     1.13584  0.00462449
        1853     1.09788     1.13582  0.00462204
        1854     1.09796      1.1358   0.0046196
        1855     1.09803     1.13578  0.00461715
        1856      1.0981     1.13576  0.00461471
        1857     1.09816     1.13574  0.00461227
        1858     1.09821     1.13572  0.00460983
        1859     1.09826      1.1357  0.00460739
        1860      1.0983     1.13568  0.00460496
        1861     1.09834     1.13566  0.00460253
        1862     1.09837     1.13564   0.0046001
        1863      1.0984     1.13562  0.00459768
        1864     1.09843      1.1356  0.00459525
        1865     1.09846     1.13558  0.00459283
        1866     1.09848     1.13556  0.00459041
        1867     1.09851     1.13554    0.004588
        1868     1.09854     1.13552  0.00458558
        1869     1.09857      1.1355  0.00458317
        1870     1.09859     1.13548  0.00458076
        1871     1.09863     1.13546  0.00457836
        1872     1.09866     1.13544  0.00457596
        1873      1.0987     1.13542  0.00457355
        1874     1.09873      1.1354  0.00457116
        1875     1.09878     1.13539  0.00456876
        1876     1.09883     1.13537  0.00456637
        1877     1.09888     1.13535  0.00456397
        1878     1.09894     1.13533  0.00456159
        1879       1.099     1.13531   0.0045592
        1880     1.09907     1.13529  0.00455681
        1881     1.09914     1.13527  0.00455443
        1882     1.09922     1.13525  0.00455205
        1883     1.09931     1.13523  0.00454968
        1884      1.0994     1.13521   0.0045473
        1885     1.09949     1.13519  0.00454493
        1886     1.09959     1.13517  0.00454256
        1887      1.0997     1.13516  0.00454019
        1888     1.09981     1.13514  0.00453782
        1889     1.09993     1.13512  0.00453546
        1890     1.10006      1.1351   0.0045331
        1891     1.10018     1.13508  0.00453074
        1892     1.10032     1.13506  0.00452838
        1893     1.10046     1.13504  0.00452602
        1894      1.1006     1.13503  0.00452367
        1895     1.10074     1.13501  0.00452132
        1896     1.10089     1.13499  0.00451897
        1897     1.10105     1.13497  0.00451662
        1898      1.1012     1.13495  0.00451428
        1899     1.10136     1.13494  0.00451194
        1900     1.10152     1.13492   0.0045096
        1901     1.10168      1.1349  0.00450726
        1902     1.10184     1.13488  0.00450492
        1903       1.102     1.13487  0.00450259
        1904     1.10217     1.13485  0.00450026
        1905     1.10233     1.13483  0.00449793
        1906     1.10249     1.13482   0.0044956
        1907     1.10265      1.1348  0.00449327
        1908     1.10281     1.13478  0.00449095
        1909     1.10296     1.13477  0.00448863
        1910     1.10311     1.13475  0.00448631
        1911     1.10326     1.13473  0.00448399
        1912     1.10341     1.13472  0.00448167
        1913     1.10354      1.1347  0.00447936
        1914     1.10368     1.13468  0.00447705
        1915      1.1038     1.13467  0.00447474
        1916     1.10392     1.13465  0.00447244
        1917     1.10403     1.13464  0.00447013
        1918     1.10414     1.13462  0.00446783
        1919     1.10423      1.1346  0.00446553
        1920     1.10432     1.13459  0.00446323
        1921     1.10439     1.13457  0.00446093
        1922     1.10446     1.13456  0.00445864
        1923     1.10451     1.13454  0.00445635
        1924     1.10455     1.13453  0.00445406
        1925     1.10458     1.13451  0.00445177
        1926      1.1046     1.13449  0.00444949
        1927      1.1046     1.13448  0.00444721
        1928     1.10459     1.13446  0.00444493
        1929     1.10456     1.13445  0.00444265
        1930     1.10451     1.13443  0.00444038
        1931     1.10445     1.13442   0.0044381
        1932     1.10436      1.1344  0.00443583
        1933     1.10426     1.13439  0.00443357
        1934     1.10414     1.13437   0.0044313
        1935       1.104     1.13435  0.00442904
        1936     1.10384     1.13434  0.00442678
        1937     1.10365     1.13432  0.00442452
        1938     1.10344     1.13431  0.00442227
        1939     1.10321     1.13429  0.00442002
        1940     1.10296     1.13427  0.00441777
        1941     1.10268     1.13426  0.00441552
        1942     1.10237     1.13424  0.00441328
        1943     1.10204     1.13422  0.00441104
        1944     1.10168     1.13421   0.0044088
        1945      1.1013     1.13419  0.00440657
        1946     1.10089     1.13417  0.00440434
        1947     1.10045     1.13416  0.00440211
        1948     1.09998     1.13414  0.00439988
        1949     1.09949     1.13412  0.00439766
        1950     1.09897      1.1341  0.00439544
        1951     1.09842     1.13409  0.00439323
        1952     1.09784     1.13407  0.00439102
        1953     1.09723     1.13405  0.00438881
        1954     1.09659     1.13403   0.0043866
        1955     1.09593     1.13401   0.0043844
        1956     1.09524     1.13399  0.00438221
        1957     1.09452     1.13397  0.00438001
        1958     1.09378     1.13395  0.00437783
        1959     1.09302     1.13393  0.00437564
        1960     1.09222     1.13391  0.00437346
        1961     1.09141     1.13388  0.00437128
        1962     1.09058     1.13386  0.00436911
        1963     1.08972     1.13384  0.00436694
        1964     1.08884     1.13382  0.00436478
        1965     1.08795     1.13379  0.00436262
        1966     1.08704     1.13377  0.00436047
        1967     1.08612     1.13375  0.00435832
        1968     1.08518     1.13372  0.00435617
        1969     1.08423      1.1337  0.00435403
        1970     1.08328     1.13367   0.0043519
        1971     1.08232     1.13364  0.00434977
        1972     1.08135     1.13362  0.00434764
        1973     1.08039     1.13359  0.00434552
        1974     1.07942     1.13356  0.00434341
        1975     1.07846     1.13354   0.0043413
        1976     1.07751     1.13351  0.00433919
        1977     1.07656     1.13348   0.0043371
        1978     1.07563     1.13345    0.004335
        1979     1.07471     1.13342  0.00433291
        1980     1.07381     1.13339  0.00433083
        1981     1.07292     1.13336  0.00432875
        1982     1.07207     1.13333  0.00432668
        1983     1.07124      1.1333  0.00432461
        1984     1.07044     1.13326  0.00432254
        1985     1.06967     1.13323  0.00432049
        1986     1.06894      1.1332  0.00431843
        1987     1.06825     1.13317  0.00431638
        1988      1.0676     1.13313  0.00431434
        1989       1.067      1.1331   0.0043123
        1990     1.06644     1.13307  0.00431026
        1991     1.06593     1.13303  0.00430823
        1992     1.06548       1.133   0.0043062
        1993     1.06508     1.13297  0.00430417
        1994     1.06474     1.13293  0.00430215
        1995     1.06446      1.1329  0.00430013
        1996     1.06424     1.13286  0.00429811
        1997     1.06408     1.13283   0.0042961
        1998     1.06399     1.13279  0.00429409
        1999     1.06396     1.13276  0.00429208
        2000       1.064     1.13273  0.00429007
