           1    -5.53798    -5.53798           0
           2    -5.53754    -5.53776 0.000157463
           3    -5.53709    -5.53754 0.000209744
           4    -5.53665    -5.53732 0.000248483
           5    -5.53621    -5.53709 0.000280853
           6    -5.53576    -5.53687  0.00030931
           7    -5.53532    -5.53665 0.000335032
           8    -5.53488    -5.53643 0.000358688
           9    -5.53412    -5.53617 0.000400234
          10    -5.53368    -5.53592 0.000430762
          11    -5.53325    -5.53568 0.000455257
          12    -5.53152    -5.53533 0.000533339
          13    -5.53044    -5.53496 0.000610909
          14    -5.52871    -5.53451 0.000711648
          15    -5.52667    -5.53399 0.000834443
          16    -5.52366    -5.53334  0.00100149
          17    -5.52065     -5.5326   0.0011889
          18    -5.51764    -5.53177   0.0013832
          19     -5.5156    -5.53091  0.00155025
          20    -5.51259       -5.53  0.00172244
          21    -5.50861    -5.52898   0.0019181
          22     -5.5056    -5.52792  0.00210472
          23    -5.50195    -5.52679  0.00229611
          24    -5.49959    -5.52565  0.00246419
          25    -5.49756    -5.52453  0.00260931
          26    -5.49553    -5.52342  0.00273702
          27    -5.49253    -5.52227  0.00286475
          28    -5.49018    -5.52113  0.00298293
          29    -5.48848       -5.52  0.00308521
          30    -5.48678    -5.51889  0.00317489
          31    -5.48346    -5.51775   0.0032717
          32    -5.48177    -5.51662  0.00335709
          33     -5.4804    -5.51553   0.0034301
          34    -5.47937    -5.51446  0.00349022
          35    -5.47833    -5.51343   0.0035399
          36    -5.47762    -5.51244  0.00357862
          37    -5.47627    -5.51146  0.00361294
          38     -5.4746    -5.51049  0.00364575
          39    -5.47197     -5.5095  0.00368365
          40    -5.47031    -5.50852  0.00371959
          41    -5.46866    -5.50755  0.00375381
          42    -5.46733    -5.50659  0.00378458
          43    -5.46602    -5.50565  0.00381237
          44    -5.46536    -5.50473  0.00383412
          45    -5.46438    -5.50384  0.00385236
          46    -5.46276    -5.50294   0.0038707
          47    -5.46148    -5.50206  0.00388758
          48    -5.46085     -5.5012  0.00390024
          49    -5.45926    -5.50035  0.00391344
          50    -5.45898    -5.49952  0.00392166
          51    -5.45708    -5.49869  0.00393204
          52    -5.45553    -5.49786  0.00394305
          53    -5.45527    -5.49705  0.00394967
          54    -5.45471    -5.49627   0.0039536
          55    -5.45383     -5.4955  0.00395628
          56    -5.45297    -5.49474  0.00395784
          57     -5.4518    -5.49398  0.00395944
          58    -5.45097    -5.49324  0.00396003
          59    -5.45015    -5.49251  0.00395971
          60    -5.44869    -5.49178  0.00396048
          61    -5.44855    -5.49107  0.00395845
          62    -5.44843    -5.49039  0.00395392
          63    -5.44799    -5.48971    0.003948
          64    -5.44693    -5.48904   0.0039425
          65    -5.44589    -5.48838  0.00393736
          66    -5.44518    -5.48773  0.00393173
          67    -5.44385    -5.48707   0.0039272
          68    -5.44318    -5.48643  0.00392213
          69    -5.44286    -5.48579  0.00391578
          70    -5.44255    -5.48518  0.00390826
          71    -5.44194    -5.48457  0.00390036
          72    -5.44168    -5.48397  0.00389141
          73    -5.44046    -5.48338  0.00388348
          74    -5.44024    -5.48279   0.0038745
          75    -5.44036    -5.48223  0.00386394
          76     -5.4405    -5.48168  0.00385191
          77    -5.44066    -5.48115  0.00383855
          78    -5.44051    -5.48062  0.00382452
          79    -5.44104    -5.48012  0.00380879
          80    -5.44126    -5.47964  0.00379204
          81     -5.4415    -5.47917  0.00377433
          82    -5.44144    -5.47871  0.00375624
          83     -5.4414    -5.47826  0.00373779
          84     -5.4417    -5.47782  0.00371854
          85    -5.44169     -5.4774  0.00369901
          86    -5.44171    -5.47698  0.00367921
          87    -5.44206    -5.47658  0.00365875
          88    -5.44243    -5.47619  0.00363769
          89    -5.44282    -5.47582  0.00361609
          90    -5.44323    -5.47546    0.003594
          91    -5.44365    -5.47511  0.00357146
          92    -5.44376    -5.47476  0.00354885
          93    -5.44388    -5.47443  0.00352619
          94    -5.44435    -5.47411  0.00350318
          95    -5.44385    -5.47379  0.00348075
          96    -5.44401    -5.47348  0.00345829
          97    -5.44451    -5.47319  0.00343552
          98    -5.44501     -5.4729  0.00341247
          99    -5.44553    -5.47262  0.00338918
         100    -5.44637    -5.47236  0.00336543
         101    -5.44658     -5.4721  0.00334178
         102    -5.44711    -5.47186  0.00331798
         103    -5.44765    -5.47162  0.00329408
         104    -5.44852     -5.4714  0.00326989
         105    -5.44907    -5.47119  0.00324566
         106    -5.44961    -5.47099  0.00322142
         107    -5.44984    -5.47079  0.00319737
         108    -5.45038     -5.4706  0.00317334
         109    -5.45093    -5.47042  0.00314935
         110    -5.45115    -5.47024  0.00312559
         111    -5.45169    -5.47008  0.00310189
         112    -5.45255    -5.46992  0.00307814
         113    -5.45276    -5.46977  0.00305464
         114    -5.45297    -5.46962   0.0030314
         115    -5.45349    -5.46948  0.00300828
         116    -5.45433    -5.46935  0.00298518
         117    -5.45484    -5.46923  0.00296224
         118    -5.45534    -5.46911  0.00293948
         119    -5.45583      -5.469  0.00291689
         120    -5.45663    -5.46889   0.0028944
         121    -5.45678    -5.46879  0.00287221
         122    -5.45724     -5.4687  0.00285023
         123    -5.45737    -5.46861  0.00282854
         124    -5.45781    -5.46852  0.00280707
         125    -5.45856    -5.46844  0.00278575
         126    -5.45897    -5.46836  0.00276465
         127     -5.4597     -5.4683  0.00274373
         128    -5.46009    -5.46823  0.00272304
         129    -5.46014    -5.46817  0.00270265
         130    -5.46051    -5.46811  0.00268251
         131    -5.46086    -5.46806   0.0026626
         132    -5.46152    -5.46801  0.00264289
         133    -5.46249    -5.46796  0.00262334
         134     -5.4628    -5.46793  0.00260405
         135    -5.46278    -5.46789  0.00258504
         136    -5.46306    -5.46785  0.00256628
         137    -5.46333    -5.46782  0.00254776
         138    -5.46326    -5.46779  0.00252951
         139    -5.46351    -5.46776   0.0025115
         140    -5.46374    -5.46773  0.00249372
         141    -5.46363     -5.4677   0.0024762
         142    -5.46351    -5.46767  0.00245894
         143    -5.46371    -5.46764   0.0024419
         144    -5.46356    -5.46761  0.00242511
         145    -5.46373    -5.46759  0.00240853
         146    -5.46324    -5.46756  0.00239222
         147    -5.46371    -5.46753  0.00237609
         148    -5.46351     -5.4675  0.00236019
         149    -5.46364    -5.46748  0.00234449
         150    -5.46277    -5.46744  0.00232907
         151     -5.4632    -5.46742  0.00231382
         152    -5.46361    -5.46739  0.00229873
         153    -5.46337    -5.46737  0.00228386
         154    -5.46343    -5.46734  0.00226917
         155    -5.46382    -5.46732  0.00225464
         156    -5.46419     -5.4673  0.00224028
         157    -5.46423    -5.46728  0.00222609
         158    -5.46427    -5.46726  0.00221209
         159    -5.46429    -5.46724  0.00219825
         160    -5.46463    -5.46722  0.00218457
         161    -5.46464    -5.46721  0.00217106
         162    -5.46464    -5.46719  0.00215772
         163    -5.46496    -5.46718  0.00214453
         164    -5.46495    -5.46716  0.00213149
         165    -5.46493    -5.46715  0.00211862
         166     -5.4649    -5.46714   0.0021059
         167    -5.46455    -5.46712  0.00209335
         168    -5.46516    -5.46711  0.00208092
         169     -5.4648     -5.4671  0.00206865
         170    -5.46475    -5.46708  0.00205653
         171    -5.46405    -5.46706  0.00204458
         172    -5.46399    -5.46705  0.00203277
         173    -5.46394    -5.46703   0.0020211
         174    -5.46452    -5.46701  0.00200953
         175    -5.46445      -5.467   0.0019981
         176    -5.46438    -5.46698  0.00198681
         177    -5.46463    -5.46697  0.00197563
         178    -5.46422    -5.46696  0.00196459
         179    -5.46414    -5.46694  0.00195368
         180    -5.46406    -5.46692  0.00194289
         181    -5.46365    -5.46691  0.00193224
         182    -5.46356    -5.46689  0.00192171
         183    -5.46346    -5.46687   0.0019113
         184    -5.46402    -5.46685  0.00190097
         185    -5.46424    -5.46684  0.00189075
         186    -5.46349    -5.46682  0.00188067
         187    -5.46404    -5.46681  0.00187067
         188    -5.46426    -5.46679  0.00186077
         189    -5.46383    -5.46678  0.00185099
         190    -5.46405    -5.46676  0.00184131
         191    -5.46329    -5.46674  0.00183176
         192     -5.4635    -5.46673  0.00182229
         193    -5.46339    -5.46671  0.00181293
         194    -5.46327    -5.46669  0.00180367
         195    -5.46348    -5.46668   0.0017945
         196    -5.46369    -5.46666  0.00178541
         197    -5.46357    -5.46665  0.00177642
         198    -5.46312    -5.46663  0.00176753
         199    -5.46332    -5.46661  0.00175873
         200     -5.4632    -5.46659  0.00175002
         201    -5.46307    -5.46658   0.0017414
         202    -5.46295    -5.46656  0.00173287
         203     -5.4625    -5.46654  0.00172445
         204    -5.46269    -5.46652   0.0017161
         205    -5.46289     -5.4665  0.00170782
         206    -5.46276    -5.46648  0.00169963
         207    -5.46198    -5.46646  0.00169156
         208    -5.46185    -5.46644  0.00168357
         209    -5.46269    -5.46642  0.00167561
         210    -5.46255     -5.4664  0.00166773
         211    -5.46242    -5.46638  0.00165993
         212    -5.46261    -5.46637   0.0016522
         213    -5.46247    -5.46635  0.00164454
         214    -5.46266    -5.46633  0.00163695
         215    -5.46253    -5.46631  0.00162943
         216    -5.46239     -5.4663  0.00162199
         217    -5.46161    -5.46627  0.00161466
         218    -5.46115    -5.46625  0.00160742
         219    -5.46134    -5.46623  0.00160024
         220    -5.46056     -5.4662  0.00159317
         221    -5.45946    -5.46617  0.00158626
         222    -5.45933    -5.46614  0.00157941
         223    -5.45888    -5.46611  0.00157266
         224    -5.45842    -5.46607  0.00156602
         225    -5.45862    -5.46604  0.00155941
         226    -5.45849    -5.46601  0.00155286
         227    -5.45837    -5.46597  0.00154639
         228    -5.45792    -5.46594  0.00154001
         229    -5.45748     -5.4659  0.00153373
         230    -5.45769    -5.46587  0.00152747
         231    -5.45757    -5.46583  0.00152128
         232    -5.45714    -5.46579  0.00151519
         233    -5.45768    -5.46576  0.00150908
         234     -5.4579    -5.46572  0.00150301
         235    -5.45747    -5.46569  0.00149702
         236     -5.4577    -5.46566  0.00149106
         237    -5.45696    -5.46562  0.00148522
         238    -5.45622    -5.46558  0.00147951
         239    -5.45614    -5.46554  0.00147384
         240    -5.45573     -5.4655  0.00146827
         241    -5.45533    -5.46546  0.00146278
         242    -5.45526    -5.46541  0.00145734
         243    -5.45487    -5.46537  0.00145199
         244    -5.45481    -5.46533  0.00144668
         245    -5.45411    -5.46528   0.0014415
         246    -5.45406    -5.46524  0.00143637
         247    -5.45466    -5.46519  0.00143119
         248    -5.45527    -5.46515  0.00142598
         249    -5.45524    -5.46511  0.00142081
         250    -5.45521    -5.46507  0.00141568
         251    -5.45551    -5.46504  0.00141055
         252    -5.45549      -5.465  0.00140546
         253    -5.45548    -5.46496  0.00140041
         254    -5.45547    -5.46492  0.00139539
         255    -5.45579    -5.46489  0.00139038
         256    -5.45547    -5.46485  0.00138543
         257    -5.45581    -5.46482  0.00138049
         258    -5.45647    -5.46478  0.00137552
         259    -5.45649    -5.46475  0.00137058
         260    -5.45652    -5.46472  0.00136567
         261    -5.45687    -5.46469  0.00136077
         262    -5.45626    -5.46466  0.00135596
         263     -5.4563    -5.46463  0.00135117
         264      -5.457     -5.4646  0.00134637
         265    -5.45737    -5.46457  0.00134156
         266    -5.45775    -5.46454  0.00133676
         267    -5.45846    -5.46452  0.00133195
         268    -5.45852     -5.4645  0.00132717
         269    -5.45826    -5.46448  0.00132244
         270    -5.45833    -5.46445  0.00131773
         271    -5.45808    -5.46443  0.00131308
         272    -5.45849    -5.46441  0.00130844
         273    -5.45889    -5.46439   0.0013038
         274    -5.45865    -5.46437  0.00129921
         275    -5.45841    -5.46434  0.00129466
         276    -5.45818    -5.46432  0.00129017
         277    -5.45892     -5.4643  0.00128566
         278    -5.45901    -5.46428  0.00128117
         279    -5.45911    -5.46426  0.00127671
         280     -5.4592    -5.46425  0.00127228
         281    -5.45962    -5.46423  0.00126786
         282     -5.4594    -5.46421  0.00126348
         283    -5.45949     -5.4642  0.00125913
         284    -5.45959    -5.46418   0.0012548
         285    -5.45969    -5.46416  0.00125049
         286    -5.45979    -5.46415  0.00124622
         287    -5.45957    -5.46413  0.00124198
         288    -5.45934    -5.46412  0.00123777
         289    -5.45847     -5.4641  0.00123365
         290    -5.45857    -5.46408  0.00122954
         291    -5.45899    -5.46406  0.00122544
         292    -5.45876    -5.46404  0.00122138
         293    -5.45854    -5.46402  0.00121735
         294    -5.45831      -5.464  0.00121337
         295    -5.45873    -5.46399  0.00120939
         296    -5.45849    -5.46397  0.00120544
         297    -5.45826    -5.46395  0.00120154
         298    -5.45867    -5.46393  0.00119763
         299    -5.45876    -5.46391  0.00119375
         300    -5.45852     -5.4639  0.00118991
         301    -5.45892    -5.46388  0.00118607
         302    -5.45932    -5.46386  0.00118224
         303    -5.46005    -5.46385  0.00117841
         304    -5.46012    -5.46384  0.00117459
         305     -5.4602    -5.46383   0.0011708
         306    -5.46027    -5.46382  0.00116703
         307    -5.46033     -5.4638  0.00116329
         308    -5.46072    -5.46379  0.00115955
         309    -5.46078    -5.46378  0.00115584
         310    -5.46051    -5.46377  0.00115216
         311    -5.46057    -5.46376   0.0011485
         312    -5.46094    -5.46375  0.00114486
         313    -5.46131    -5.46375  0.00114123
         314    -5.46136    -5.46374  0.00113762
         315    -5.46075    -5.46373  0.00113405
         316    -5.46047    -5.46372   0.0011305
         317     -5.4605    -5.46371  0.00112698
         318    -5.46021     -5.4637  0.00112349
         319    -5.46056    -5.46369  0.00112001
         320    -5.46026    -5.46368  0.00111657
         321    -5.46028    -5.46367  0.00111314
         322    -5.46062    -5.46366  0.00110972
         323    -5.46096    -5.46365  0.00110632
         324    -5.46129    -5.46364  0.00110293
         325    -5.46065    -5.46363  0.00109957
         326    -5.46066    -5.46362  0.00109624
         327    -5.46065    -5.46361  0.00109292
         328    -5.46065    -5.46361  0.00108963
         329    -5.46096     -5.4636  0.00108634
         330    -5.46095    -5.46359  0.00108308
         331    -5.46158    -5.46358  0.00107983
         332    -5.46253    -5.46358  0.00107658
         333    -5.46283    -5.46358  0.00107335
         334     -5.4628    -5.46358  0.00107014
         335     -5.4631    -5.46357  0.00106694
         336    -5.46306    -5.46357  0.00106377
         337    -5.46269    -5.46357  0.00106062
         338    -5.46265    -5.46357  0.00105748
         339    -5.46228    -5.46356  0.00105437
         340    -5.46255    -5.46356  0.00105127
         341    -5.46282    -5.46356  0.00104819
         342    -5.46308    -5.46356  0.00104513
         343    -5.46302    -5.46356  0.00104208
         344    -5.46296    -5.46355  0.00103905
         345    -5.46321    -5.46355  0.00103604
         346    -5.46282    -5.46355  0.00103305
         347    -5.46307    -5.46355  0.00103007
         348    -5.46331    -5.46355  0.00102711
         349    -5.46356    -5.46355  0.00102417
         350    -5.46283    -5.46355  0.00102125
         351    -5.46242    -5.46354  0.00101834
         352    -5.46233    -5.46354  0.00101546
         353    -5.46321    -5.46354  0.00101258
         354     -5.4628    -5.46354  0.00100972
         355    -5.46271    -5.46353  0.00100688
         356     -5.4623    -5.46353  0.00100406
         357    -5.46188    -5.46353  0.00100125
         358    -5.46212    -5.46352 0.000998466
         359    -5.46235    -5.46352  0.00099569
         360    -5.46226    -5.46352  0.00099293
         361    -5.46249    -5.46351 0.000990184
         362    -5.46306    -5.46351 0.000987449
         363    -5.46265    -5.46351 0.000984732
         364    -5.46257    -5.46351  0.00098203
         365    -5.46281     -5.4635 0.000979341
         366    -5.46305     -5.4635 0.000976666
         367    -5.46298     -5.4635 0.000974006
         368    -5.46291     -5.4635 0.000971361
         369    -5.46317     -5.4635 0.000968729
         370    -5.46278     -5.4635 0.000966112
         371    -5.46272     -5.4635 0.000963511
         372    -5.46267    -5.46349 0.000960923
         373    -5.46263    -5.46349  0.00095835
         374    -5.46226    -5.46349 0.000955793
         375    -5.46255    -5.46349 0.000953247
         376     -5.4622    -5.46348 0.000950718
         377    -5.46218    -5.46348 0.000948203
         378    -5.46184    -5.46347 0.000945704
         379    -5.46215    -5.46347 0.000943215
         380    -5.46183    -5.46347 0.000940743
         381    -5.46151    -5.46346 0.000938288
         382     -5.4612    -5.46346  0.00093585
         383    -5.46122    -5.46345 0.000933425
         384    -5.46092    -5.46344 0.000931018
         385    -5.46096    -5.46344 0.000928622
         386    -5.46067    -5.46343 0.000926244
         387    -5.46072    -5.46342 0.000923877
         388    -5.46013    -5.46341 0.000921535
         389    -5.45986     -5.4634 0.000919211
         390    -5.46058     -5.4634 0.000916882
         391    -5.46065    -5.46339 0.000914564
         392    -5.46105    -5.46338 0.000912251
         393    -5.46113    -5.46338 0.000909948
         394    -5.46122    -5.46337 0.000907655
         395    -5.46131    -5.46337 0.000905372
         396    -5.46108    -5.46336 0.000903104
         397     -5.4615    -5.46336 0.000900841
         398     -5.4616    -5.46335 0.000898589
         399    -5.46235    -5.46335  0.00089634
         400    -5.46245    -5.46335 0.000894102
         401     -5.4632    -5.46335 0.000891873
         402    -5.46331    -5.46335 0.000889654
         403    -5.46276    -5.46335 0.000887448
         404    -5.46286    -5.46334 0.000885252
         405    -5.46296    -5.46334 0.000883066
         406    -5.46338    -5.46334 0.000880891
         407    -5.46413    -5.46335 0.000878729
         408    -5.46422    -5.46335 0.000876578
         409    -5.46496    -5.46335 0.000874444
         410    -5.46472    -5.46336 0.000872317
         411     -5.4648    -5.46336 0.000870202
         412    -5.46488    -5.46336 0.000868097
         413    -5.46527    -5.46337 0.000866008
         414    -5.46501    -5.46337 0.000863925
         415    -5.46605    -5.46338 0.000861867
         416    -5.46545    -5.46338  0.00085981
         417    -5.46518    -5.46339 0.000857759
         418    -5.46458    -5.46339 0.000855712
         419    -5.46429    -5.46339 0.000853672
         420    -5.46465    -5.46339 0.000851645
         421    -5.46467     -5.4634 0.000849627
         422    -5.46469     -5.4634 0.000847619
         423    -5.46438     -5.4634 0.000845619
         424    -5.46342     -5.4634 0.000843624
         425     -5.4631     -5.4634  0.00084164
         426    -5.46245     -5.4634 0.000839667
         427    -5.46244     -5.4634 0.000837704
         428     -5.4621     -5.4634 0.000835752
         429    -5.46274    -5.46339 0.000833805
         430    -5.46271    -5.46339 0.000831867
         431    -5.46269    -5.46339 0.000829939
         432    -5.46266    -5.46339  0.00082802
         433    -5.46262    -5.46339 0.000826109
         434    -5.46258    -5.46339 0.000824208
         435    -5.46384    -5.46339 0.000822314
         436    -5.46412    -5.46339 0.000820429
         437    -5.46439    -5.46339 0.000818555
         438    -5.46402    -5.46339 0.000816688
         439    -5.46397    -5.46339 0.000814828
         440    -5.46456     -5.4634 0.000812981
         441    -5.46288    -5.46339 0.000811138
         442    -5.46282    -5.46339 0.000809304
         443    -5.46244    -5.46339  0.00080748
         444     -5.4614    -5.46339 0.000805674
         445    -5.46134    -5.46338 0.000803876
         446    -5.46095    -5.46338 0.000802092
         447    -5.46056    -5.46337 0.000800323
         448    -5.46082    -5.46336 0.000798557
         449    -5.46107    -5.46336 0.000796794
         450    -5.46036    -5.46335 0.000795052
         451    -5.46029    -5.46335 0.000793318
         452    -5.45989    -5.46334 0.000791599
         453    -5.46014    -5.46333 0.000789883
         454    -5.46007    -5.46332 0.000788176
         455    -5.46032    -5.46332 0.000786471
         456    -5.45993    -5.46331 0.000784782
         457    -5.45986     -5.4633 0.000783101
         458    -5.45978    -5.46329 0.000781429
         459    -5.45906    -5.46329 0.000779781
         460    -5.45867    -5.46328  0.00077815
         461    -5.45892    -5.46327  0.00077652
         462    -5.45949    -5.46326 0.000774882
         463    -5.46007    -5.46325 0.000773239
         464    -5.45999    -5.46324 0.000771604
         465    -5.46024    -5.46324 0.000769972
         466    -5.45952    -5.46323 0.000768361
         467    -5.45945    -5.46322 0.000766758
         468     -5.4584    -5.46321 0.000765189
         469    -5.45866     -5.4632 0.000763619
         470    -5.45858    -5.46319 0.000762058
         471    -5.45819    -5.46318 0.000760514
         472    -5.45812    -5.46317 0.000758978
         473    -5.45804    -5.46316 0.000757451
         474    -5.45927    -5.46315 0.000755897
         475     -5.4592    -5.46314 0.000754352
         476    -5.45913    -5.46313 0.000752814
         477    -5.45873    -5.46313 0.000751292
         478    -5.45834    -5.46312 0.000749787
         479    -5.45827    -5.46311  0.00074829
         480    -5.45853     -5.4631 0.000746792
         481    -5.45846    -5.46309 0.000745301
         482    -5.45937    -5.46308 0.000743795
         483    -5.45931    -5.46307 0.000742296
         484    -5.45924    -5.46306 0.000740804
         485    -5.45918    -5.46305  0.00073932
         486    -5.45944    -5.46305 0.000737836
         487    -5.45971    -5.46304 0.000736353
         488    -5.45998    -5.46303 0.000734871
         489    -5.45992    -5.46303 0.000733396
         490    -5.45955    -5.46302 0.000731933
         491    -5.45949    -5.46301 0.000730478
         492    -5.45912    -5.46301 0.000729036
         493    -5.45908      -5.463 0.000727601
         494    -5.45904    -5.46299 0.000726172
         495      -5.459    -5.46298  0.00072475
         496    -5.45831    -5.46297  0.00072335
         497    -5.45763    -5.46296 0.000721974
         498    -5.45825    -5.46295 0.000720586
         499    -5.45822    -5.46294 0.000719204
         500    -5.45853    -5.46293  0.00071782
         501    -5.45818    -5.46292  0.00071645
         502    -5.45784    -5.46291 0.000715094
         503    -5.45751     -5.4629 0.000713753
         504    -5.45782    -5.46289 0.000712408
         505    -5.45847    -5.46288 0.000711051
         506     -5.4588    -5.46288 0.000709692
         507    -5.45913    -5.46287 0.000708331
         508    -5.45881    -5.46286 0.000706982
         509    -5.45915    -5.46285  0.00070563
         510    -5.45949    -5.46285 0.000704277
         511    -5.45952    -5.46284 0.000702929
         512    -5.45922    -5.46283 0.000701592
         513    -5.45958    -5.46283 0.000700253
         514    -5.45962    -5.46282 0.000698918
         515    -5.45966    -5.46281 0.000697588
         516    -5.46036    -5.46281 0.000696252
         517    -5.45944     -5.4628 0.000694936
         518    -5.45917     -5.4628  0.00069363
         519    -5.45858    -5.46279 0.000692341
         520    -5.45929    -5.46278 0.000691042
         521    -5.45904    -5.46277 0.000689753
         522    -5.45846    -5.46277 0.000688481
         523    -5.45854    -5.46276 0.000687212
         524    -5.45829    -5.46275 0.000685954
         525    -5.45838    -5.46274 0.000684698
         526    -5.45878    -5.46273 0.000683437
         527    -5.45855    -5.46273 0.000682186
         528    -5.45864    -5.46272 0.000680938
         529    -5.45873    -5.46271 0.000679693
         530    -5.45948     -5.4627 0.000678438
         531    -5.45925     -5.4627 0.000677191
         532    -5.45968    -5.46269 0.000675942
         533    -5.45945    -5.46269 0.000674701
         534    -5.45988    -5.46268 0.000673458
         535    -5.46031    -5.46268 0.000672214
         536    -5.46009    -5.46267 0.000670977
         537    -5.45987    -5.46267 0.000669748
         538     -5.4603    -5.46266 0.000668518
         539    -5.46073    -5.46266 0.000667287
         540    -5.46083    -5.46265  0.00066606
         541    -5.46094    -5.46265 0.000664836
         542    -5.46039    -5.46265 0.000663623
         543    -5.46049    -5.46264 0.000662412
         544    -5.46059    -5.46264 0.000661205
         545    -5.46069    -5.46264 0.000660002
         546    -5.46014    -5.46263 0.000658809
         547    -5.46056    -5.46263 0.000657615
         548    -5.46098    -5.46262 0.000656422
         549    -5.46139    -5.46262  0.00065523
         550    -5.46116    -5.46262 0.000654044
         551    -5.46157    -5.46262  0.00065286
         552    -5.46197    -5.46262 0.000651678
         553     -5.4627    -5.46262   0.0006505
         554    -5.46343    -5.46262 0.000649327
         555    -5.46285    -5.46262 0.000648158
         556    -5.46324    -5.46262 0.000646993
         557    -5.46331    -5.46262 0.000645832
         558    -5.46434    -5.46262 0.000644682
         559     -5.4644    -5.46263 0.000643537
         560    -5.46445    -5.46263 0.000642396
         561    -5.46515    -5.46264 0.000641267
         562    -5.46519    -5.46264 0.000640142
         563    -5.46588    -5.46265 0.000639031
         564    -5.46592    -5.46265 0.000637924
         565    -5.46563    -5.46266 0.000636817
         566    -5.46501    -5.46266 0.000635705
         567    -5.46536    -5.46267 0.000634602
         568     -5.4657    -5.46267 0.000633507
         569    -5.46637    -5.46268 0.000632427
         570    -5.46606    -5.46268 0.000631345
         571    -5.46574    -5.46269 0.000630262
         572    -5.46542    -5.46269 0.000629178
         573    -5.46542     -5.4627 0.000628098
         574     -5.4651     -5.4627 0.000627018
         575    -5.46477    -5.46271 0.000625938
         576    -5.46508    -5.46271 0.000624865
         577    -5.46507    -5.46271 0.000623795
         578    -5.46506    -5.46272 0.000622729
         579    -5.46407    -5.46272 0.000621658
         580    -5.46437    -5.46272 0.000620593
         581    -5.46467    -5.46273 0.000619534
         582    -5.46497    -5.46273 0.000618481
         583    -5.46462    -5.46273 0.000617429
         584    -5.46394    -5.46274 0.000616375
         585    -5.46391    -5.46274 0.000615325
         586    -5.46387    -5.46274 0.000614278
         587     -5.4648    -5.46274 0.000613241
         588    -5.46509    -5.46275 0.000612211
         589    -5.46602    -5.46275 0.000611197
         590    -5.46565    -5.46276 0.000610181
         591    -5.46561    -5.46276 0.000609167
         592    -5.46492    -5.46277 0.000608149
         593    -5.46519    -5.46277 0.000607138
         594    -5.46385    -5.46277 0.000606118
         595    -5.46348    -5.46277 0.000605101
         596    -5.46375    -5.46278 0.000604088
         597     -5.4637    -5.46278 0.000603078
         598    -5.46397    -5.46278 0.000602073
         599    -5.46425    -5.46278 0.000601072
         600    -5.46355    -5.46278 0.000600072
         601    -5.46285    -5.46278 0.000599074
         602    -5.46279    -5.46278 0.000598078
         603    -5.46242    -5.46278 0.000597087
         604    -5.46237    -5.46278 0.000596099
         605    -5.46264    -5.46278 0.000595113
         606    -5.46258    -5.46278 0.000594131
         607    -5.46188    -5.46278 0.000593155
         608    -5.46151    -5.46278 0.000592183
         609    -5.46113    -5.46277 0.000591216
         610    -5.46076    -5.46277 0.000590256
         611     -5.4607    -5.46277   0.0005893
         612    -5.46065    -5.46276 0.000588347
         613    -5.46222    -5.46276 0.000587388
         614    -5.46184    -5.46276 0.000586433
         615    -5.46179    -5.46276 0.000585482
         616    -5.46207    -5.46276 0.000584533
         617    -5.46234    -5.46276 0.000583586
         618    -5.46294    -5.46276 0.000582641
         619    -5.46386    -5.46276 0.000581703
         620    -5.46381    -5.46276 0.000580767
         621    -5.46344    -5.46276 0.000579833
         622    -5.46371    -5.46276 0.000578903
         623    -5.46334    -5.46277 0.000577974
         624    -5.46329    -5.46277 0.000577049
         625    -5.46324    -5.46277 0.000576126
         626    -5.46319    -5.46277 0.000575206
         627    -5.46314    -5.46277 0.000574289
         628    -5.46341    -5.46277 0.000573375
         629    -5.46304    -5.46277 0.000572464
         630    -5.46332    -5.46277 0.000571556
         631    -5.46327    -5.46277 0.000570651
         632    -5.46354    -5.46277 0.000569749
         633    -5.46349    -5.46277  0.00056885
         634    -5.46279    -5.46277 0.000567953
         635    -5.46307    -5.46277 0.000567059
         636    -5.46302    -5.46277 0.000566167
         637    -5.46362    -5.46278  0.00056528
         638    -5.46324    -5.46278 0.000564394
         639    -5.46416    -5.46278 0.000563515
         640    -5.46411    -5.46278 0.000562639
         641    -5.46439    -5.46278 0.000561766
         642    -5.46337    -5.46278 0.000560892
         643    -5.46364    -5.46279 0.000560021
         644    -5.46359    -5.46279 0.000559153
         645    -5.46224    -5.46279 0.000558287
         646    -5.46219    -5.46279 0.000557423
         647    -5.46246    -5.46278 0.000556562
         648    -5.46241    -5.46278 0.000555704
         649      -5.463    -5.46278 0.000554847
         650    -5.46295    -5.46278 0.000553994
         651    -5.46289    -5.46279 0.000553143
         652    -5.46252    -5.46278 0.000552295
         653    -5.46279    -5.46278 0.000551449
         654    -5.46273    -5.46278 0.000550606
         655    -5.46236    -5.46278 0.000549765
         656    -5.46263    -5.46278 0.000548927
         657    -5.46128    -5.46278 0.000548097
         658    -5.46058    -5.46278 0.000547274
         659    -5.46149    -5.46278 0.000546447
         660    -5.46111    -5.46277 0.000545625
         661    -5.46106    -5.46277 0.000544806
         662    -5.46133    -5.46277 0.000543987
         663    -5.46095    -5.46277 0.000543173
         664     -5.4609    -5.46276 0.000542363
         665     -5.4602    -5.46276 0.000541561
         666    -5.45917    -5.46275 0.000540774
         667    -5.45912    -5.46275 0.000539991
         668    -5.45875    -5.46274 0.000539216
         669     -5.4587    -5.46274 0.000538444
         670    -5.45833    -5.46273  0.00053768
         671    -5.45861    -5.46272 0.000536914
         672    -5.45888    -5.46272 0.000536145
         673    -5.45819    -5.46271 0.000535391
         674     -5.4575     -5.4627 0.000534652
         675    -5.45714     -5.4627 0.000533924
         676    -5.45743    -5.46269 0.000533191
         677    -5.45804    -5.46268 0.000532447
         678    -5.45865    -5.46267 0.000531695
         679    -5.45798    -5.46267 0.000530957
         680    -5.45795    -5.46266 0.000530222
         681    -5.45824    -5.46265 0.000529483
         682    -5.45822    -5.46265 0.000528747
         683    -5.45819    -5.46264 0.000528013
         684    -5.45785    -5.46263 0.000527287
         685    -5.45783    -5.46263 0.000526564
         686    -5.45782    -5.46262 0.000525843
         687    -5.45781    -5.46261 0.000525124
         688    -5.45845    -5.46261 0.000524396
         689     -5.4578     -5.4626 0.000523681
         690    -5.45715    -5.46259 0.000522982
         691    -5.45683    -5.46258 0.000522292
         692    -5.45683    -5.46258 0.000521603
         693    -5.45748    -5.46257 0.000520902
         694    -5.45782    -5.46256 0.000520197
         695    -5.45815    -5.46256 0.000519487
         696    -5.45849    -5.46255 0.000518773
         697    -5.45786    -5.46254 0.000518073
         698     -5.4582    -5.46254 0.000517368
         699    -5.45823    -5.46253 0.000516664
         700    -5.45825    -5.46252 0.000515962
         701    -5.45828    -5.46252 0.000515262
         702    -5.45831    -5.46251 0.000514563
         703    -5.45801    -5.46251  0.00051387
         704    -5.45772     -5.4625 0.000513185
         705    -5.45776    -5.46249 0.000512502
         706    -5.45747    -5.46249 0.000511825
         707    -5.45815    -5.46248 0.000511138
         708    -5.45883    -5.46247 0.000510442
         709    -5.45887    -5.46247 0.000509747
         710    -5.45859    -5.46246 0.000509059
         711    -5.45862    -5.46246 0.000508371
         712    -5.45866    -5.46245 0.000507685
         713     -5.4587    -5.46245    0.000507
         714    -5.45906    -5.46244 0.000506313
         715     -5.4591    -5.46244 0.000505626
         716    -5.45913    -5.46243 0.000504941
         717    -5.45884    -5.46243 0.000504262
         718    -5.45888    -5.46242 0.000503583
         719    -5.45859    -5.46242 0.000502911
         720    -5.45927    -5.46241 0.000502232
         721    -5.45962    -5.46241  0.00050155
         722    -5.45933    -5.46241 0.000500874
         723    -5.45968     -5.4624 0.000500195
         724    -5.45905     -5.4624 0.000499526
         725    -5.45875    -5.46239 0.000498862
         726     -5.4578    -5.46239 0.000498215
         727    -5.45815    -5.46238 0.000497564
         728    -5.45849    -5.46237 0.000496909
         729    -5.45753    -5.46237 0.000496272
         730    -5.45754    -5.46236 0.000495636
         731    -5.45755    -5.46235 0.000495002
         732    -5.45756    -5.46235 0.000494369
         733    -5.45756    -5.46234 0.000493737
         734    -5.45756    -5.46234 0.000493108
         735    -5.45724    -5.46233 0.000492485
         736    -5.45724    -5.46232 0.000491865
         737    -5.45756    -5.46231  0.00049124
         738    -5.45787    -5.46231 0.000490611
         739    -5.45754     -5.4623  0.00048999
         740    -5.45753     -5.4623  0.00048937
         741    -5.45687    -5.46229 0.000488764
         742    -5.45685    -5.46228 0.000488161
         743    -5.45716    -5.46227 0.000487552
         744    -5.45617    -5.46227 0.000486966
         745    -5.45615    -5.46226 0.000486382
         746    -5.45612    -5.46225 0.000485799
         747    -5.45642    -5.46224 0.000485212
         748     -5.4564    -5.46223 0.000484626
         749    -5.45702    -5.46223 0.000484029
         750    -5.45699    -5.46222 0.000483434
         751    -5.45729    -5.46221 0.000482835
         752    -5.45628    -5.46221 0.000482257
         753    -5.45593     -5.4622 0.000481689
         754     -5.4559    -5.46219 0.000481122
         755    -5.45619    -5.46218  0.00048055
         756    -5.45616    -5.46217 0.000479981
         757    -5.45548    -5.46216 0.000479428
         758    -5.45545    -5.46216 0.000478877
         759    -5.45574    -5.46215 0.000478321
         760    -5.45571    -5.46214 0.000477767
         761    -5.45535    -5.46213 0.000477222
         762    -5.45532    -5.46212  0.00047668
         763    -5.45561    -5.46211 0.000476131
         764    -5.45526     -5.4621 0.000475592
         765    -5.45555    -5.46209 0.000475048
         766    -5.45552    -5.46209 0.000474505
         767    -5.45549    -5.46208 0.000473964
         768    -5.45514    -5.46207 0.000473433
         769    -5.45544    -5.46206 0.000472896
         770    -5.45509    -5.46205 0.000472368
         771    -5.45507    -5.46204 0.000471843
         772    -5.45505    -5.46203 0.000471318
         773    -5.45503    -5.46202 0.000470796
         774    -5.45501    -5.46201 0.000470275
         775    -5.45499    -5.46201 0.000469755
         776    -5.45465      -5.462 0.000469245
         777    -5.45497    -5.46199 0.000468729
         778    -5.45463    -5.46198 0.000468222
         779    -5.45495    -5.46197 0.000467707
         780    -5.45527    -5.46196 0.000467187
         781    -5.45527    -5.46195 0.000466667
         782    -5.45527    -5.46194 0.000466148
         783    -5.45462    -5.46193 0.000465647
         784    -5.45495    -5.46192 0.000465138
         785    -5.45528    -5.46192 0.000464622
         786    -5.45529    -5.46191 0.000464108
         787    -5.45531     -5.4619 0.000463594
         788    -5.45564    -5.46189 0.000463073
         789    -5.45599    -5.46188 0.000462547
         790    -5.45568    -5.46188 0.000462028
         791    -5.45603    -5.46187 0.000461503
         792    -5.45606    -5.46186 0.000460979
         793    -5.45706    -5.46186 0.000460437
         794    -5.45709    -5.46185 0.000459896
         795    -5.45745    -5.46184 0.000459351
         796    -5.45749    -5.46184 0.000458806
         797    -5.45689    -5.46183 0.000458273
         798    -5.45758    -5.46183 0.000457729
         799    -5.45762    -5.46182 0.000457187
         800    -5.45767    -5.46182 0.000456645
         801     -5.4574    -5.46181 0.000456108
         802    -5.45681     -5.4618 0.000455582
         803    -5.45654     -5.4618 0.000455061
         804     -5.4566    -5.46179 0.000454541
         805    -5.45699    -5.46179 0.000454016
         806     -5.4577    -5.46178 0.000453481
         807    -5.45842    -5.46178 0.000452938
         808    -5.45914    -5.46177 0.000452389
         809    -5.45856    -5.46177 0.000451847
         810    -5.45831    -5.46176  0.00045131
         811    -5.45839    -5.46176 0.000450772
         812    -5.45944    -5.46176 0.000450226
         813    -5.45952    -5.46175 0.000449681
         814    -5.45928    -5.46175 0.000449139
         815    -5.45937    -5.46175 0.000448597
         816    -5.45946    -5.46175 0.000448056
         817    -5.45922    -5.46174 0.000447519
         818    -5.45964    -5.46174 0.000446979
         819     -5.4607    -5.46174 0.000446435
         820    -5.46079    -5.46174 0.000445892
         821    -5.46089    -5.46174  0.00044535
         822    -5.46131    -5.46174 0.000444809
         823     -5.4614    -5.46174 0.000444268
         824     -5.4615    -5.46174 0.000443729
         825    -5.46127    -5.46174 0.000443192
         826    -5.46104    -5.46173 0.000442656
         827    -5.46146    -5.46173 0.000442121
         828    -5.46156    -5.46173 0.000441587
         829    -5.46263    -5.46173 0.000441056
         830    -5.46273    -5.46174 0.000440526
         831    -5.46315    -5.46174 0.000439999
         832    -5.46292    -5.46174 0.000439472
         833    -5.46302    -5.46174 0.000438948
         834    -5.46376    -5.46174 0.000438428
         835    -5.46386    -5.46175  0.00043791
         836    -5.46427    -5.46175 0.000437397
         837    -5.46436    -5.46175 0.000436885
         838    -5.46413    -5.46175 0.000436373
         839    -5.46487    -5.46176 0.000435869
         840    -5.46495    -5.46176 0.000435367
         841    -5.46536    -5.46177  0.00043487
         842    -5.46479    -5.46177 0.000434368
         843     -5.4652    -5.46177 0.000433872
         844    -5.46495    -5.46178 0.000433374
         845    -5.46534    -5.46178 0.000432882
         846    -5.46476    -5.46179 0.000432384
         847    -5.46547    -5.46179 0.000431896
         848    -5.46586    -5.46179 0.000431413
         849    -5.46527     -5.4618 0.000430925
         850    -5.46533     -5.4618 0.000430438
         851    -5.46538    -5.46181 0.000429952
         852    -5.46542    -5.46181 0.000429469
         853    -5.46481    -5.46182  0.00042898
         854    -5.46421    -5.46182 0.000428486
         855    -5.46424    -5.46182 0.000427995
         856    -5.46524    -5.46182 0.000427513
         857    -5.46462    -5.46183 0.000427027
         858    -5.46432    -5.46183 0.000426539
         859    -5.46433    -5.46183 0.000426052
         860    -5.46434    -5.46184 0.000425567
         861    -5.46402    -5.46184  0.00042508
         862    -5.46403    -5.46184 0.000424595
         863    -5.46338    -5.46184 0.000424106
         864     -5.4637    -5.46185 0.000423621
         865    -5.46369    -5.46185 0.000423137
         866      -5.464    -5.46185 0.000422655
         867    -5.46398    -5.46185 0.000422175
         868    -5.46428    -5.46186 0.000421698
         869    -5.46425    -5.46186 0.000421222
         870    -5.46455    -5.46186 0.000420749
         871    -5.46484    -5.46186  0.00042028
         872    -5.46481    -5.46187 0.000419811
         873    -5.46445    -5.46187 0.000419341
         874    -5.46376    -5.46187 0.000418866
         875    -5.46339    -5.46188 0.000418391
         876    -5.46335    -5.46188 0.000417917
         877    -5.46298    -5.46188 0.000417442
         878    -5.46357    -5.46188 0.000416971
         879    -5.46385    -5.46188 0.000416503
         880    -5.46347    -5.46188 0.000416034
         881    -5.46407    -5.46189 0.000415569
         882    -5.46433    -5.46189 0.000415107
         883    -5.46395    -5.46189 0.000414643
         884    -5.46422    -5.46189 0.000414183
         885    -5.46383     -5.4619  0.00041372
         886    -5.46377     -5.4619 0.000413259
         887    -5.46339     -5.4619 0.000412796
         888    -5.46268     -5.4619 0.000412332
         889    -5.46229     -5.4619 0.000411869
         890    -5.46223     -5.4619 0.000411406
         891    -5.46217     -5.4619 0.000410945
         892    -5.46243     -5.4619 0.000410484
         893    -5.46237     -5.4619 0.000410025
         894     -5.4623     -5.4619 0.000409567
         895    -5.46224     -5.4619 0.000409109
         896    -5.46153     -5.4619 0.000408653
         897    -5.46179     -5.4619 0.000408197
         898    -5.46108     -5.4619 0.000407744
         899    -5.46069     -5.4619 0.000407292
         900    -5.46161     -5.4619  0.00040684
         901    -5.46122     -5.4619 0.000406389
         902    -5.46148     -5.4619 0.000405939
         903    -5.46175     -5.4619 0.000405489
         904    -5.46137     -5.4619 0.000405041
         905    -5.46131     -5.4619 0.000404594
         906    -5.46157     -5.4619 0.000404148
         907    -5.46184     -5.4619 0.000403702
         908    -5.46211     -5.4619 0.000403258
         909    -5.46205     -5.4619 0.000402814
         910    -5.46135     -5.4619 0.000402372
         911     -5.4613     -5.4619 0.000401931
         912    -5.46124     -5.4619 0.000401491
         913    -5.46152     -5.4619 0.000401051
         914    -5.46179     -5.4619 0.000400612
         915    -5.46142     -5.4619 0.000400175
         916     -5.4617     -5.4619 0.000399738
         917    -5.46165    -5.46189 0.000399302
         918    -5.46161    -5.46189 0.000398867
         919    -5.46124    -5.46189 0.000398434
         920    -5.46055    -5.46189 0.000398004
         921    -5.46051    -5.46189 0.000397574
         922    -5.46047    -5.46189 0.000397146
         923    -5.46044    -5.46189 0.000396719
         924    -5.46105    -5.46189  0.00039629
         925    -5.46102    -5.46189 0.000395863
         926    -5.46099    -5.46188 0.000395437
         927    -5.46096    -5.46188 0.000395012
         928    -5.46028    -5.46188  0.00039459
         929    -5.46026    -5.46188 0.000394169
         930    -5.46023    -5.46188 0.000393749
         931    -5.45989    -5.46188 0.000393332
         932    -5.46019    -5.46187 0.000392914
         933    -5.46049    -5.46187 0.000392496
         934    -5.46047    -5.46187 0.000392078
         935    -5.46046    -5.46187 0.000391662
         936    -5.46044    -5.46187 0.000391246
         937    -5.46043    -5.46187 0.000390832
         938     -5.4601    -5.46187  0.00039042
         939    -5.45977    -5.46186  0.00039001
         940    -5.46041    -5.46186 0.000389598
         941    -5.46073    -5.46186 0.000389186
         942    -5.46008    -5.46186 0.000388778
         943    -5.46007    -5.46186  0.00038837
         944    -5.45975    -5.46185 0.000387965
         945    -5.46007    -5.46185 0.000387559
         946     -5.4604    -5.46185 0.000387153
         947    -5.46073    -5.46185 0.000386746
         948    -5.46041    -5.46185 0.000386341
         949    -5.46009    -5.46185 0.000385938
         950    -5.45977    -5.46184 0.000385538
         951     -5.4601    -5.46184 0.000385137
         952    -5.45979    -5.46184 0.000384738
         953    -5.46012    -5.46184 0.000384339
         954    -5.45884    -5.46184 0.000383949
         955    -5.45852    -5.46183 0.000383562
         956    -5.45789    -5.46183 0.000383183
         957     -5.4579    -5.46182 0.000382805
         958    -5.45758    -5.46182 0.000382431
         959    -5.45759    -5.46181 0.000382058
         960    -5.45793    -5.46181 0.000381681
         961    -5.45794    -5.46181 0.000381305
         962     -5.4573     -5.4618 0.000380938
         963    -5.45732     -5.4618  0.00038057
         964    -5.45603    -5.46179 0.000380223
         965    -5.45572    -5.46178 0.000379881
         966    -5.45573    -5.46178 0.000379539
         967    -5.45639    -5.46177 0.000379188
         968    -5.45704    -5.46177 0.000378827
         969     -5.4577    -5.46176  0.00037846
         970    -5.45739    -5.46176 0.000378096
         971    -5.45772    -5.46176  0.00037773
         972    -5.45806    -5.46175  0.00037736
         973    -5.45807    -5.46175 0.000376992
         974    -5.45807    -5.46174 0.000376623
         975     -5.4584    -5.46174 0.000376253
         976    -5.45874    -5.46174  0.00037588
         977    -5.45907    -5.46173 0.000375505
         978    -5.45875    -5.46173 0.000375134
         979    -5.45875    -5.46173 0.000374763
         980    -5.45844    -5.46173 0.000374395
         981    -5.45876    -5.46172 0.000374026
         982    -5.45877    -5.46172 0.000373657
         983    -5.45877    -5.46172 0.000373289
         984    -5.45846    -5.46171 0.000372924
         985    -5.45781    -5.46171 0.000372567
         986    -5.45749     -5.4617 0.000372213
         987    -5.45718     -5.4617 0.000371865
         988    -5.45718     -5.4617 0.000371516
         989    -5.45686    -5.46169 0.000371173
         990    -5.45687    -5.46169  0.00037083
         991    -5.45687    -5.46168 0.000370487
         992    -5.45623    -5.46168 0.000370155
         993    -5.45624    -5.46167 0.000369822
         994    -5.45592    -5.46166 0.000369496
         995    -5.45528    -5.46166  0.00036918
         996    -5.45529    -5.46165 0.000368865
         997     -5.4553    -5.46164  0.00036855
         998    -5.45531    -5.46164 0.000368235
         999    -5.45564    -5.46163 0.000367915
        1000    -5.45533    -5.46163 0.000367601
        1001    -5.45599    -5.46162 0.000367277
        1002    -5.45535    -5.46161 0.000366964
        1003    -5.45569    -5.46161 0.000366646
        1004    -5.45538     -5.4616 0.000366333
        1005    -5.45507     -5.4616 0.000366026
        1006    -5.45541    -5.46159 0.000365714
        1007    -5.45575    -5.46158 0.000365397
        1008    -5.45577    -5.46158 0.000365079
        1009    -5.45579    -5.46157 0.000364763
        1010    -5.45549    -5.46157 0.000364451
        1011    -5.45454    -5.46156 0.000364157
        1012    -5.45425    -5.46155 0.000363869
        1013    -5.45427    -5.46154 0.000363581
        1014    -5.45397    -5.46154 0.000363299
        1015    -5.45432    -5.46153  0.00036301
        1016    -5.45468    -5.46152 0.000362716
        1017    -5.45471    -5.46152 0.000362421
        1018    -5.45474    -5.46151 0.000362126
        1019    -5.45575     -5.4615 0.000361815
        1020    -5.45578     -5.4615 0.000361504
        1021    -5.45614    -5.46149 0.000361188
        1022     -5.4565    -5.46149 0.000360867
        1023    -5.45719    -5.46148 0.000360539
        1024    -5.45723    -5.46148 0.000360211
        1025    -5.45726    -5.46148 0.000359883
        1026    -5.45731    -5.46147 0.000359555
        1027    -5.45703    -5.46147 0.000359231
        1028    -5.45707    -5.46146 0.000358907
        1029    -5.45776    -5.46146 0.000358576
        1030    -5.45781    -5.46146 0.000358246
        1031    -5.45817    -5.46145 0.000357913
        1032    -5.45822    -5.46145 0.000357579
        1033    -5.45761    -5.46145 0.000357253
        1034    -5.45766    -5.46144 0.000356926
        1035    -5.45738    -5.46144 0.000356603
        1036    -5.45774    -5.46144 0.000356276
        1037    -5.45778    -5.46143  0.00035595
        1038    -5.45847    -5.46143 0.000355619
        1039    -5.45883    -5.46143 0.000355285
        1040     -5.4592    -5.46142  0.00035495
        1041    -5.45988    -5.46142 0.000354612
        1042    -5.45959    -5.46142 0.000354276
        1043    -5.45995    -5.46142 0.000353939
        1044     -5.4603    -5.46142 0.000353602
        1045    -5.46001    -5.46142 0.000353266
        1046    -5.46068    -5.46142 0.000352929
        1047    -5.46103    -5.46142 0.000352592
        1048     -5.4617    -5.46142 0.000352256
        1049    -5.46171    -5.46142  0.00035192
        1050    -5.46238    -5.46142 0.000351586
        1051    -5.46303    -5.46142 0.000351255
        1052    -5.46272    -5.46142 0.000350923
        1053    -5.46305    -5.46142 0.000350594
        1054     -5.4637    -5.46142 0.000350268
        1055    -5.46273    -5.46143 0.000349938
        1056     -5.4624    -5.46143 0.000349608
        1057    -5.46239    -5.46143 0.000349278
        1058    -5.46173    -5.46143 0.000348948
        1059    -5.46204    -5.46143 0.000348619
        1060    -5.46138    -5.46143  0.00034829
        1061    -5.46135    -5.46143 0.000347962
        1062    -5.46133    -5.46143 0.000347634
        1063     -5.4613    -5.46143 0.000347307
        1064    -5.46127    -5.46143 0.000346981
        1065    -5.46059    -5.46143 0.000346656
        1066    -5.46055    -5.46143 0.000346332
        1067    -5.46051    -5.46143 0.000346008
        1068    -5.45982    -5.46142 0.000345687
        1069    -5.45977    -5.46142 0.000345368
        1070    -5.46005    -5.46142 0.000345047
        1071    -5.46097    -5.46142 0.000344725
        1072    -5.46156    -5.46142 0.000344404
        1073     -5.4615    -5.46142 0.000344083
        1074     -5.4608    -5.46142 0.000343763
        1075    -5.45976    -5.46142 0.000343446
        1076    -5.45905    -5.46142 0.000343134
        1077    -5.45899    -5.46141 0.000342823
        1078     -5.4586    -5.46141 0.000342515
        1079     -5.4595    -5.46141 0.000342202
        1080    -5.45911    -5.46141 0.000341892
        1081    -5.45936    -5.46141 0.000341581
        1082    -5.45961     -5.4614 0.000341269
        1083    -5.45954     -5.4614 0.000340958
        1084    -5.45947     -5.4614 0.000340649
        1085    -5.45875     -5.4614 0.000340343
        1086    -5.45868     -5.4614 0.000340039
        1087    -5.45892    -5.46139 0.000339734
        1088    -5.45917    -5.46139 0.000339428
        1089    -5.45942    -5.46139 0.000339121
        1090     -5.4587    -5.46139 0.000338819
        1091    -5.45862    -5.46138 0.000338518
        1092    -5.45855    -5.46138 0.000338218
        1093    -5.45847    -5.46138 0.000337919
        1094    -5.45807    -5.46138 0.000337623
        1095      -5.458    -5.46137 0.000337329
        1096     -5.4576    -5.46137 0.000337039
        1097    -5.45818    -5.46137 0.000336744
        1098    -5.45843    -5.46136 0.000336448
        1099    -5.45771    -5.46136 0.000336158
        1100    -5.45862    -5.46136 0.000335862
        1101    -5.45888    -5.46136 0.000335565
        1102    -5.45881    -5.46135 0.000335268
        1103    -5.45939    -5.46135 0.000334969
        1104    -5.45965    -5.46135 0.000334669
        1105    -5.45927    -5.46135 0.000334371
        1106    -5.45856    -5.46135 0.000334078
        1107    -5.45786    -5.46134 0.000333791
        1108    -5.45748    -5.46134 0.000333508
        1109    -5.45776    -5.46134 0.000333223
        1110    -5.45738    -5.46133 0.000332942
        1111    -5.45669    -5.46133 0.000332669
        1112     -5.4573    -5.46132 0.000332389
        1113    -5.45758    -5.46132 0.000332108
        1114    -5.45754    -5.46132 0.000331827
        1115    -5.45751    -5.46131 0.000331547
        1116    -5.45716    -5.46131 0.000331271
        1117    -5.45713    -5.46131 0.000330995
        1118    -5.45678     -5.4613 0.000330724
        1119    -5.45677     -5.4613 0.000330453
        1120    -5.45643    -5.46129 0.000330187
        1121    -5.45674    -5.46129 0.000329917
        1122    -5.45673    -5.46129 0.000329648
        1123    -5.45705    -5.46128 0.000329376
        1124    -5.45705    -5.46128 0.000329105
        1125    -5.45705    -5.46128 0.000328834
        1126    -5.45738    -5.46127  0.00032856
        1127    -5.45804    -5.46127 0.000328281
        1128    -5.45741    -5.46127 0.000328008
        1129    -5.45679    -5.46126 0.000327741
        1130    -5.45681    -5.46126 0.000327475
        1131     -5.4562    -5.46125 0.000327216
        1132    -5.45655    -5.46125 0.000326953
        1133    -5.45627    -5.46124 0.000326694
        1134    -5.45599    -5.46124 0.000326439
        1135    -5.45636    -5.46124 0.000326179
        1136    -5.45641    -5.46123  0.00032592
        1137    -5.45647    -5.46123  0.00032566
        1138    -5.45718    -5.46122 0.000325393
        1139    -5.45789    -5.46122 0.000325121
        1140    -5.45796    -5.46122 0.000324848
        1141    -5.45803    -5.46122 0.000324576
        1142    -5.45875    -5.46121 0.000324299
        1143    -5.45883    -5.46121 0.000324022
        1144    -5.45924    -5.46121 0.000323743
        1145      -5.459    -5.46121 0.000323466
        1146    -5.45844     -5.4612 0.000323193
        1147    -5.45886     -5.4612 0.000322917
        1148    -5.45928     -5.4612  0.00032264
        1149     -5.4597     -5.4612 0.000322362
        1150    -5.46013     -5.4612 0.000322083
        1151    -5.46023     -5.4612 0.000321805
        1152    -5.46002     -5.4612 0.000321527
        1153    -5.46012     -5.4612 0.000321249
        1154    -5.45926    -5.46119 0.000320975
        1155    -5.46002    -5.46119 0.000320699
        1156    -5.46014    -5.46119 0.000320423
        1157    -5.46025    -5.46119 0.000320147
        1158    -5.46004    -5.46119 0.000319872
        1159    -5.46048    -5.46119 0.000319597
        1160    -5.46027    -5.46119 0.000319322
        1161    -5.46071    -5.46119 0.000319047
        1162    -5.46083    -5.46119 0.000318773
        1163    -5.46062    -5.46119 0.000318499
        1164    -5.46074    -5.46119 0.000318226
        1165    -5.46086    -5.46119 0.000317953
        1166     -5.4613    -5.46119  0.00031768
        1167    -5.46141    -5.46119 0.000317408
        1168    -5.46152    -5.46119 0.000317136
        1169    -5.46261    -5.46119 0.000316867
        1170    -5.46239    -5.46119 0.000316598
        1171    -5.46379    -5.46119 0.000316336
        1172    -5.46358    -5.46119 0.000316072
        1173    -5.46335     -5.4612 0.000315808
        1174    -5.46346     -5.4612 0.000315545
        1175    -5.46355     -5.4612 0.000315283
        1176    -5.46365     -5.4612 0.000315022
        1177    -5.46342     -5.4612  0.00031476
        1178    -5.46415    -5.46121 0.000314502
        1179    -5.46392    -5.46121 0.000314244
        1180      -5.464    -5.46121 0.000313987
        1181    -5.46407    -5.46121  0.00031373
        1182    -5.46382    -5.46122 0.000313472
        1183    -5.46389    -5.46122 0.000313216
        1184    -5.46461    -5.46122 0.000312964
        1185    -5.46499    -5.46122 0.000312716
        1186    -5.46472    -5.46123 0.000312466
        1187     -5.4651    -5.46123  0.00031222
        1188     -5.4645    -5.46123  0.00031197
        1189     -5.4639    -5.46124 0.000311715
        1190    -5.46394    -5.46124 0.000311462
        1191    -5.46365    -5.46124 0.000311207
        1192    -5.46336    -5.46124 0.000310951
        1193    -5.46338    -5.46124 0.000310695
        1194    -5.46373    -5.46125 0.000310442
        1195    -5.46407    -5.46125 0.000310191
        1196    -5.46408    -5.46125 0.000309941
        1197    -5.46408    -5.46125 0.000309691
        1198    -5.46441    -5.46126 0.000309444
        1199    -5.46473    -5.46126 0.000309199
        1200    -5.46505    -5.46126 0.000308957
        1201    -5.46504    -5.46126 0.000308716
        1202     -5.4647    -5.46127 0.000308473
        1203    -5.46533    -5.46127 0.000308235
        1204    -5.46562    -5.46127    0.000308
        1205    -5.46462    -5.46128 0.000307757
        1206    -5.46459    -5.46128 0.000307514
        1207    -5.46423    -5.46128 0.000307269
        1208    -5.46419    -5.46128 0.000307024
        1209    -5.46415    -5.46129 0.000306779
        1210    -5.46442    -5.46129 0.000306536
        1211    -5.46404    -5.46129 0.000306292
        1212    -5.46431    -5.46129 0.000306049
        1213    -5.46392     -5.4613 0.000305805
        1214    -5.46386     -5.4613  0.00030556
        1215    -5.46379     -5.4613 0.000305315
        1216    -5.46372     -5.4613 0.000305071
        1217    -5.46365     -5.4613 0.000304826
        1218    -5.46357    -5.46131 0.000304582
        1219    -5.46317    -5.46131 0.000304336
        1220    -5.46309    -5.46131  0.00030409
        1221    -5.46365    -5.46131 0.000303847
        1222    -5.46324    -5.46131 0.000303602
        1223    -5.46348    -5.46131 0.000303359
        1224    -5.46404    -5.46132 0.000303119
        1225    -5.46427    -5.46132 0.000302881
        1226     -5.4645    -5.46132 0.000302646
        1227    -5.46473    -5.46132 0.000302412
        1228    -5.46464    -5.46133 0.000302177
        1229    -5.46422    -5.46133 0.000301941
        1230     -5.4638    -5.46133 0.000301702
        1231    -5.46403    -5.46133 0.000301465
        1232    -5.46393    -5.46134 0.000301227
        1233    -5.46384    -5.46134  0.00030099
        1234    -5.46374    -5.46134 0.000300752
        1235    -5.46364    -5.46134 0.000300515
        1236     -5.4642    -5.46134  0.00030028
        1237    -5.46507    -5.46135 0.000300053
        1238    -5.46498    -5.46135 0.000299825
        1239    -5.46521    -5.46135 0.000299599
        1240    -5.46512    -5.46136 0.000299373
        1241    -5.46503    -5.46136 0.000299146
        1242    -5.46527    -5.46136 0.000298922
        1243    -5.46583    -5.46137 0.000298703
        1244    -5.46575    -5.46137 0.000298484
        1245    -5.46567    -5.46137 0.000298264
        1246    -5.46624    -5.46138  0.00029805
        1247    -5.46585    -5.46138 0.000297833
        1248     -5.4661    -5.46138 0.000297618
        1249    -5.46603    -5.46139 0.000297403
        1250    -5.46662    -5.46139 0.000297195
        1251    -5.46656     -5.4614 0.000296986
        1252    -5.46812     -5.4614 0.000296797
        1253    -5.46775    -5.46141 0.000296603
        1254    -5.46835    -5.46141 0.000296419
        1255    -5.46798    -5.46142 0.000296229
        1256    -5.46859    -5.46142 0.000296048
        1257    -5.46888    -5.46143 0.000295872
        1258    -5.46949    -5.46144 0.000295706
        1259    -5.46914    -5.46144 0.000295534
        1260    -5.46879    -5.46145 0.000295357
        1261    -5.46942    -5.46145 0.000295191
        1262    -5.47006    -5.46146 0.000295036
        1263    -5.47037    -5.46147 0.000294886
        1264     -5.4694    -5.46147  0.00029472
        1265     -5.4694    -5.46148 0.000294553
        1266    -5.47005    -5.46149 0.000294398
        1267     -5.4707    -5.46149 0.000294256
        1268    -5.47007     -5.4615 0.000294101
        1269    -5.46976    -5.46151 0.000293942
        1270    -5.46946    -5.46151 0.000293777
        1271     -5.4698    -5.46152 0.000293618
        1272    -5.46918    -5.46153 0.000293449
        1273    -5.46921    -5.46153 0.000293281
        1274    -5.47021    -5.46154 0.000293129
        1275    -5.47122    -5.46155 0.000292998
        1276    -5.46997    -5.46155 0.000292843
        1277    -5.46936    -5.46156 0.000292677
        1278    -5.46973    -5.46157 0.000292518
        1279    -5.46946    -5.46157 0.000292354
        1280    -5.46886    -5.46158 0.000292181
        1281    -5.46859    -5.46158 0.000292005
        1282    -5.46897    -5.46159 0.000291834
        1283    -5.46838    -5.46159 0.000291654
        1284    -5.46844     -5.4616 0.000291476
        1285    -5.46882    -5.46161 0.000291303
        1286    -5.46791    -5.46161 0.000291118
        1287    -5.46765    -5.46161 0.000290929
        1288    -5.46739    -5.46162 0.000290738
        1289    -5.46778    -5.46162 0.000290552
        1290    -5.46784    -5.46163 0.000290367
        1291    -5.46856    -5.46163 0.000290191
        1292    -5.46862    -5.46164 0.000290017
        1293    -5.46869    -5.46165 0.000289844
        1294    -5.46875    -5.46165 0.000289672
        1295    -5.46914    -5.46166 0.000289506
        1296    -5.46953    -5.46166 0.000289346
        1297    -5.47024    -5.46167 0.000289199
        1298     -5.4703    -5.46168 0.000289052
        1299    -5.46874    -5.46168 0.000288881
        1300    -5.46751    -5.46169 0.000288694
        1301    -5.46789    -5.46169 0.000288511
        1302    -5.46827     -5.4617 0.000288334
        1303    -5.46832     -5.4617 0.000288157
        1304    -5.46837    -5.46171 0.000287982
        1305    -5.46809    -5.46171 0.000287803
        1306    -5.46717    -5.46171 0.000287613
        1307    -5.46721    -5.46172 0.000287423
        1308    -5.46725    -5.46172 0.000287235
        1309    -5.46728    -5.46173 0.000287047
        1310    -5.46796    -5.46173 0.000286867
        1311    -5.46896    -5.46174 0.000286701
        1312    -5.46867    -5.46174 0.000286531
        1313    -5.46836    -5.46175 0.000286358
        1314    -5.46838    -5.46175 0.000286184
        1315    -5.46839    -5.46176 0.000286011
        1316    -5.46808    -5.46176 0.000285834
        1317    -5.46808    -5.46177 0.000285657
        1318    -5.46711    -5.46177 0.000285469
        1319    -5.46743    -5.46178 0.000285285
        1320     -5.4671    -5.46178 0.000285097
        1321    -5.46644    -5.46178 0.000284903
        1322    -5.46643    -5.46179  0.00028471
        1323    -5.46706    -5.46179 0.000284522
        1324    -5.46768     -5.4618 0.000284342
        1325    -5.46765     -5.4618 0.000284162
        1326    -5.46762     -5.4618 0.000283981
        1327    -5.46758    -5.46181 0.000283801
        1328    -5.46787    -5.46181 0.000283624
        1329    -5.46685    -5.46182 0.000283436
        1330    -5.46681    -5.46182 0.000283247
        1331    -5.46676    -5.46182 0.000283059
        1332     -5.4667    -5.46183  0.00028287
        1333    -5.46664    -5.46183 0.000282681
        1334    -5.46561    -5.46183 0.000282483
        1335    -5.46555    -5.46184 0.000282285
        1336    -5.46516    -5.46184 0.000282085
        1337    -5.46477    -5.46184 0.000281883
        1338    -5.46502    -5.46184 0.000281682
        1339    -5.46495    -5.46185 0.000281481
        1340    -5.46422    -5.46185 0.000281277
        1341    -5.46382    -5.46185 0.000281071
        1342    -5.46374    -5.46185 0.000280865
        1343    -5.46463    -5.46185 0.000280663
        1344    -5.46455    -5.46186 0.000280462
        1345    -5.46414    -5.46186 0.000280258
        1346    -5.46405    -5.46186 0.000280055
        1347    -5.46364    -5.46186  0.00027985
        1348    -5.46356    -5.46186 0.000279645
        1349    -5.46379    -5.46186 0.000279442
        1350     -5.4637    -5.46186 0.000279238
        1351    -5.46393    -5.46187 0.000279035
        1352    -5.46417    -5.46187 0.000278834
        1353     -5.4644    -5.46187 0.000278634
        1354    -5.46398    -5.46187 0.000278433
        1355    -5.46356    -5.46187  0.00027823
        1356    -5.46315    -5.46187 0.000278027
        1357    -5.46338    -5.46187 0.000277824
        1358    -5.46329    -5.46188 0.000277621
        1359    -5.46352    -5.46188  0.00027742
        1360    -5.46375    -5.46188 0.000277219
        1361    -5.46366    -5.46188 0.000277019
        1362    -5.46325    -5.46188 0.000276817
        1363    -5.46316    -5.46188 0.000276616
        1364     -5.4634    -5.46188 0.000276415
        1365    -5.46364    -5.46188 0.000276216
        1366    -5.46387    -5.46188 0.000276017
        1367    -5.46411    -5.46189  0.00027582
        1368    -5.46403    -5.46189 0.000275623
        1369    -5.46395    -5.46189 0.000275426
        1370     -5.4642    -5.46189  0.00027523
        1371    -5.46412    -5.46189 0.000275034
        1372    -5.46404    -5.46189 0.000274838
        1373    -5.46364     -5.4619 0.000274641
        1374    -5.46325     -5.4619 0.000274442
        1375    -5.46318     -5.4619 0.000274244
        1376    -5.46278     -5.4619 0.000274046
        1377    -5.46207     -5.4619 0.000273847
        1378      -5.462     -5.4619 0.000273648
        1379    -5.46194     -5.4619  0.00027345
        1380     -5.4622     -5.4619 0.000273252
        1381    -5.46214     -5.4619 0.000273054
        1382    -5.46208     -5.4619 0.000272856
        1383    -5.46138     -5.4619 0.000272659
        1384    -5.46133     -5.4619 0.000272463
        1385    -5.46193     -5.4619 0.000272266
        1386    -5.46221     -5.4619  0.00027207
        1387    -5.46216     -5.4619 0.000271873
        1388    -5.46276     -5.4619 0.000271678
        1389    -5.46143     -5.4619 0.000271483
        1390    -5.46107     -5.4619 0.000271288
        1391    -5.46136     -5.4619 0.000271093
        1392    -5.46165     -5.4619 0.000270899
        1393    -5.46129     -5.4619 0.000270705
        1394    -5.46126     -5.4619 0.000270511
        1395    -5.46059     -5.4619 0.000270319
        1396    -5.46056     -5.4619 0.000270127
        1397    -5.45989    -5.46189 0.000269937
        1398    -5.45955    -5.46189 0.000269749
        1399    -5.45953    -5.46189 0.000269562
        1400    -5.46017    -5.46189 0.000269372
        1401    -5.45983    -5.46189 0.000269184
        1402    -5.45982    -5.46189 0.000268996
        1403    -5.45949    -5.46188 0.000268809
        1404    -5.45884    -5.46188 0.000268627
        1405    -5.45916    -5.46188 0.000268442
        1406    -5.45883    -5.46188  0.00026826
        1407    -5.45883    -5.46188 0.000268078
        1408    -5.45884    -5.46187 0.000267897
        1409    -5.45852    -5.46187 0.000267717
        1410    -5.45853    -5.46187 0.000267538
        1411    -5.45822    -5.46187 0.000267361
        1412    -5.45855    -5.46186 0.000267182
        1413    -5.45824    -5.46186 0.000267005
        1414    -5.45826    -5.46186 0.000266828
        1415    -5.45796    -5.46186 0.000266654
        1416    -5.45798    -5.46185 0.000266479
        1417    -5.45736    -5.46185  0.00026631
        1418    -5.45771    -5.46185 0.000266138
        1419    -5.45774    -5.46184 0.000265967
        1420    -5.45745    -5.46184 0.000265797
        1421    -5.45683    -5.46184 0.000265634
        1422    -5.45655    -5.46183 0.000265473
        1423    -5.45659    -5.46183 0.000265312
        1424     -5.4563    -5.46183 0.000265154
        1425    -5.45635    -5.46182 0.000264996
        1426    -5.45607    -5.46182 0.000264841
        1427    -5.45579    -5.46181 0.000264689
        1428    -5.45584    -5.46181 0.000264537
        1429    -5.45589    -5.46181 0.000264384
        1430    -5.45562     -5.4618 0.000264234
        1431    -5.45503     -5.4618 0.000264092
        1432    -5.45477    -5.46179 0.000263953
        1433    -5.45515    -5.46179  0.00026381
        1434    -5.45489    -5.46178 0.000263669
        1435    -5.45528    -5.46178 0.000263525
        1436      -5.456    -5.46177 0.000263372
        1437    -5.45574    -5.46177 0.000263222
        1438    -5.45614    -5.46177 0.000263068
        1439    -5.45622    -5.46176 0.000262913
        1440    -5.45629    -5.46176 0.000262758
        1441    -5.45637    -5.46175 0.000262603
        1442    -5.45677    -5.46175 0.000262443
        1443    -5.45685    -5.46175 0.000262283
        1444    -5.45726    -5.46174  0.00026212
        1445    -5.45702    -5.46174 0.000261959
        1446    -5.45743    -5.46174 0.000261795
        1447    -5.45688    -5.46174 0.000261635
        1448    -5.45696    -5.46173 0.000261475
        1449    -5.45803    -5.46173 0.000261307
        1450    -5.45877    -5.46173 0.000261135
        1451    -5.45854    -5.46173 0.000260965
        1452    -5.45928    -5.46172  0.00026079
        1453    -5.45905    -5.46172 0.000260617
        1454    -5.45882    -5.46172 0.000260446
        1455    -5.45892    -5.46172 0.000260274
        1456    -5.45902    -5.46172 0.000260102
        1457    -5.45912    -5.46171 0.000259929
        1458    -5.45889    -5.46171 0.000259758
        1459    -5.45899    -5.46171 0.000259587
        1460    -5.45974    -5.46171 0.000259412
        1461    -5.45984    -5.46171 0.000259238
        1462    -5.45993    -5.46171 0.000259064
        1463    -5.45971     -5.4617  0.00025889
        1464    -5.46013     -5.4617 0.000258716
        1465    -5.46023     -5.4617 0.000258541
        1466    -5.46032     -5.4617 0.000258366
        1467    -5.46042     -5.4617 0.000258192
        1468    -5.46052     -5.4617 0.000258017
        1469    -5.46061     -5.4617 0.000257842
        1470     -5.4607     -5.4617 0.000257668
        1471    -5.46112     -5.4617 0.000257493
        1472    -5.46153     -5.4617 0.000257318
        1473    -5.46162     -5.4617 0.000257143
        1474    -5.46171     -5.4617 0.000256969
        1475    -5.46244     -5.4617 0.000256795
        1476    -5.46317     -5.4617 0.000256623
        1477    -5.46326     -5.4617 0.000256452
        1478    -5.46302     -5.4617  0.00025628
        1479    -5.46277     -5.4617 0.000256107
        1480    -5.46253     -5.4617 0.000255935
        1481     -5.4626     -5.4617 0.000255763
        1482    -5.46364     -5.4617 0.000255594
        1483    -5.46372    -5.46171 0.000255425
        1484    -5.46346    -5.46171 0.000255256
        1485    -5.46353    -5.46171 0.000255087
        1486    -5.46359    -5.46171 0.000254918
        1487    -5.46398    -5.46171 0.000254751
        1488    -5.46372    -5.46171 0.000254584
        1489     -5.4641    -5.46171 0.000254418
        1490    -5.46383    -5.46172 0.000254251
        1491    -5.46388    -5.46172 0.000254084
        1492    -5.46393    -5.46172 0.000253918
        1493    -5.46366    -5.46172 0.000253752
        1494    -5.46403    -5.46172 0.000253587
        1495    -5.46472    -5.46172 0.000253425
        1496    -5.46444    -5.46173 0.000253262
        1497    -5.46416    -5.46173 0.000253098
        1498     -5.4642    -5.46173 0.000252935
        1499    -5.46456    -5.46173 0.000252773
        1500    -5.46428    -5.46173  0.00025261
        1501    -5.46399    -5.46173 0.000252446
        1502    -5.46467    -5.46174 0.000252286
        1503     -5.4647    -5.46174 0.000252126
        1504    -5.46473    -5.46174 0.000251966
        1505    -5.46443    -5.46174 0.000251805
        1506    -5.46511    -5.46174 0.000251647
        1507    -5.46448    -5.46175 0.000251487
        1508     -5.4645    -5.46175 0.000251327
        1509    -5.46388    -5.46175 0.000251164
        1510    -5.46357    -5.46175 0.000251001
        1511    -5.46489    -5.46175 0.000250843
        1512     -5.4649    -5.46175 0.000250686
        1513    -5.46524    -5.46176 0.000250531
        1514    -5.46558    -5.46176 0.000250378
        1515    -5.46526    -5.46176 0.000250224
        1516     -5.4656    -5.46176 0.000250071
        1517    -5.46528    -5.46177 0.000249917
        1518    -5.46561    -5.46177 0.000249765
        1519    -5.46529    -5.46177 0.000249612
        1520    -5.46561    -5.46177  0.00024946
        1521    -5.46561    -5.46178 0.000249309
        1522    -5.46496    -5.46178 0.000249154
        1523    -5.46463    -5.46178 0.000248997
        1524    -5.46398    -5.46178 0.000248838
        1525     -5.4643    -5.46178 0.000248681
        1526    -5.46396    -5.46178 0.000248522
        1527     -5.4633    -5.46179 0.000248361
        1528    -5.46329    -5.46179   0.0002482
        1529    -5.46327    -5.46179  0.00024804
        1530    -5.46357    -5.46179 0.000247881
        1531    -5.46355    -5.46179 0.000247721
        1532    -5.46352    -5.46179 0.000247562
        1533    -5.46317    -5.46179 0.000247402
        1534    -5.46379    -5.46179 0.000247244
        1535    -5.46344    -5.46179 0.000247086
        1536    -5.46308     -5.4618 0.000246926
        1537    -5.46272     -5.4618 0.000246766
        1538    -5.46203     -5.4618 0.000246606
        1539    -5.46199     -5.4618 0.000246446
        1540    -5.46194     -5.4618 0.000246286
        1541     -5.4619     -5.4618 0.000246126
        1542    -5.46185     -5.4618 0.000245966
        1543    -5.46115     -5.4618 0.000245807
        1544     -5.4611     -5.4618 0.000245648
        1545    -5.46072    -5.46179  0.00024549
        1546    -5.46034    -5.46179 0.000245334
        1547    -5.45963    -5.46179 0.000245179
        1548    -5.45957    -5.46179 0.000245025
        1549    -5.45951    -5.46179 0.000244871
        1550    -5.45912    -5.46179 0.000244719
        1551    -5.45905    -5.46179 0.000244568
        1552    -5.45898    -5.46178 0.000244417
        1553    -5.45924    -5.46178 0.000244265
        1554    -5.45917    -5.46178 0.000244113
        1555     -5.4591    -5.46178 0.000243963
        1556    -5.45902    -5.46178 0.000243812
        1557    -5.45862    -5.46178 0.000243664
        1558    -5.45822    -5.46177 0.000243518
        1559    -5.45814    -5.46177 0.000243373
        1560    -5.45871    -5.46177 0.000243225
        1561    -5.45766    -5.46177 0.000243083
        1562    -5.45823    -5.46176 0.000242938
        1563    -5.45815    -5.46176 0.000242794
        1564    -5.45839    -5.46176 0.000242648
        1565    -5.45798    -5.46176 0.000242505
        1566     -5.4579    -5.46175 0.000242363
        1567    -5.45814    -5.46175 0.000242219
        1568    -5.45806    -5.46175 0.000242076
        1569    -5.45797    -5.46175 0.000241934
        1570    -5.45757    -5.46174 0.000241794
        1571    -5.45748    -5.46174 0.000241656
        1572     -5.4574    -5.46174 0.000241518
        1573    -5.45731    -5.46174 0.000241381
        1574    -5.45691    -5.46173 0.000241247
        1575    -5.45747    -5.46173 0.000241109
        1576    -5.45804    -5.46173 0.000240967
        1577    -5.45861    -5.46173 0.000240823
        1578    -5.45821    -5.46172  0.00024068
        1579    -5.45813    -5.46172 0.000240539
        1580    -5.45837    -5.46172 0.000240396
        1581    -5.45829    -5.46172 0.000240253
        1582    -5.45822    -5.46172 0.000240112
        1583    -5.45782    -5.46171 0.000239973
        1584    -5.45807    -5.46171 0.000239832
        1585    -5.45929    -5.46171 0.000239686
        1586    -5.46019    -5.46171 0.000239537
        1587    -5.46012    -5.46171 0.000239388
        1588    -5.45973    -5.46171  0.00023924
        1589    -5.45999     -5.4617 0.000239092
        1590     -5.4609     -5.4617 0.000238942
        1591    -5.46116     -5.4617 0.000238792
        1592    -5.46142     -5.4617 0.000238642
        1593    -5.46007     -5.4617 0.000238495
        1594    -5.46099     -5.4617 0.000238346
        1595    -5.46061     -5.4617 0.000238197
        1596    -5.46088     -5.4617 0.000238048
        1597    -5.46083     -5.4617   0.0002379
        1598    -5.46014     -5.4617 0.000237753
        1599    -5.46042     -5.4617 0.000237606
        1600    -5.46037     -5.4617 0.000237459
        1601    -5.46033     -5.4617 0.000237312
        1602    -5.46062     -5.4617 0.000237165
        1603    -5.46123     -5.4617 0.000237017
        1604     -5.4612     -5.4617 0.000236869
        1605    -5.46116     -5.4617 0.000236722
        1606    -5.46146     -5.4617 0.000236575
        1607    -5.46144     -5.4617 0.000236428
        1608    -5.46141    -5.46169 0.000236281
        1609     -5.4614    -5.46169 0.000236134
        1610     -5.4617    -5.46169 0.000235987
        1611    -5.46104    -5.46169 0.000235841
        1612    -5.46168    -5.46169 0.000235695
        1613    -5.46135    -5.46169 0.000235549
        1614    -5.46135    -5.46169 0.000235403
        1615      -5.462    -5.46169 0.000235257
        1616    -5.46265    -5.46169 0.000235112
        1617      -5.462    -5.46169 0.000234967
        1618    -5.46234     -5.4617 0.000234822
        1619     -5.4617     -5.4617 0.000234677
        1620    -5.46171     -5.4617 0.000234532
        1621    -5.46141     -5.4617 0.000234388
        1622    -5.46142    -5.46169 0.000234243
        1623     -5.4608    -5.46169 0.000234099
        1624    -5.46082    -5.46169 0.000233956
        1625    -5.46117    -5.46169 0.000233812
        1626    -5.46087    -5.46169 0.000233669
        1627    -5.46123    -5.46169 0.000233526
        1628    -5.46094    -5.46169 0.000233383
        1629    -5.46162    -5.46169 0.000233239
        1630    -5.46198    -5.46169 0.000233096
        1631    -5.46234    -5.46169 0.000232954
        1632    -5.46304    -5.46169 0.000232812
        1633    -5.46308    -5.46169 0.000232671
        1634    -5.46345     -5.4617 0.000232531
        1635     -5.4635     -5.4617 0.000232392
        1636    -5.46355     -5.4617 0.000232253
        1637    -5.46361     -5.4617 0.000232114
        1638    -5.46334     -5.4617 0.000231974
        1639    -5.46275     -5.4617 0.000231833
        1640    -5.46346     -5.4617 0.000231695
        1641    -5.46353     -5.4617 0.000231556
        1642    -5.46359     -5.4617 0.000231418
        1643    -5.46366    -5.46171  0.00023128
        1644    -5.46308    -5.46171 0.000231141
        1645    -5.46315    -5.46171 0.000231002
        1646    -5.46322    -5.46171 0.000230864
        1647    -5.46265    -5.46171 0.000230724
        1648    -5.46272    -5.46171 0.000230585
        1649    -5.46247    -5.46171 0.000230446
        1650    -5.46255    -5.46171 0.000230306
        1651    -5.46263    -5.46171 0.000230168
        1652    -5.46271    -5.46171 0.000230029
        1653    -5.46344    -5.46171 0.000229892
        1654    -5.46416    -5.46171 0.000229758
        1655    -5.46425    -5.46172 0.000229624
        1656    -5.46433    -5.46172 0.000229491
        1657    -5.46473    -5.46172  0.00022936
        1658    -5.46449    -5.46172 0.000229228
        1659    -5.46522    -5.46172 0.000229099
        1660    -5.46627    -5.46173 0.000228978
        1661    -5.46636    -5.46173 0.000228857
        1662    -5.46644    -5.46173 0.000228736
        1663    -5.46716    -5.46173 0.000228622
        1664    -5.46724    -5.46174 0.000228509
        1665    -5.46732    -5.46174 0.000228396
        1666    -5.46772    -5.46174 0.000228287
        1667    -5.46747    -5.46175 0.000228176
        1668    -5.46722    -5.46175 0.000228063
        1669    -5.46762    -5.46175 0.000227953
        1670    -5.46801    -5.46176 0.000227848
        1671    -5.46711    -5.46176 0.000227734
        1672     -5.4675    -5.46176 0.000227623
        1673    -5.46756    -5.46177 0.000227514
        1674    -5.46762    -5.46177 0.000227405
        1675    -5.46735    -5.46178 0.000227293
        1676    -5.46741    -5.46178 0.000227183
        1677    -5.46843    -5.46178 0.000227082
        1678    -5.46848    -5.46179 0.000226982
        1679    -5.46853    -5.46179 0.000226882
        1680    -5.46857    -5.46179 0.000226783
        1681    -5.46861     -5.4618 0.000226684
        1682    -5.46864     -5.4618 0.000226586
        1683      -5.469    -5.46181 0.000226491
        1684     -5.4687    -5.46181 0.000226394
        1685    -5.46873    -5.46182 0.000226297
        1686    -5.46875    -5.46182   0.0002262
        1687    -5.46844    -5.46182   0.0002261
        1688    -5.46878    -5.46183 0.000226003
        1689    -5.46879    -5.46183 0.000225907
        1690    -5.46847    -5.46184 0.000225808
        1691    -5.46912    -5.46184 0.000225715
        1692    -5.46879    -5.46184 0.000225619
        1693    -5.46911    -5.46185 0.000225527
        1694    -5.46943    -5.46185 0.000225438
        1695    -5.46942    -5.46186 0.000225349
        1696    -5.47005    -5.46186 0.000225268
        1697    -5.46971    -5.46187 0.000225183
        1698    -5.46904    -5.46187  0.00022509
        1699    -5.46869    -5.46187 0.000224993
        1700    -5.46866    -5.46188 0.000224896
        1701    -5.46863    -5.46188 0.000224799
        1702    -5.46828    -5.46189 0.000224698
        1703    -5.46824    -5.46189 0.000224598
        1704     -5.4682    -5.46189 0.000224496
        1705    -5.46816     -5.4619 0.000224395
        1706    -5.46683     -5.4619 0.000224282
        1707    -5.46646     -5.4619 0.000224166
        1708    -5.46641    -5.46191 0.000224051
        1709    -5.46572    -5.46191 0.000223931
        1710    -5.46535    -5.46191 0.000223809
        1711     -5.4653    -5.46191 0.000223687
        1712    -5.46557    -5.46191 0.000223566
        1713    -5.46551    -5.46192 0.000223446
        1714    -5.46514    -5.46192 0.000223323
        1715    -5.46541    -5.46192 0.000223202
        1716    -5.46535    -5.46192 0.000223081
        1717      -5.464    -5.46192 0.000222954
        1718    -5.46394    -5.46192 0.000222828
        1719    -5.46356    -5.46193   0.0002227
        1720    -5.46383    -5.46193 0.000222573
        1721     -5.4641    -5.46193 0.000222448
        1722     -5.4634    -5.46193  0.00022232
        1723    -5.46302    -5.46193 0.000222192
        1724    -5.46297    -5.46193 0.000222064
        1725    -5.46356    -5.46193 0.000221937
        1726    -5.46318    -5.46193  0.00022181
        1727    -5.46346    -5.46193 0.000221683
        1728    -5.46373    -5.46193 0.000221557
        1729    -5.46368    -5.46193 0.000221432
        1730    -5.46331    -5.46194 0.000221305
        1731    -5.46326    -5.46194 0.000221178
        1732     -5.4629    -5.46194 0.000221051
        1733    -5.46253    -5.46194 0.000220924
        1734    -5.46216    -5.46194 0.000220797
        1735    -5.46212    -5.46194  0.00022067
        1736    -5.46144    -5.46194 0.000220543
        1737    -5.46108    -5.46194 0.000220416
        1738    -5.46072    -5.46194  0.00022029
        1739    -5.46069    -5.46193 0.000220165
        1740    -5.46066    -5.46193  0.00022004
        1741    -5.46128    -5.46193 0.000219914
        1742     -5.4619    -5.46193 0.000219787
        1743    -5.46155    -5.46193 0.000219661
        1744    -5.46153    -5.46193 0.000219536
        1745    -5.46118    -5.46193  0.00021941
        1746    -5.46116    -5.46193 0.000219285
        1747    -5.46049    -5.46193 0.000219161
        1748    -5.46048    -5.46193 0.000219037
        1749    -5.46046    -5.46193 0.000218914
        1750     -5.4598    -5.46193 0.000218792
        1751    -5.45914    -5.46193 0.000218673
        1752    -5.45881    -5.46193 0.000218555
        1753    -5.45912    -5.46192 0.000218436
        1754    -5.45847    -5.46192 0.000218321
        1755    -5.45749    -5.46192 0.000218211
        1756    -5.45748    -5.46192 0.000218101
        1757    -5.45716    -5.46191 0.000217994
        1758    -5.45715    -5.46191 0.000217887
        1759     -5.4578    -5.46191 0.000217775
        1760     -5.4578    -5.46191 0.000217664
        1761     -5.4578     -5.4619 0.000217553
        1762     -5.4578     -5.4619 0.000217442
        1763    -5.45844     -5.4619 0.000217328
        1764    -5.45845     -5.4619 0.000217213
        1765    -5.45877     -5.4619 0.000217097
        1766    -5.45942    -5.46189 0.000216979
        1767    -5.45975    -5.46189  0.00021686
        1768    -5.45975    -5.46189  0.00021674
        1769    -5.46008    -5.46189  0.00021662
        1770    -5.46041    -5.46189 0.000216499
        1771    -5.46074    -5.46189 0.000216378
        1772    -5.46106    -5.46189 0.000216256
        1773    -5.46204    -5.46189 0.000216135
        1774    -5.46204    -5.46189 0.000216013
        1775    -5.46205    -5.46189 0.000215891
        1776    -5.46237    -5.46189  0.00021577
        1777     -5.4627    -5.46189 0.000215649
        1778    -5.46238    -5.46189 0.000215528
        1779    -5.46238    -5.46189 0.000215407
        1780    -5.46271    -5.46189 0.000215286
        1781    -5.46304    -5.46189 0.000215166
        1782    -5.46239    -5.46189 0.000215046
        1783     -5.4624    -5.46189 0.000214925
        1784    -5.46272    -5.46189 0.000214805
        1785    -5.46272    -5.46189 0.000214685
        1786    -5.46272    -5.46189 0.000214566
        1787     -5.4624    -5.46189 0.000214446
        1788     -5.4624    -5.46189 0.000214326
        1789    -5.46305     -5.4619 0.000214207
        1790    -5.46273     -5.4619 0.000214088
        1791    -5.46241     -5.4619 0.000213969
        1792    -5.46241     -5.4619  0.00021385
        1793    -5.46338     -5.4619 0.000213732
        1794    -5.46305     -5.4619 0.000213614
        1795    -5.46338     -5.4619 0.000213496
        1796     -5.4637     -5.4619  0.00021338
        1797    -5.46402     -5.4619 0.000213264
        1798     -5.4637     -5.4619 0.000213148
        1799    -5.46337     -5.4619 0.000213031
        1800    -5.46272     -5.4619 0.000212913
        1801    -5.46272     -5.4619 0.000212795
        1802    -5.46304     -5.4619 0.000212678
        1803    -5.46336     -5.4619 0.000212562
        1804    -5.46336    -5.46191 0.000212446
        1805    -5.46303    -5.46191 0.000212329
        1806    -5.46302    -5.46191 0.000212212
        1807    -5.46302    -5.46191 0.000212096
        1808    -5.46204    -5.46191 0.000211978
        1809    -5.46171    -5.46191 0.000211861
        1810    -5.46203    -5.46191 0.000211744
        1811    -5.46203    -5.46191 0.000211627
        1812     -5.4617    -5.46191  0.00021151
        1813    -5.46201    -5.46191 0.000211394
        1814    -5.46233    -5.46191 0.000211277
        1815    -5.46264    -5.46191 0.000211161
        1816    -5.46231    -5.46191 0.000211045
        1817     -5.4623    -5.46191 0.000210929
        1818    -5.46359    -5.46191 0.000210815
        1819     -5.4639    -5.46191 0.000210702
        1820     -5.4639    -5.46191 0.000210589
        1821    -5.46356    -5.46191 0.000210475
        1822    -5.46387    -5.46191 0.000210363
        1823    -5.46321    -5.46191 0.000210249
        1824    -5.46417    -5.46192 0.000210137
        1825    -5.46416    -5.46192 0.000210025
        1826    -5.46382    -5.46192 0.000209913
        1827    -5.46413    -5.46192 0.000209802
        1828    -5.46476    -5.46192 0.000209693
        1829    -5.46507    -5.46192 0.000209585
        1830    -5.46506    -5.46192 0.000209477
        1831    -5.46536    -5.46193 0.000209371
        1832    -5.46437    -5.46193 0.000209261
        1833    -5.46468    -5.46193 0.000209153
        1834    -5.46369    -5.46193 0.000209041
        1835    -5.46432    -5.46193 0.000208931
        1836    -5.46462    -5.46193 0.000208822
        1837     -5.4646    -5.46193 0.000208714
        1838    -5.46458    -5.46194 0.000208605
        1839    -5.46456    -5.46194 0.000208496
        1840    -5.46486    -5.46194 0.000208389
        1841    -5.46419    -5.46194  0.00020828
        1842    -5.46481    -5.46194 0.000208172
        1843    -5.46349    -5.46194 0.000208061
        1844    -5.46347    -5.46194  0.00020795
        1845    -5.46247    -5.46194 0.000207837
        1846    -5.46244    -5.46194 0.000207725
        1847    -5.46209    -5.46194 0.000207612
        1848    -5.46142    -5.46194   0.0002075
        1849    -5.46172    -5.46194 0.000207388
        1850    -5.46201    -5.46194 0.000207276
        1851    -5.46134    -5.46194 0.000207164
        1852    -5.46131    -5.46194 0.000207053
        1853    -5.46096    -5.46194 0.000206942
        1854    -5.46061    -5.46194 0.000206831
        1855    -5.46058    -5.46194 0.000206721
        1856    -5.46055    -5.46194 0.000206611
        1857     -5.4602    -5.46194 0.000206502
        1858     -5.4592    -5.46194 0.000206396
        1859     -5.4595    -5.46194 0.000206289
        1860     -5.4598    -5.46194 0.000206182
        1861    -5.45912    -5.46193 0.000206076
        1862    -5.45812    -5.46193 0.000205976
        1863    -5.45842    -5.46193 0.000205874
        1864     -5.4584    -5.46193 0.000205772
        1865    -5.45837    -5.46193 0.000205671
        1866    -5.45835    -5.46192 0.000205569
        1867    -5.45833    -5.46192 0.000205468
        1868    -5.45895    -5.46192 0.000205364
        1869    -5.45861    -5.46192 0.000205262
        1870    -5.45826    -5.46192 0.000205162
        1871    -5.45857    -5.46191  0.00020506
        1872    -5.45888    -5.46191 0.000204957
        1873    -5.45886    -5.46191 0.000204854
        1874    -5.45885    -5.46191 0.000204751
        1875    -5.45884    -5.46191 0.000204648
        1876    -5.45883    -5.46191 0.000204546
        1877     -5.4585     -5.4619 0.000204445
        1878    -5.45849     -5.4619 0.000204344
        1879    -5.45849     -5.4619 0.000204243
        1880    -5.45881     -5.4619 0.000204141
        1881    -5.45881     -5.4619 0.000204039
        1882    -5.45849     -5.4619 0.000203939
        1883    -5.45817    -5.46189  0.00020384
        1884    -5.45851    -5.46189  0.00020374
        1885    -5.45852    -5.46189  0.00020364
        1886    -5.45853    -5.46189  0.00020354
        1887    -5.45887    -5.46189 0.000203438
        1888    -5.45954    -5.46189 0.000203334
        1889    -5.45956    -5.46188  0.00020323
        1890    -5.45991    -5.46188 0.000203125
        1891    -5.46026    -5.46188  0.00020302
        1892    -5.46029    -5.46188 0.000202914
        1893    -5.46065    -5.46188 0.000202808
        1894    -5.45939    -5.46188 0.000202705
        1895    -5.45976    -5.46188 0.000202601
        1896    -5.46045    -5.46188 0.000202496
        1897    -5.46147    -5.46188 0.000202389
        1898    -5.46184    -5.46188 0.000202283
        1899    -5.46254    -5.46188 0.000202176
        1900    -5.46227    -5.46188  0.00020207
        1901    -5.46297    -5.46188 0.000201965
        1902    -5.46368    -5.46188 0.000201861
        1903    -5.46342    -5.46188 0.000201756
        1904    -5.46316    -5.46188 0.000201651
        1905    -5.46323    -5.46188 0.000201547
        1906    -5.46329    -5.46188 0.000201442
        1907    -5.46336    -5.46188 0.000201338
        1908    -5.46311    -5.46188 0.000201234
        1909    -5.46286    -5.46188 0.000201129
        1910    -5.46294    -5.46189 0.000201024
        1911     -5.4627    -5.46189  0.00020092
        1912    -5.46213    -5.46189 0.000200815
        1913    -5.46156    -5.46189  0.00020071
        1914      -5.461    -5.46189 0.000200605
        1915    -5.46108    -5.46188 0.000200501
        1916    -5.46084    -5.46188 0.000200397
        1917    -5.46059    -5.46188 0.000200294
        1918    -5.46068    -5.46188  0.00020019
        1919    -5.46108    -5.46188 0.000200087
        1920    -5.46084    -5.46188 0.000199983
        1921     -5.4606    -5.46188  0.00019988
        1922    -5.46068    -5.46188 0.000199777
        1923    -5.46108    -5.46188 0.000199674
        1924    -5.46214    -5.46188  0.00019957
        1925    -5.46254    -5.46188 0.000199466
        1926    -5.46229    -5.46188 0.000199363
        1927    -5.46269    -5.46188  0.00019926
        1928    -5.46244    -5.46188 0.000199157
        1929    -5.46252    -5.46188 0.000199054
        1930    -5.46323    -5.46188 0.000198952
        1931    -5.46362    -5.46188 0.000198851
        1932    -5.46336    -5.46188  0.00019875
        1933     -5.4631    -5.46189 0.000198648
        1934    -5.46284    -5.46189 0.000198546
        1935    -5.46322    -5.46189 0.000198444
        1936     -5.4636    -5.46189 0.000198344
        1937    -5.46397    -5.46189 0.000198244
        1938    -5.46369    -5.46189 0.000198144
        1939    -5.46374    -5.46189 0.000198044
        1940    -5.46378    -5.46189 0.000197945
        1941    -5.46381    -5.46189 0.000197845
        1942    -5.46352    -5.46189 0.000197745
        1943    -5.46355    -5.46189 0.000197645
        1944    -5.46357    -5.46189 0.000197545
        1945    -5.46327     -5.4619 0.000197445
        1946    -5.46329     -5.4619 0.000197345
        1947    -5.46363     -5.4619 0.000197245
        1948    -5.46364     -5.4619 0.000197146
        1949    -5.46332     -5.4619 0.000197046
        1950    -5.46332     -5.4619 0.000196947
        1951    -5.46267     -5.4619 0.000196846
        1952    -5.46234     -5.4619 0.000196745
        1953    -5.46201     -5.4619 0.000196645
        1954    -5.46232     -5.4619 0.000196544
        1955     -5.4623     -5.4619 0.000196444
        1956    -5.46227     -5.4619 0.000196343
        1957    -5.46225     -5.4619 0.000196243
        1958    -5.46222     -5.4619 0.000196143
        1959    -5.46186     -5.4619 0.000196043
        1960    -5.46182     -5.4619 0.000195943
        1961    -5.46243     -5.4619 0.000195843
        1962    -5.46271     -5.4619 0.000195744
        1963    -5.46234     -5.4619 0.000195644
        1964     -5.4623     -5.4619 0.000195545
        1965    -5.46289     -5.4619 0.000195446
        1966    -5.46284     -5.4619 0.000195347
        1967    -5.46343     -5.4619 0.000195249
        1968    -5.46305     -5.4619 0.000195151
        1969    -5.46299     -5.4619 0.000195052
        1970    -5.46261    -5.46191 0.000194954
        1971    -5.46287    -5.46191 0.000194855
        1972    -5.46313    -5.46191 0.000194758
        1973    -5.46274    -5.46191 0.000194659
        1974    -5.46235    -5.46191 0.000194561
        1975    -5.46196    -5.46191 0.000194462
        1976    -5.46222    -5.46191 0.000194364
        1977    -5.46215    -5.46191 0.000194266
        1978    -5.46144    -5.46191 0.000194168
        1979    -5.46105    -5.46191  0.00019407
        1980    -5.46131    -5.46191 0.000193972
        1981    -5.46157    -5.46191 0.000193874
        1982    -5.46184    -5.46191 0.000193777
        1983    -5.46178    -5.46191 0.000193679
        1984    -5.46075    -5.46191 0.000193582
        1985    -5.46134    -5.46191 0.000193485
        1986    -5.46129     -5.4619 0.000193388
        1987    -5.46156     -5.4619  0.00019329
        1988    -5.46119     -5.4619 0.000193194
        1989    -5.46115     -5.4619 0.000193097
        1990    -5.46047     -5.4619 0.000193001
        1991    -5.46043     -5.4619 0.000192906
        1992    -5.46007     -5.4619 0.000192811
        1993    -5.46004     -5.4619 0.000192716
        1994    -5.46002     -5.4619 0.000192622
        1995       -5.46     -5.4619 0.000192528
        1996     -5.4603     -5.4619 0.000192433
        1997    -5.45997     -5.4619 0.000192339
        1998    -5.45996     -5.4619 0.000192245
        1999     -5.4606     -5.4619  0.00019215
        2000     -5.4606    -5.46189 0.000192055
