           1     3.96079     3.96079           0
           2     3.96452     3.96266  0.00131934
           3     3.97052     3.96528  0.00231339
           4     3.97877     3.96865  0.00339837
           5     3.98928     3.97278  0.00458409
           6     4.00204     3.97766  0.00586682
           7     4.01705     3.98328  0.00724108
           8     4.03429     3.98966  0.00870157
           9     4.05447     3.99686   0.0102921
          10     4.07617     4.00479   0.0119338
          11     4.10009     4.01346   0.0136358
          12     4.12904     4.02309   0.0155333
          13     4.15878     4.03353   0.0174973
          14     4.19212     4.04485   0.0195739
          15     4.22834     4.05709    0.021758
          16     4.26885     4.07032   0.0240895
          17     4.31151     4.08451   0.0265233
          18     4.35632     4.09961   0.0290321
          19     4.40116     4.11548   0.0315454
          20     4.45025     4.13222   0.0341213
          21     4.50358      4.1499   0.0367946
          22     4.55689      4.1684   0.0394997
          23      4.6137     4.18776   0.0422617
          24     4.66978     4.20785   0.0450209
          25     4.72723     4.22862   0.0477736
          26     4.78673     4.25009   0.0505291
          27     4.85039     4.27232   0.0533253
          28     4.91467     4.29526    0.056139
          29     4.97953     4.31886   0.0589537
          30     5.04639     4.34311   0.0617755
          31     5.11874     4.36813   0.0646514
          32     5.18951      4.3938   0.0675345
          33      5.2615     4.42009   0.0704209
          34     5.33468     4.44699   0.0733075
          35     5.40974      4.4745   0.0761992
          36     5.48595     4.50259   0.0790928
          37     5.56539     4.53132   0.0820053
          38     5.64732     4.56069   0.0849434
          39     5.73312     4.59075   0.0879243
          40     5.81853     4.62144   0.0909263
          41     5.90563     4.65277   0.0939486
          42     5.99368     4.68469   0.0969849
          43     6.08334     4.71722    0.100035
          44     6.17317     4.75031    0.103089
          45     6.26524     4.78397    0.106153
          46      6.3602     4.81824    0.109236
          47      6.4559     4.85308    0.112332
          48     6.55157     4.88847     0.11543
          49     6.65071     4.92443    0.118545
          50     6.74832     4.96091    0.121657
          51     6.85068     4.99797    0.124787
          52     6.95352     5.03557    0.127928
          53     7.05465     5.07367    0.131064
          54     7.15754     5.11226    0.134198
          55     7.26214     5.15135    0.137333
          56     7.36765     5.19092    0.140468
          57     7.47474     5.23099    0.143604
          58      7.5819     5.27152    0.146737
          59     7.68978     5.31251    0.149865
          60     7.79971     5.35396    0.152993
          61     7.90738     5.39582    0.156106
          62     8.01554     5.43808    0.159204
          63     8.12481     5.48072    0.162289
          64     8.23581     5.52377    0.165364
          65     8.34705     5.56721    0.168427
          66     8.45774       5.611    0.171475
          67      8.5699     5.65517     0.17451
          68     8.68062     5.69966    0.177525
          69     8.79053     5.74445    0.180515
          70     8.90023     5.78954     0.18348
          71     9.01034      5.8349    0.186419
          72     9.11935     5.88052    0.189329
          73     9.22999      5.9264    0.192215
          74     9.33794      5.9725    0.195068
          75      9.4445     6.01879    0.197884
          76      9.5503     6.06526    0.200661
          77     9.65524     6.11188      0.2034
          78     9.75993     6.15865    0.206099
          79     9.86215     6.20553    0.208754
          80     9.96394     6.25251    0.211365
          81     10.0645     6.29958     0.21393
          82     10.1644     6.34671    0.216451
          83      10.263     6.39389    0.218926
          84     10.3593      6.4411    0.221351
          85     10.4547     6.48832    0.223726
          86     10.5485     6.53553    0.226051
          87     10.6398      6.5827    0.228323
          88     10.7293     6.62983    0.230539
          89     10.8169     6.67687    0.232699
          90     10.9025     6.72382    0.234803
          91     10.9861     6.77066    0.236848
          92     11.0683     6.81737    0.238836
          93     11.1483     6.86394    0.240765
          94     11.2254     6.91034    0.242633
          95     11.3023     6.95657    0.244444
          96     11.3755      7.0026    0.246193
          97     11.4456     7.04841     0.24788
          98     11.5132     7.09397    0.249502
          99     11.5785     7.13926     0.25106
         100     11.6405     7.18428    0.252552
         101     11.7014       7.229    0.253981
         102     11.7591     7.27341    0.255345
         103     11.8142      7.3175    0.256643
         104      11.866     7.36123    0.257875
         105     11.9159     7.40461    0.259042
         106     11.9633     7.44762    0.260143
         107     12.0087     7.49025    0.261181
         108     12.0509     7.53247    0.262154
         109     12.0904     7.57429    0.263063
         110     12.1281     7.61569    0.263909
         111     12.1625     7.65665    0.264691
         112     12.1937     7.69716     0.26541
         113     12.2237     7.73722    0.266067
         114     12.2512     7.77681    0.266663
         115     12.2756     7.81593    0.267198
         116     12.2967     7.85456    0.267672
         117     12.3162      7.8927    0.268087
         118     12.3333     7.93033    0.268443
         119     12.3481     7.96745    0.268742
         120     12.3599     8.00406    0.268984
         121     12.3708     8.04014    0.269171
         122     12.3788     8.07571    0.269304
         123     12.3854     8.11075    0.269384
         124     12.3892     8.14525    0.269412
         125     12.3903     8.17921    0.269389
         126       12.39     8.21263    0.269316
         127     12.3872      8.2455    0.269194
         128     12.3831     8.27782    0.269024
         129     12.3779     8.30961     0.26881
         130     12.3703     8.34084    0.268551
         131      12.361     8.37153    0.268249
         132     12.3494     8.40167    0.267904
         133     12.3354     8.43124    0.267517
         134     12.3214     8.46028    0.267091
         135     12.3066     8.48877    0.266628
         136     12.2897     8.51672    0.266128
         137     12.2715     8.54412    0.265593
         138     12.2528       8.571    0.265025
         139     12.2321     8.59734    0.264424
         140     12.2103     8.62314    0.263791
         141     12.1881     8.64843    0.263129
         142     12.1649     8.67319    0.262439
         143       12.14     8.69743    0.261721
         144     12.1149     8.72117    0.260978
         145     12.0883     8.74439    0.260209
         146     12.0623     8.76711    0.259417
         147     12.0335     8.78933    0.258602
         148     12.0053     8.81106    0.257766
         149     11.9759      8.8323     0.25691
         150      11.948     8.85307    0.256035
         151     11.9167     8.87336    0.255142
         152     11.8849     8.89318    0.254232
         153     11.8542     8.91253    0.253306
         154     11.8224     8.93142    0.252365
         155     11.7895     8.94986    0.251409
         156     11.7563     8.96785    0.250441
         157     11.7236     8.98541     0.24946
         158     11.6907     9.00253    0.248468
         159     11.6576     9.01923    0.247466
         160     11.6237     9.03551    0.246454
         161     11.5905     9.05137    0.245433
         162     11.5571     9.06684    0.244405
         163     11.5231     9.08191     0.24337
         164     11.4898     9.09659    0.242328
         165     11.4565      9.1109    0.241282
         166     11.4233     9.12483     0.24023
         167     11.3909      9.1384    0.239174
         168     11.3566      9.1516    0.238115
         169     11.3245     9.16446    0.237053
         170      11.292     9.17697    0.235988
         171      11.261     9.18916    0.234923
         172     11.2289     9.20102    0.233856
         173      11.197     9.21256    0.232789
         174     11.1641     9.22377    0.231721
         175     11.1328     9.23468    0.230653
         176     11.1019     9.24529    0.229587
         177     11.0706      9.2556    0.228521
         178     11.0411     9.26563    0.227457
         179     11.0112     9.27538    0.226396
         180     10.9818     9.28486    0.225336
         181     10.9535     9.29408     0.22428
         182     10.9249     9.30304    0.223226
         183     10.8967     9.31175    0.222176
         184     10.8676     9.32021     0.22113
         185     10.8396     9.32842    0.220087
         186     10.8143     9.33641    0.219049
         187     10.7866     9.34416    0.218014
         188     10.7602      9.3517    0.216985
         189     10.7356     9.35902     0.21596
         190     10.7102     9.36613    0.214941
         191     10.6874     9.37305    0.213927
         192     10.6631     9.37977    0.212918
         193       10.64      9.3863    0.211915
         194     10.6175     9.39264    0.210918
         195     10.5948     9.39881    0.209926
         196     10.5728      9.4048     0.20894
         197      10.552     9.41062    0.207961
         198     10.5325     9.41629    0.206988
         199     10.5122     9.42179    0.206021
         200     10.4932     9.42715     0.20506
         201     10.4749     9.43236    0.204106
         202     10.4572     9.43744    0.203159
         203     10.4408     9.44238    0.202218
         204     10.4236     9.44719    0.201284
         205     10.4071     9.45187    0.200357
         206     10.3919     9.45643    0.199436
         207     10.3788     9.46089    0.198523
         208     10.3649     9.46524    0.197616
         209     10.3495     9.46947    0.196715
         210     10.3369      9.4736    0.195822
         211      10.325     9.47763    0.194936
         212      10.313     9.48157    0.194056
         213     10.3024     9.48543    0.193183
         214     10.2918      9.4892    0.192317
         215     10.2825     9.49289    0.191458
         216     10.2739      9.4965    0.190606
         217     10.2674     9.50005     0.18976
         218     10.2608     9.50354    0.188922
         219     10.2534     9.50697     0.18809
         220     10.2489     9.51034    0.187266
         221     10.2456     9.51367    0.186448
         222     10.2409     9.51694    0.185637
         223     10.2375     9.52017    0.184833
         224     10.2348     9.52336    0.184035
         225     10.2313     9.52651    0.183244
         226      10.229     9.52962    0.182459
         227     10.2274     9.53269    0.181682
         228     10.2271     9.53574     0.18091
         229     10.2274     9.53876    0.180145
         230     10.2268     9.54175    0.179387
         231     10.2274     9.54472    0.178635
         232     10.2294     9.54767    0.177889
         233     10.2297      9.5506     0.17715
         234     10.2312     9.55351    0.176417
         235     10.2347      9.5564     0.17569
         236     10.2372     9.55929    0.174969
         237     10.2423     9.56217    0.174255
         238     10.2478     9.56505    0.173546
         239     10.2523     9.56793    0.172844
         240      10.258      9.5708    0.172148
         241      10.264     9.57368    0.171457
         242     10.2696     9.57655    0.170773
         243     10.2763     9.57943    0.170095
         244     10.2826     9.58232    0.169422
         245     10.2906     9.58521    0.168755
         246     10.2975      9.5881    0.168094
         247     10.3031       9.591    0.167438
         248      10.309     9.59389    0.166788
         249     10.3165     9.59679    0.166144
         250     10.3241      9.5997    0.165504
         251     10.3311     9.60262    0.164871
         252      10.339     9.60554    0.164242
         253      10.347     9.60847    0.163619
         254      10.355     9.61141    0.163002
         255     10.3623     9.61435    0.162389
         256     10.3711     9.61731    0.161781
         257     10.3784     9.62027    0.161179
         258      10.385     9.62324    0.160582
         259     10.3929     9.62621    0.159989
         260     10.4008     9.62919    0.159401
         261     10.4078     9.63217    0.158819
         262     10.4168     9.63516    0.158241
         263     10.4242     9.63816    0.157667
         264       10.43     9.64116    0.157099
         265     10.4363     9.64416    0.156535
         266     10.4424     9.64716    0.155975
         267     10.4476     9.65016    0.155419
         268     10.4539     9.65316    0.154869
         269     10.4606     9.65616    0.154322
         270     10.4663     9.65916    0.153779
         271     10.4725     9.66216    0.153241
         272     10.4768     9.66516    0.152707
         273     10.4809     9.66815    0.152177
         274      10.486     9.67113    0.151651
         275     10.4907     9.67411    0.151129
         276      10.495     9.67709     0.15061
         277     10.4969     9.68005    0.150096
         278     10.4997     9.68299    0.149585
         279     10.5021     9.68593    0.149078
         280     10.5042     9.68885    0.148574
         281     10.5051     9.69176    0.148073
         282     10.5069     9.69465    0.147577
         283     10.5077     9.69752    0.147083
         284      10.508     9.70038    0.146593
         285     10.5079     9.70321    0.146106
         286     10.5073     9.70602    0.145622
         287      10.507     9.70881    0.145141
         288     10.5063     9.71158    0.144664
         289     10.5065     9.71433    0.144189
         290     10.5042     9.71705    0.143718
         291     10.5007     9.71975    0.143249
         292     10.4982     9.72241    0.142783
         293     10.4953     9.72505    0.142321
         294      10.492     9.72766     0.14186
         295     10.4868     9.73023    0.141403
         296     10.4827     9.73278    0.140948
         297     10.4781     9.73528    0.140496
         298     10.4717     9.73776    0.140046
         299     10.4657     9.74019    0.139599
         300     10.4599     9.74259    0.139154
         301     10.4524     9.74495    0.138712
         302     10.4446     9.74726    0.138272
         303     10.4356     9.74954    0.137834
         304     10.4278     9.75177    0.137399
         305     10.4196     9.75396    0.136966
         306     10.4111      9.7561    0.136535
         307     10.4023     9.75821    0.136106
         308     10.3925     9.76027     0.13568
         309     10.3831     9.76228    0.135256
         310     10.3742     9.76426    0.134834
         311     10.3643     9.76619    0.134414
         312     10.3534     9.76807    0.133997
         313     10.3424      9.7699    0.133581
         314     10.3318     9.77169    0.133168
         315     10.3224     9.77344    0.132756
         316     10.3122     9.77515    0.132347
         317     10.3011     9.77681     0.13194
         318     10.2905     9.77842    0.131535
         319     10.2784     9.77999    0.131132
         320     10.2675     9.78151    0.130731
         321     10.2559     9.78299    0.130332
         322     10.2434     9.78442    0.129935
         323     10.2309      9.7858     0.12954
         324     10.2184     9.78714    0.129147
         325     10.2079     9.78843    0.128757
         326     10.1959     9.78968    0.128368
         327      10.184     9.79089    0.127981
         328     10.1721     9.79205    0.127596
         329     10.1594     9.79317    0.127213
         330     10.1476     9.79424    0.126832
         331     10.1344     9.79527    0.126453
         332     10.1205     9.79625    0.126076
         333     10.1082     9.79718    0.125701
         334     10.0966     9.79808    0.125328
         335     10.0845     9.79894    0.124956
         336     10.0733     9.79975    0.124587
         337     10.0629     9.80053     0.12422
         338      10.052     9.80128    0.123855
         339      10.042     9.80199    0.123491
         340     10.0308     9.80266     0.12313
         341     10.0198      9.8033    0.122771
         342      10.009      9.8039    0.122413
         343     9.99924     9.80447    0.122057
         344     9.98972     9.80501    0.121704
         345     9.97979     9.80551    0.121352
         346     9.97157     9.80599    0.121002
         347     9.96224     9.80644    0.120654
         348     9.95324     9.80687    0.120308
         349     9.94457     9.80726    0.119964
         350     9.93837     9.80763    0.119622
         351      9.9318     9.80799    0.119282
         352     9.92489     9.80832    0.118944
         353     9.91622     9.80863    0.118607
         354     9.91075     9.80891    0.118272
         355     9.90494     9.80918    0.117939
         356     9.90021     9.80944    0.117608
         357     9.89586     9.80968    0.117279
         358     9.89047     9.80991    0.116952
         359     9.88545     9.81012    0.116626
         360     9.88152     9.81032    0.116302
         361     9.87724      9.8105     0.11598
         362     9.87261     9.81067     0.11566
         363     9.87045     9.81084    0.115342
         364     9.86792       9.811    0.115025
         365     9.86501     9.81114     0.11471
         366     9.86242     9.81128    0.114397
         367     9.86084     9.81142    0.114085
         368     9.85955     9.81155    0.113775
         369     9.85781     9.81167    0.113467
         370     9.85774      9.8118     0.11316
         371     9.85718     9.81192    0.112855
         372     9.85684     9.81204    0.112552
         373     9.85668     9.81216     0.11225
         374     9.85738     9.81228     0.11195
         375      9.8568      9.8124    0.111652
         376     9.85775     9.81252    0.111355
         377     9.85807     9.81264    0.111059
         378     9.85914     9.81277    0.110766
         379     9.85883     9.81289    0.110474
         380     9.85993     9.81301    0.110183
         381     9.86099     9.81314    0.109894
         382     9.86199     9.81327    0.109606
         383     9.86219     9.81339     0.10932
         384     9.86297     9.81352    0.109035
         385      9.8629     9.81365    0.108752
         386     9.86335     9.81378    0.108471
         387     9.86289     9.81391     0.10819
         388      9.8636     9.81403    0.107912
         389     9.86335     9.81416    0.107634
         390     9.86069     9.81428    0.107358
         391     9.85914     9.81439    0.107084
         392     9.85655      9.8145    0.106811
         393     9.85431      9.8146    0.106539
         394     9.85171      9.8147    0.106269
         395     9.84872     9.81478       0.106
         396     9.84604     9.81486    0.105732
         397     9.84154     9.81493    0.105466
         398     9.83733     9.81499    0.105201
         399     9.83128     9.81503    0.104937
         400     9.82621     9.81506    0.104675
         401     9.81929     9.81507    0.104414
         402     9.81335     9.81506    0.104154
         403     9.80839     9.81504    0.103896
         404     9.80159     9.81501    0.103638
         405     9.79438     9.81496    0.103383
         406     9.78604     9.81489    0.103128
         407      9.7766      9.8148    0.102875
         408     9.76818     9.81468    0.102622
         409     9.75798     9.81454    0.102372
         410     9.74954     9.81438    0.102122
         411     9.74005      9.8142    0.101874
         412     9.73025       9.814    0.101627
         413     9.71944     9.81377    0.101381
         414     9.70978     9.81352    0.101136
         415     9.69703     9.81324    0.100893
         416     9.68758     9.81294    0.100651
         417     9.67721     9.81261     0.10041
         418     9.66737     9.81226     0.10017
         419     9.65667     9.81189   0.0999321
         420     9.64442     9.81149    0.099695
         421     9.63277     9.81107   0.0994591
         422     9.62104     9.81062   0.0992244
         423     9.60996     9.81014    0.098991
         424     9.60025     9.80965   0.0987587
         425     9.58911     9.80913   0.0985277
         426     9.57869     9.80859   0.0982979
         427      9.5669     9.80802   0.0980693
         428     9.55586     9.80743    0.097842
         429     9.54277     9.80682   0.0976159
         430      9.5312     9.80618   0.0973909
         431     9.51973     9.80551   0.0971672
         432      9.5084     9.80482   0.0969448
         433     9.49722     9.80411   0.0967235
         434     9.48619     9.80338   0.0965034
         435     9.47252     9.80262   0.0962845
         436     9.46116     9.80184   0.0960669
         437     9.45001     9.80103   0.0958504
         438     9.44048     9.80021   0.0956351
         439     9.43048     9.79937    0.095421
         440     9.41931      9.7985    0.095208
         441     9.41333     9.79763   0.0949961
         442     9.40408     9.79674   0.0947854
         443     9.39581     9.79583   0.0945757
         444     9.38922     9.79492   0.0943672
         445      9.3808     9.79399   0.0941597
         446     9.37337     9.79304   0.0939533
         447     9.36624     9.79209    0.093748
         448     9.35799     9.79112   0.0935437
         449     9.35004     9.79014   0.0933405
         450     9.34452     9.78915   0.0931384
         451      9.3379     9.78815   0.0929372
         452      9.3323     9.78714   0.0927371
         453     9.32561     9.78612    0.092538
         454     9.31994     9.78509   0.0923398
         455     9.31389     9.78406   0.0921427
         456     9.30958     9.78302   0.0919465
         457     9.30489     9.78197   0.0917513
         458     9.30052     9.78092   0.0915569
         459      9.2979     9.77987   0.0913635
         460      9.2949     9.77881    0.091171
         461     9.29081     9.77775   0.0909794
         462     9.28635     9.77669   0.0907887
         463     9.28222     9.77562   0.0905989
         464     9.27984     9.77455   0.0904099
         465     9.27708     9.77348   0.0902218
         466     9.27678     9.77242   0.0900345
         467     9.27539     9.77135    0.089848
         468     9.27645      9.7703   0.0896622
         469     9.27501     9.76924   0.0894773
         470     9.27461     9.76819   0.0892931
         471     9.27525     9.76714   0.0891096
         472     9.27551      9.7661   0.0889269
         473     9.27608     9.76506   0.0887449
         474     9.27416     9.76403   0.0885638
         475     9.27538       9.763   0.0883833
         476     9.27691     9.76198   0.0882035
         477     9.27947     9.76097   0.0880244
         478     9.28234     9.75997   0.0878459
         479     9.28481     9.75897   0.0876681
         480     9.28688     9.75799    0.087491
         481     9.28995     9.75702   0.0873145
         482      9.2912     9.75605   0.0871387
         483     9.29485      9.7551   0.0869636
         484     9.29878     9.75415    0.086789
         485       9.303     9.75322    0.086615
         486     9.30677      9.7523   0.0864417
         487      9.3108      9.7514   0.0862689
         488     9.31508      9.7505   0.0860968
         489      9.3203     9.74962   0.0859252
         490     9.32647     9.74876   0.0857542
         491     9.33215     9.74791   0.0855837
         492     9.33874     9.74708   0.0854138
         493     9.34483     9.74626   0.0852445
         494     9.35109     9.74546   0.0850757
         495     9.35753     9.74468   0.0849074
         496     9.36553     9.74392   0.0847397
         497     9.37368     9.74317   0.0845724
         498     9.37912     9.74244   0.0844058
         499     9.38609     9.74173   0.0842396
         500     9.39245     9.74103   0.0840741
         501     9.40029     9.74035    0.083909
         502     9.40819     9.73969   0.0837445
         503     9.41614     9.73904   0.0835804
         504      9.4227     9.73842    0.083417
         505     9.42855      9.7378    0.083254
         506      9.4351      9.7372   0.0830917
         507      9.4416     9.73662   0.0829298
         508     9.44946     9.73605   0.0827685
         509     9.45583      9.7355   0.0826077
         510     9.46211     9.73497   0.0824475
         511     9.46897     9.73445   0.0822878
         512      9.4764     9.73394   0.0821286
         513     9.48226     9.73345     0.08197
         514     9.48865     9.73298   0.0818119
         515     9.49484     9.73251   0.0816543
         516      9.4994     9.73206   0.0814973
         517     9.50725     9.73163   0.0813409
         518     9.51343     9.73121   0.0811849
         519     9.52004      9.7308   0.0810295
         520     9.52353      9.7304   0.0808747
         521     9.52882     9.73001   0.0807204
         522      9.5345     9.72964   0.0805666
         523     9.53841     9.72927   0.0804134
         524     9.54267     9.72892   0.0802607
         525     9.54586     9.72857   0.0801086
         526     9.54794     9.72823    0.079957
         527     9.55104     9.72789    0.079806
         528     9.55301     9.72756   0.0796555
         529     9.55456     9.72723   0.0795056
         530     9.55426     9.72691   0.0793563
         531     9.55564     9.72658   0.0792075
         532     9.55515     9.72626   0.0790593
         533     9.55561     9.72594   0.0789116
         534      9.5542     9.72562   0.0787645
         535     9.55232     9.72529   0.0786179
         536     9.55138     9.72497   0.0784719
         537     9.54997     9.72464   0.0783265
         538     9.54667     9.72431   0.0781816
         539      9.5429     9.72398   0.0780372
         540     9.53936     9.72363   0.0778935
         541     9.53535     9.72329   0.0777503
         542      9.5323     9.72293   0.0776076
         543     9.52736     9.72257   0.0774655
         544     9.52198     9.72221    0.077324
         545     9.51615     9.72183   0.0771831
         546     9.51129     9.72144   0.0770427
         547     9.50389     9.72104   0.0769028
         548     9.49606     9.72063   0.0767636
         549     9.48783     9.72021    0.076625
         550     9.48062     9.71977   0.0764869
         551     9.47162     9.71932   0.0763494
         552     9.46224     9.71886   0.0762125
         553      9.4518     9.71838   0.0760762
         554     9.44102     9.71787   0.0759405
         555     9.43274     9.71736   0.0758054
         556     9.42204     9.71683    0.075671
         557     9.41175     9.71628   0.0755371
         558     9.39907     9.71571   0.0754039
         559     9.38825     9.71513   0.0752712
         560     9.37719     9.71452   0.0751392
         561     9.36449      9.7139   0.0750079
         562     9.35301     9.71326   0.0748772
         563     9.33993     9.71259   0.0747471
         564      9.3281     9.71191   0.0746177
         565     9.31682     9.71121   0.0744889
         566     9.30612      9.7105   0.0743607
         567     9.29319     9.70976   0.0742332
         568     9.28017     9.70901   0.0741064
         569     9.26636     9.70823   0.0739802
         570     9.25461     9.70743   0.0738547
         571     9.24282     9.70662   0.0737299
         572     9.23101     9.70579   0.0736057
         573     9.21848     9.70494   0.0734821
         574     9.20667     9.70407   0.0733592
         575     9.19488     9.70318    0.073237
         576     9.18172     9.70228   0.0731154
         577     9.16932     9.70135   0.0729946
         578       9.157     9.70041   0.0728743
         579     9.14687     9.69946   0.0727547
         580     9.13401     9.69848   0.0726358
         581     9.12126     9.69749   0.0725176
         582     9.10863     9.69648   0.0724001
         583     9.09754     9.69545   0.0722832
         584      9.0873     9.69441   0.0721669
         585     9.07581     9.69335   0.0720513
         586     9.06449     9.69228   0.0719363
         587     9.05122     9.69118   0.0718221
         588     9.03954     9.69008   0.0717085
         589     9.02664     9.68895   0.0715956
         590     9.01676     9.68781   0.0714833
         591     9.00639     9.68666   0.0713716
         592     8.99763     9.68549   0.0712606
         593     8.98698     9.68432   0.0711501
         594     8.98008     9.68313   0.0710402
         595     8.97129     9.68193   0.0709309
         596     8.96132     9.68072   0.0708222
         597     8.95229      9.6795   0.0707141
         598      8.9428     9.67827   0.0706066
         599     8.93355     9.67703   0.0704996
         600     8.92667     9.67578   0.0703932
         601     8.92004     9.67452   0.0702873
         602     8.91224     9.67325    0.070182
         603      8.9054     9.67198   0.0700771
         604     8.89811      9.6707   0.0699728
         605     8.89036     9.66941    0.069869
         606     8.88358     9.66811   0.0697658
         607     8.87846     9.66681    0.069663
         608     8.87289     9.66551   0.0695606
         609     8.86757      9.6642   0.0694588
         610      8.8625     9.66288   0.0693573
         611     8.85699     9.66156   0.0692563
         612     8.85173     9.66024   0.0691558
         613     8.84319     9.65891   0.0690559
         614     8.83914     9.65757   0.0689563
         615     8.83463     9.65623   0.0688571
         616     8.82968     9.65489   0.0687584
         617     8.82496     9.65355   0.0686602
         618     8.81979      9.6522   0.0685623
         619     8.81416     9.65084   0.0684649
         620      8.8109     9.64949   0.0683679
         621      8.8086     9.64814   0.0682712
         622     8.80513     9.64678   0.0681749
         623     8.80332     9.64543   0.0680789
         624     8.80104     9.64407   0.0679832
         625     8.79902     9.64272   0.0678879
         626     8.79724     9.64137   0.0677929
         627     8.79571     9.64002   0.0676982
         628     8.79371     9.63867   0.0676038
         629     8.79337     9.63733   0.0675097
         630     8.79186     9.63599   0.0674159
         631     8.79131     9.63465   0.0673223
         632     8.79029     9.63331    0.067229
         633     8.79022     9.63198    0.067136
         634     8.79181     9.63066   0.0670432
         635     8.79153     9.62933   0.0669507
         636     8.79219     9.62802   0.0668583
         637      8.7917     9.62671   0.0667663
         638     8.79357      9.6254   0.0666744
         639     8.79286      9.6241   0.0665828
         640     8.79451      9.6228   0.0664913
         641     8.79571     9.62151   0.0664001
         642     8.79998     9.62023    0.066309
         643     8.80168     9.61896   0.0662181
         644     8.80433     9.61769   0.0661274
         645     8.81007     9.61644   0.0660367
         646     8.81323      9.6152   0.0659462
         647     8.81594     9.61396   0.0658558
         648     8.81962     9.61274   0.0657656
         649     8.82213     9.61152   0.0656756
         650     8.82632     9.61031   0.0655856
         651     8.83077     9.60911   0.0654958
         652     8.83618     9.60793   0.0654061
         653     8.84043     9.60675   0.0653165
         654     8.84565     9.60559    0.065227
         655     8.85184     9.60444   0.0651376
         656     8.85687      9.6033   0.0650482
         657     8.86569     9.60217   0.0649589
         658     8.87335     9.60107   0.0648696
         659     8.87774     9.59997   0.0647805
         660     8.88521     9.59889   0.0646914
         661     8.89223     9.59782   0.0646023
         662     8.89879     9.59676   0.0645134
         663     8.90702     9.59572   0.0644245
         664     8.91479      9.5947   0.0643356
         665     8.92422     9.59369   0.0642468
         666     8.93459      9.5927   0.0641579
         667     8.94307     9.59172   0.0640691
         668      8.9525     9.59077   0.0639804
         669     8.96144     9.58983   0.0638916
         670     8.97131      9.5889   0.0638029
         671     8.97998       9.588   0.0637143
         672     8.98886      9.5871   0.0636257
         673     9.00006     9.58623   0.0635372
         674     9.01145     9.58538   0.0634486
         675     9.02231     9.58454   0.0633601
         676     9.03194     9.58373   0.0632717
         677     9.04102     9.58293   0.0631833
         678     9.05026     9.58214    0.063095
         679     9.06247     9.58137   0.0630067
         680      9.0734     9.58063   0.0629185
         681     9.08376      9.5799   0.0628303
         682     9.09493     9.57919   0.0627422
         683      9.1062     9.57849   0.0626542
         684     9.11827     9.57782   0.0625662
         685     9.12971     9.57717   0.0624782
         686     9.14121     9.57653   0.0623904
         687     9.15277     9.57592   0.0623026
         688     9.16295     9.57532    0.062215
         689     9.17598     9.57474   0.0621274
         690     9.18902     9.57418   0.0620398
         691     9.20136     9.57364   0.0619524
         692     9.21298     9.57312   0.0618651
         693     9.22316     9.57261   0.0617779
         694     9.23402     9.57212   0.0616908
         695     9.24482     9.57165   0.0616038
         696     9.25556      9.5712    0.061517
         697     9.26835     9.57076   0.0614302
         698     9.27894     9.57035   0.0613437
         699     9.29014     9.56994   0.0612572
         700     9.30124     9.56956   0.0611709
         701     9.31222     9.56919   0.0610847
         702     9.32309     9.56884   0.0609987
         703     9.33454     9.56851   0.0609129
         704     9.34585     9.56819   0.0608272
         705     9.35632     9.56789   0.0607416
         706     9.36734     9.56761   0.0606563
         707      9.3761     9.56734   0.0605711
         708      9.3847     9.56708   0.0604861
         709     9.39456     9.56684   0.0604012
         710     9.40495     9.56661   0.0603166
         711     9.41449     9.56639   0.0602322
         712     9.42386     9.56619   0.0601479
         713     9.43307     9.56601   0.0600638
         714     9.44141     9.56583     0.05998
         715      9.4503     9.56567   0.0598963
         716     9.45904     9.56552   0.0598128
         717     9.46834     9.56539   0.0597295
         718     9.47678     9.56526   0.0596465
         719     9.48578     9.56515   0.0595636
         720     9.49253     9.56505    0.059481
         721     9.49985     9.56496   0.0593986
         722     9.50845     9.56488   0.0593163
         723     9.51553     9.56482   0.0592343
         724     9.52462     9.56476   0.0591525
         725     9.53289     9.56472    0.059071
         726     9.54249     9.56469   0.0589896
         727     9.54918     9.56466   0.0589085
         728     9.55579     9.56465   0.0588276
         729     9.56516     9.56465   0.0587469
         730     9.57235     9.56466   0.0586664
         731      9.5795     9.56468   0.0585861
         732     9.58661     9.56471   0.0585061
         733     9.59369     9.56475   0.0584263
         734     9.60076      9.5648   0.0583467
         735     9.60853     9.56486   0.0582674
         736      9.6156     9.56493   0.0581883
         737     9.62197     9.56501   0.0581093
         738     9.62836     9.56509   0.0580307
         739     9.63619     9.56519   0.0579522
         740     9.64335      9.5653    0.057874
         741     9.65198     9.56541    0.057796
         742     9.65924     9.56554   0.0577183
         743     9.66587     9.56567   0.0576407
         744     9.67538     9.56582   0.0575635
         745     9.68286     9.56598   0.0574864
         746     9.69042     9.56615   0.0574096
         747     9.69736     9.56632    0.057333
         748      9.7051     9.56651   0.0572567
         749     9.71153      9.5667   0.0571805
         750     9.71947      9.5669   0.0571047
         751     9.72682     9.56712    0.057029
         752      9.7371     9.56734   0.0569536
         753     9.74608     9.56758   0.0568785
         754     9.75447     9.56783   0.0568036
         755     9.76227     9.56809   0.0567289
         756      9.7709     9.56835   0.0566545
         757     9.78106     9.56863   0.0565804
         758     9.78992     9.56893   0.0565065
         759     9.79819     9.56923   0.0564329
         760     9.80729     9.56954   0.0563595
         761      9.8172     9.56987   0.0562864
         762     9.82653      9.5702   0.0562135
         763     9.83525     9.57055   0.0561409
         764      9.8455     9.57091   0.0560686
         765     9.85443     9.57128   0.0559965
         766     9.86417     9.57166   0.0559247
         767     9.87401     9.57206   0.0558532
         768     9.88464     9.57247   0.0557819
         769     9.89393     9.57288    0.055711
         770     9.90471     9.57331   0.0556403
         771     9.91486     9.57376   0.0555699
         772     9.92506     9.57421   0.0554998
         773     9.93532     9.57468   0.0554299
         774     9.94562     9.57516   0.0553604
         775     9.95595     9.57565   0.0552911
         776     9.96701     9.57615   0.0552222
         777     9.97667     9.57667   0.0551535
         778     9.98774      9.5772   0.0550852
         779      9.9974     9.57774   0.0550171
         780      10.007     9.57829   0.0549493
         781     10.0173     9.57885   0.0548818
         782     10.0276     9.57942   0.0548146
         783     10.0393     9.58001   0.0547478
         784     10.0487     9.58061   0.0546812
         785     10.0581     9.58122   0.0546149
         786     10.0681     9.58184    0.054549
         787      10.078     9.58247   0.0544833
         788     10.0871     9.58311   0.0544179
         789      10.096     9.58376   0.0543528
         790     10.1062     9.58442   0.0542881
         791     10.1149     9.58509   0.0542236
         792     10.1241     9.58577   0.0541594
         793      10.131     9.58646   0.0540954
         794     10.1399     9.58715   0.0540318
         795     10.1478     9.58786   0.0539684
         796     10.1562     9.58857   0.0539054
         797     10.1658      9.5893   0.0538426
         798     10.1724     9.59003   0.0537801
         799     10.1801     9.59077   0.0537178
         800     10.1875     9.59151   0.0536559
         801     10.1954     9.59227   0.0535942
         802     10.2037     9.59303   0.0535328
         803      10.211      9.5938   0.0534716
         804     10.2173     9.59458   0.0534108
         805     10.2225     9.59536   0.0533501
         806     10.2267     9.59614   0.0532897
         807     10.2306     9.59692   0.0532294
         808     10.2341     9.59771   0.0531694
         809     10.2401     9.59851   0.0531096
         810      10.245     9.59931     0.05305
         811     10.2488     9.60011   0.0529907
         812     10.2501     9.60091   0.0529314
         813     10.2531     9.60171   0.0528724
         814     10.2564     9.60251   0.0528136
         815     10.2586     9.60332   0.0527549
         816     10.2604     9.60412   0.0526964
         817     10.2624     9.60493   0.0526381
         818     10.2626     9.60573   0.0525799
         819      10.261     9.60653   0.0525217
         820      10.261     9.60733   0.0524638
         821     10.2605     9.60813   0.0524059
         822      10.259     9.60892   0.0523481
         823     10.2576     9.60971   0.0522904
         824     10.2558     9.61049   0.0522329
         825     10.2543     9.61127   0.0521754
         826     10.2523     9.61205    0.052118
         827     10.2484     9.61282   0.0520606
         828     10.2448     9.61358   0.0520034
         829     10.2386     9.61433   0.0519461
         830      10.234     9.61508   0.0518889
         831     10.2283     9.61582   0.0518317
         832     10.2236     9.61655   0.0517745
         833     10.2177     9.61727   0.0517174
         834       10.21     9.61798   0.0516603
         835     10.2032     9.61868   0.0516032
         836     10.1953     9.61937    0.051546
         837     10.1877     9.62005   0.0514889
         838     10.1804     9.62072   0.0514318
         839     10.1706     9.62138   0.0513747
         840     10.1618     9.62202   0.0513176
         841     10.1519     9.62265   0.0512604
         842     10.1438     9.62327   0.0512033
         843     10.1333     9.62387   0.0511461
         844     10.1238     9.62446   0.0510889
         845     10.1125     9.62504   0.0510317
         846     10.1031     9.62561   0.0509746
         847     10.0906     9.62616   0.0509173
         848     10.0785     9.62669   0.0508601
         849     10.0683     9.62721   0.0508028
         850     10.0564     9.62771   0.0507456
         851     10.0443      9.6282   0.0506883
         852      10.032     9.62868    0.050631
         853      10.021     9.62914   0.0505738
         854     10.0098     9.62958   0.0505165
         855     9.99706     9.63001   0.0504592
         856     9.98207     9.63043    0.050402
         857     9.97052     9.63082   0.0503447
         858      9.9582      9.6312   0.0502875
         859     9.94511     9.63157   0.0502303
         860     9.93199     9.63192   0.0501731
         861     9.91957     9.63225   0.0501159
         862     9.90644     9.63257   0.0500588
         863     9.89476     9.63287   0.0500017
         864       9.881     9.63316   0.0499447
         865     9.86801     9.63343   0.0498877
         866      9.8544     9.63369   0.0498307
         867     9.84159     9.63393   0.0497738
         868      9.8282     9.63415    0.049717
         869     9.81565     9.63436   0.0496602
         870     9.80255     9.63455   0.0496035
         871     9.78961     9.63473   0.0495469
         872     9.77756      9.6349   0.0494903
         873      9.7664     9.63505   0.0494339
         874     9.75616     9.63519   0.0493775
         875     9.74543     9.63531   0.0493212
         876     9.73423     9.63542    0.049265
         877     9.72398     9.63552    0.049209
         878     9.71185     9.63561    0.049153
         879      9.7007     9.63569   0.0490971
         880     9.69123     9.63575   0.0490414
         881     9.67992      9.6358   0.0489857
         882      9.6696     9.63584   0.0489302
         883     9.66099     9.63587   0.0488748
         884     9.65126     9.63588   0.0488195
         885     9.64325     9.63589   0.0487644
         886     9.63484     9.63589   0.0487093
         887     9.62744     9.63588   0.0486544
         888     9.62107     9.63586   0.0485996
         889     9.61431     9.63584    0.048545
         890     9.60717     9.63581   0.0484904
         891     9.60035     9.63577    0.048436
         892     9.59315     9.63572   0.0483818
         893     9.58698     9.63567   0.0483276
         894     9.58113      9.6356   0.0482736
         895     9.57561     9.63554   0.0482197
         896     9.57183     9.63547   0.0481659
         897     9.56625     9.63539   0.0481123
         898     9.56312     9.63531   0.0480588
         899     9.55959     9.63522   0.0480054
         900     9.55357     9.63513   0.0479521
         901     9.55068     9.63504    0.047899
         902      9.5467     9.63494    0.047846
         903     9.54303     9.63484   0.0477931
         904     9.54108     9.63474   0.0477404
         905     9.53874     9.63463   0.0476877
         906     9.53599     9.63452   0.0476352
         907     9.53353     9.63441   0.0475828
         908     9.53138      9.6343   0.0475306
         909     9.53021     9.63418   0.0474784
         910     9.53075     9.63407   0.0474264
         911     9.53015     9.63395   0.0473745
         912     9.52982     9.63384   0.0473227
         913     9.52906     9.63373    0.047271
         914     9.52856     9.63361   0.0472194
         915     9.52972      9.6335   0.0471679
         916     9.52973     9.63338   0.0471166
         917     9.53068     9.63327   0.0470653
         918     9.53187     9.63316   0.0470142
         919       9.534     9.63305   0.0469631
         920     9.53705     9.63295   0.0469122
         921     9.53891     9.63285   0.0468614
         922     9.54097     9.63275   0.0468107
         923     9.54323     9.63265     0.04676
         924     9.54427     9.63255   0.0467095
         925      9.5469     9.63246   0.0466591
         926     9.54971     9.63237   0.0466088
         927     9.55269     9.63229   0.0465586
         928     9.55723     9.63221   0.0465085
         929     9.56051     9.63213   0.0464585
         930     9.56392     9.63206   0.0464086
         931     9.56818     9.63199   0.0463588
         932     9.57114     9.63192   0.0463091
         933     9.57422     9.63186   0.0462595
         934     9.57811      9.6318   0.0462101
         935     9.58209     9.63175   0.0461607
         936     9.58617      9.6317   0.0461114
         937     9.59032     9.63166   0.0460622
         938     9.59524     9.63162   0.0460131
         939     9.60022     9.63158   0.0459641
         940     9.60314     9.63155   0.0459152
         941     9.60681     9.63153   0.0458664
         942     9.61264     9.63151   0.0458177
         943     9.61708     9.63149   0.0457692
         944     9.62225     9.63148   0.0457207
         945     9.62603     9.63148   0.0456723
         946     9.62981     9.63147    0.045624
         947      9.6336     9.63148   0.0455758
         948     9.63879     9.63148   0.0455278
         949     9.64397      9.6315   0.0454798
         950     9.64914     9.63152   0.0454319
         951     9.65287     9.63154   0.0453841
         952     9.65798     9.63157   0.0453365
         953     9.66166      9.6316   0.0452889
         954     9.66883     9.63164   0.0452415
         955     9.67384     9.63168   0.0451941
         956     9.67952     9.63173   0.0451469
         957     9.68374     9.63179   0.0450997
         958     9.68862     9.63185   0.0450527
         959     9.69275     9.63191   0.0450058
         960     9.69613     9.63198   0.0449589
         961     9.70016     9.63205   0.0449122
         962     9.70554     9.63212   0.0448656
         963     9.70946      9.6322   0.0448191
         964     9.71614     9.63229   0.0447726
         965     9.72064     9.63238   0.0447263
         966     9.72439     9.63248   0.0446801
         967     9.72667     9.63257    0.044634
         968     9.72889     9.63267    0.044588
         969     9.73104     9.63278   0.0445422
         970     9.73526     9.63288   0.0444964
         971     9.73801     9.63299   0.0444507
         972      9.7407      9.6331   0.0444051
         973     9.74404     9.63321   0.0443596
         974     9.74732     9.63333   0.0443142
         975     9.74984     9.63345   0.0442689
         976     9.75231     9.63357   0.0442237
         977     9.75472      9.6337   0.0441786
         978     9.75849     9.63382   0.0441336
         979     9.76149     9.63395   0.0440887
         980     9.76515     9.63409    0.044044
         981     9.76734     9.63422   0.0439993
         982     9.77018     9.63436   0.0439547
         983     9.77297      9.6345   0.0439102
         984      9.7764     9.63465   0.0438658
         985     9.78049      9.6348   0.0438215
         986     9.78381     9.63495   0.0437773
         987     9.78707      9.6351   0.0437333
         988     9.78957     9.63526   0.0436893
         989     9.79271     9.63542   0.0436454
         990     9.79508     9.63558   0.0436016
         991     9.79739     9.63574   0.0435579
         992     9.80104     9.63591   0.0435143
         993     9.80322     9.63608   0.0434708
         994     9.80603     9.63625   0.0434274
         995     9.80948     9.63642   0.0433841
         996     9.81143      9.6366   0.0433409
         997     9.81331     9.63677   0.0432978
         998      9.8151     9.63695   0.0432548
         999     9.81611     9.63713   0.0432119
        1000     9.81843     9.63731    0.043169
        1001     9.81855      9.6375   0.0431263
        1002     9.82139     9.63768   0.0430836
        1003     9.82202     9.63786   0.0430411
        1004     9.82396     9.63805   0.0429986
        1005     9.82578     9.63823   0.0429562
        1006     9.82609     9.63842   0.0429139
        1007     9.82627     9.63861   0.0428717
        1008     9.82704     9.63879   0.0428296
        1009     9.82768     9.63898   0.0427876
        1010     9.82889     9.63917   0.0427456
        1011     9.83138     9.63936   0.0427038
        1012     9.83232     9.63955    0.042662
        1013      9.8324     9.63974   0.0426203
        1014     9.83303     9.63993   0.0425787
        1015      9.8321     9.64012   0.0425372
        1016     9.83101     9.64031   0.0424957
        1017     9.83045      9.6405   0.0424543
        1018     9.82972     9.64068    0.042413
        1019     9.82669     9.64086   0.0423718
        1020      9.8256     9.64105   0.0423307
        1021     9.82361     9.64122   0.0422896
        1022     9.82144      9.6414   0.0422486
        1023     9.81837     9.64157   0.0422076
        1024     9.81651     9.64174   0.0421667
        1025     9.81446     9.64191   0.0421259
        1026     9.81219     9.64208   0.0420852
        1027     9.81043     9.64224   0.0420446
        1028     9.80776      9.6424    0.042004
        1029     9.80347     9.64256   0.0419634
        1030     9.80039     9.64271    0.041923
        1031     9.79639     9.64286   0.0418826
        1032      9.7929     9.64301   0.0418422
        1033     9.79062     9.64315    0.041802
        1034     9.78672     9.64329   0.0417618
        1035     9.78334     9.64343   0.0417217
        1036     9.77836     9.64356   0.0416816
        1037     9.77389     9.64368   0.0416416
        1038     9.76784      9.6438   0.0416016
        1039     9.76231     9.64391   0.0415618
        1040     9.75662     9.64402   0.0415219
        1041     9.75007     9.64412   0.0414822
        1042     9.74548     9.64422   0.0414425
        1043     9.73934     9.64431   0.0414028
        1044     9.73308      9.6444   0.0413633
        1045     9.72811     9.64448   0.0413238
        1046     9.72091     9.64455   0.0412843
        1047     9.71433     9.64462   0.0412449
        1048     9.70696     9.64468   0.0412056
        1049     9.70094     9.64473   0.0411664
        1050     9.69346     9.64478   0.0411272
        1051     9.68593     9.64482   0.0410881
        1052      9.6805     9.64485   0.0410491
        1053     9.67365     9.64488   0.0410101
        1054      9.6661      9.6449   0.0409712
        1055     9.66211     9.64491   0.0409323
        1056     9.65674     9.64493   0.0408936
        1057     9.65072     9.64493   0.0408549
        1058     9.64619     9.64493   0.0408163
        1059     9.63962     9.64493   0.0407777
        1060     9.63527     9.64492   0.0407393
        1061     9.62963      9.6449   0.0407009
        1062     9.62412     9.64488   0.0406626
        1063     9.61876     9.64486   0.0406243
        1064     9.61356     9.64483   0.0405861
        1065     9.60995      9.6448    0.040548
        1066     9.60512     9.64476     0.04051
        1067     9.60049     9.64472   0.0404721
        1068     9.59749     9.64467   0.0404342
        1069     9.59331     9.64463   0.0403964
        1070     9.58867     9.64457   0.0403587
        1071     9.58287     9.64452    0.040321
        1072     9.57804     9.64445   0.0402835
        1073      9.5749     9.64439    0.040246
        1074     9.57345     9.64432   0.0402086
        1075       9.573     9.64426   0.0401712
        1076     9.57215     9.64419   0.0401339
        1077      9.5702     9.64412   0.0400967
        1078     9.56927     9.64405   0.0400596
        1079     9.56584     9.64398   0.0400225
        1080     9.56557     9.64391   0.0399856
        1081     9.56422     9.64383   0.0399486
        1082     9.56321     9.64376   0.0399118
        1083     9.56326     9.64368    0.039875
        1084     9.56364     9.64361   0.0398383
        1085     9.56579     9.64354   0.0398016
        1086     9.56689     9.64347    0.039765
        1087     9.56763      9.6434   0.0397285
        1088     9.56873     9.64333   0.0396921
        1089     9.57018     9.64326   0.0396557
        1090     9.57411      9.6432   0.0396193
        1091     9.57697     9.64314   0.0395831
        1092      9.5802     9.64308   0.0395469
        1093     9.58377     9.64303   0.0395107
        1094      9.5884     9.64298   0.0394746
        1095     9.59267     9.64293   0.0394386
        1096     9.59798     9.64289   0.0394026
        1097     9.60151     9.64285   0.0393667
        1098     9.60608     9.64282   0.0393309
        1099     9.61308     9.64279   0.0392951
        1100     9.61687     9.64277   0.0392594
        1101     9.62238     9.64275   0.0392238
        1102      9.6289     9.64274   0.0391882
        1103     9.63429     9.64273   0.0391526
        1104     9.64068     9.64273   0.0391172
        1105     9.64875     9.64273   0.0390818
        1106      9.6578     9.64275   0.0390464
        1107     9.66709     9.64277   0.0390112
        1108     9.67592      9.6428    0.038976
        1109     9.68356     9.64284   0.0389409
        1110     9.69283     9.64288   0.0389058
        1111     9.70301     9.64293   0.0388708
        1112     9.71055       9.643   0.0388359
        1113     9.71897     9.64306   0.0388011
        1114     9.72825     9.64314   0.0387663
        1115     9.73767     9.64322   0.0387316
        1116     9.74792     9.64332   0.0386971
        1117     9.75758     9.64342   0.0386625
        1118     9.76803     9.64353   0.0386281
        1119     9.77786     9.64365   0.0385938
        1120     9.78845     9.64378   0.0385595
        1121     9.79767     9.64392   0.0385254
        1122     9.80761     9.64406   0.0384913
        1123     9.81686     9.64422   0.0384574
        1124     9.82679     9.64438   0.0384235
        1125     9.83669     9.64455   0.0383897
        1126     9.84582     9.64473    0.038356
        1127     9.85418     9.64492   0.0383225
        1128     9.86526     9.64511    0.038289
        1129     9.87623     9.64532   0.0382556
        1130     9.88565     9.64553   0.0382224
        1131     9.89633     9.64575   0.0381892
        1132     9.90471     9.64598   0.0381562
        1133     9.91431     9.64622   0.0381232
        1134     9.92369     9.64646   0.0380904
        1135     9.93143     9.64671   0.0380576
        1136     9.93962     9.64697    0.038025
        1137     9.94754     9.64723   0.0379925
        1138     9.95375      9.6475   0.0379601
        1139     9.95964     9.64778   0.0379277
        1140     9.96662     9.64806   0.0378955
        1141     9.97326     9.64834   0.0378633
        1142     9.97812     9.64863   0.0378313
        1143     9.98401     9.64893   0.0377993
        1144      9.9888     9.64922   0.0377675
        1145     9.99458     9.64952   0.0377357
        1146     10.0007     9.64983    0.037704
        1147     10.0042     9.65014   0.0376724
        1148     10.0072     9.65045   0.0376409
        1149     10.0098     9.65076   0.0376094
        1150     10.0119     9.65108    0.037578
        1151     10.0142     9.65139   0.0375467
        1152     10.0168     9.65171   0.0375154
        1153     10.0181     9.65203   0.0374842
        1154      10.021     9.65235   0.0374531
        1155     10.0198     9.65267    0.037422
        1156     10.0196     9.65298    0.037391
        1157     10.0188      9.6533     0.03736
        1158     10.0182     9.65361   0.0373291
        1159     10.0156     9.65393   0.0372982
        1160     10.0139     9.65424   0.0372673
        1161     10.0102     9.65454   0.0372365
        1162     10.0067     9.65485   0.0372057
        1163     10.0033     9.65515   0.0371749
        1164     9.99872     9.65544   0.0371441
        1165     9.99358     9.65573   0.0371134
        1166      9.9872     9.65602   0.0370826
        1167       9.981     9.65629   0.0370519
        1168     9.97427     9.65657   0.0370212
        1169     9.96491     9.65683   0.0369905
        1170     9.95787     9.65709   0.0369597
        1171     9.94679     9.65733    0.036929
        1172     9.93876     9.65757   0.0368983
        1173     9.93025     9.65781   0.0368675
        1174     9.92057     9.65803   0.0368368
        1175     9.91044     9.65825   0.0368061
        1176     9.89986     9.65845   0.0367754
        1177     9.88957     9.65865   0.0367447
        1178     9.87674     9.65883   0.0367139
        1179     9.86565     9.65901   0.0366832
        1180     9.85347     9.65917   0.0366525
        1181     9.84093     9.65933   0.0366218
        1182     9.82876     9.65947   0.0365911
        1183     9.81556      9.6596   0.0365604
        1184     9.80064     9.65972   0.0365297
        1185     9.78614     9.65983    0.036499
        1186     9.77279     9.65992   0.0364684
        1187     9.75778     9.66001   0.0364377
        1188     9.74466     9.66008   0.0364071
        1189     9.73133     9.66014   0.0363766
        1190      9.7164     9.66018    0.036346
        1191     9.70202     9.66022   0.0363155
        1192     9.68749     9.66024   0.0362851
        1193     9.67214     9.66025   0.0362547
        1194     9.65598     9.66025   0.0362243
        1195     9.63974     9.66023    0.036194
        1196     9.62415      9.6602   0.0361637
        1197     9.60853     9.66016   0.0361336
        1198     9.59218      9.6601   0.0361034
        1199     9.57584     9.66003   0.0360734
        1200     9.55952     9.65995   0.0360434
        1201     9.54396     9.65985   0.0360136
        1202     9.52917     9.65974   0.0359838
        1203     9.51235     9.65962   0.0359541
        1204     9.49635     9.65948   0.0359244
        1205     9.48329     9.65934   0.0358949
        1206     9.46827     9.65918   0.0358655
        1207     9.45411     9.65901   0.0358362
        1208     9.43943     9.65883    0.035807
        1209     9.42495     9.65863   0.0357779
        1210     9.40999     9.65843   0.0357489
        1211     9.39668     9.65821   0.0357201
        1212     9.38221     9.65798   0.0356913
        1213     9.36942     9.65775   0.0356627
        1214     9.35621      9.6575   0.0356342
        1215     9.34331     9.65724   0.0356058
        1216     9.33071     9.65697   0.0355775
        1217     9.31845     9.65669   0.0355494
        1218     9.30653     9.65641   0.0355213
        1219     9.29566     9.65611   0.0354934
        1220     9.28446     9.65581   0.0354656
        1221     9.27222     9.65549    0.035438
        1222     9.26248     9.65517   0.0354105
        1223     9.25173     9.65484    0.035383
        1224     9.24067      9.6545   0.0353557
        1225     9.23073     9.65416   0.0353286
        1226     9.22121      9.6538   0.0353015
        1227     9.21212     9.65344   0.0352746
        1228     9.20415     9.65308   0.0352478
        1229     9.19733     9.65271    0.035221
        1230     9.19093     9.65233   0.0351944
        1231     9.18355     9.65195   0.0351679
        1232     9.17732     9.65156   0.0351414
        1233     9.17151     9.65117   0.0351151
        1234     9.16615     9.65078   0.0350888
        1235     9.16122     9.65039   0.0350627
        1236     9.15531     9.64998   0.0350366
        1237     9.14911     9.64958   0.0350106
        1238     9.14545     9.64917   0.0349847
        1239      9.1415     9.64876   0.0349588
        1240     9.13867     9.64835   0.0349331
        1241     9.13623     9.64794   0.0349074
        1242     9.13348     9.64752   0.0348817
        1243      9.1304     9.64711   0.0348561
        1244      9.1291     9.64669   0.0348306
        1245     9.12816     9.64628   0.0348051
        1246     9.12615     9.64586   0.0347797
        1247     9.12659     9.64544   0.0347543
        1248     9.12594     9.64503   0.0347289
        1249     9.12629     9.64461   0.0347036
        1250     9.12552     9.64419   0.0346783
        1251     9.12643     9.64378   0.0346531
        1252     9.12407     9.64337   0.0346279
        1253     9.12617     9.64295   0.0346027
        1254     9.12638     9.64254   0.0345776
        1255      9.1289     9.64213   0.0345524
        1256     9.12949     9.64172   0.0345273
        1257     9.13095     9.64132   0.0345023
        1258     9.13185     9.64091   0.0344772
        1259       9.135     9.64051   0.0344522
        1260     9.13825     9.64011   0.0344271
        1261     9.13948     9.63971   0.0344021
        1262     9.14077     9.63932   0.0343771
        1263     9.14282     9.63893   0.0343522
        1264     9.14772     9.63854   0.0343272
        1265     9.15052     9.63815   0.0343022
        1266      9.1519     9.63777   0.0342773
        1267     9.15325     9.63739   0.0342523
        1268     9.15739     9.63701   0.0342274
        1269     9.16076     9.63663   0.0342025
        1270     9.16405     9.63626   0.0341776
        1271     9.16583     9.63589   0.0341527
        1272     9.16963     9.63552   0.0341278
        1273      9.1719     9.63516    0.034103
        1274      9.1719      9.6348   0.0340781
        1275     9.17176     9.63443   0.0340533
        1276     9.17639     9.63407   0.0340286
        1277     9.17942     9.63372   0.0340038
        1278     9.18014     9.63336    0.033979
        1279     9.18208     9.63301   0.0339543
        1280      9.1845     9.63266   0.0339296
        1281     9.18599     9.63231   0.0339049
        1282     9.18583     9.63196   0.0338802
        1283     9.18754     9.63162   0.0338556
        1284      9.1876     9.63127    0.033831
        1285     9.18669     9.63092   0.0338064
        1286     9.18834     9.63058   0.0337819
        1287     9.18831     9.63024   0.0337574
        1288     9.18801     9.62989   0.0337329
        1289     9.18602     9.62955   0.0337085
        1290     9.18446      9.6292   0.0336841
        1291     9.18122     9.62886   0.0336598
        1292      9.1791     9.62851   0.0336356
        1293     9.17671     9.62816   0.0336114
        1294     9.17404     9.62781   0.0335872
        1295      9.1704     9.62745   0.0335632
        1296     9.16648      9.6271   0.0335391
        1297      9.1616     9.62674   0.0335152
        1298     9.15786     9.62638   0.0334913
        1299      9.1574     9.62602   0.0334675
        1300     9.15599     9.62566   0.0334437
        1301      9.1508     9.62529     0.03342
        1302     9.14539     9.62492   0.0333964
        1303     9.14046     9.62455   0.0333728
        1304     9.13533     9.62418   0.0333493
        1305     9.13072      9.6238   0.0333259
        1306     9.12733     9.62342   0.0333025
        1307     9.12165     9.62303   0.0332793
        1308     9.11582     9.62265   0.0332561
        1309     9.10986     9.62225    0.033233
        1310     9.10235     9.62186     0.03321
        1311     9.09403     9.62145   0.0331871
        1312     9.08844     9.62105   0.0331643
        1313     9.08278     9.62064   0.0331416
        1314     9.07635     9.62022   0.0331189
        1315     9.06988     9.61981   0.0330964
        1316      9.0641     9.61938   0.0330739
        1317     9.05762     9.61896   0.0330516
        1318     9.05326     9.61853   0.0330293
        1319     9.04611     9.61809   0.0330071
        1320     9.04043     9.61766    0.032985
        1321     9.03552     9.61721    0.032963
        1322     9.02929     9.61677    0.032941
        1323     9.02176     9.61632   0.0329192
        1324     9.01435     9.61587   0.0328975
        1325      9.0085     9.61541   0.0328758
        1326     9.00281     9.61495   0.0328543
        1327      8.9973     9.61448   0.0328328
        1328     8.99129     9.61401   0.0328115
        1329     8.98831     9.61354   0.0327902
        1330     8.98343     9.61307   0.0327689
        1331     8.97881     9.61259   0.0327478
        1332     8.97445     9.61211   0.0327267
        1333     8.97036     9.61163   0.0327057
        1334     8.96869     9.61115   0.0326847
        1335     8.96519     9.61066   0.0326638
        1336     8.96272     9.61018    0.032643
        1337     8.96057     9.60969   0.0326222
        1338     8.95736      9.6092   0.0326014
        1339     8.95521     9.60872   0.0325807
        1340     8.95483     9.60823   0.0325601
        1341     8.95411     9.60774   0.0325394
        1342     8.95307     9.60725   0.0325189
        1343      8.9503     9.60676   0.0324983
        1344     8.95005     9.60628   0.0324778
        1345      8.9509     9.60579   0.0324573
        1346     8.95146      9.6053   0.0324369
        1347     8.95314     9.60482   0.0324164
        1348     8.95454     9.60434   0.0323959
        1349     8.95566     9.60385   0.0323755
        1350     8.95791     9.60338    0.032355
        1351     8.95989      9.6029   0.0323346
        1352      8.9623     9.60243   0.0323141
        1353     8.96514     9.60195   0.0322937
        1354     8.96983     9.60149   0.0322732
        1355     8.97497     9.60103   0.0322527
        1356     8.98054     9.60057   0.0322322
        1357     8.98513     9.60011   0.0322116
        1358     8.99087     9.59967    0.032191
        1359     8.99634     9.59922   0.0321704
        1360     9.00223     9.59878   0.0321497
        1361     9.00927     9.59835    0.032129
        1362     9.01743     9.59792   0.0321083
        1363      9.0253      9.5975   0.0320875
        1364     9.03288     9.59709   0.0320666
        1365     9.04087     9.59668   0.0320457
        1366     9.04927     9.59628   0.0320247
        1367     9.05807     9.59589   0.0320037
        1368     9.06796      9.5955   0.0319827
        1369     9.07824     9.59512   0.0319615
        1370     9.08819     9.59475   0.0319404
        1371     9.09923     9.59439   0.0319191
        1372     9.11063     9.59404   0.0318978
        1373     9.12308      9.5937   0.0318764
        1374     9.13589     9.59336   0.0318549
        1375     9.14834     9.59304   0.0318334
        1376     9.16182     9.59273   0.0318118
        1377     9.17633     9.59242   0.0317902
        1378     9.18974     9.59213   0.0317684
        1379     9.20345     9.59185   0.0317466
        1380     9.21675     9.59158   0.0317248
        1381     9.23104     9.59132   0.0317029
        1382     9.24561     9.59107   0.0316809
        1383     9.26184     9.59083   0.0316589
        1384     9.27692      9.5906   0.0316369
        1385     9.29082     9.59039   0.0316148
        1386     9.30566     9.59018   0.0315926
        1387     9.32142     9.58999   0.0315704
        1388     9.33597      9.5898   0.0315482
        1389     9.35496     9.58963    0.031526
        1390     9.37202     9.58948   0.0315037
        1391     9.38783     9.58933   0.0314814
        1392     9.40381      9.5892    0.031459
        1393     9.42135     9.58908   0.0314367
        1394     9.43833     9.58897   0.0314143
        1395     9.45684     9.58888   0.0313919
        1396     9.47406     9.58879   0.0313696
        1397     9.49279     9.58872   0.0313472
        1398      9.5109     9.58867   0.0313248
        1399     9.52839     9.58863   0.0313024
        1400     9.54453     9.58859   0.0312801
        1401     9.56285     9.58858   0.0312578
        1402     9.58051     9.58857   0.0312355
        1403      9.5989     9.58858   0.0312132
        1404     9.61802      9.5886    0.031191
        1405     9.63503     9.58863   0.0311688
        1406     9.65345     9.58868   0.0311467
        1407     9.67115     9.58874   0.0311246
        1408     9.68883     9.58881   0.0311026
        1409     9.70717     9.58889   0.0310806
        1410     9.72476     9.58899   0.0310587
        1411     9.74299      9.5891   0.0310369
        1412     9.75974     9.58922   0.0310152
        1413     9.77782     9.58935   0.0309935
        1414     9.79509      9.5895   0.0309719
        1415     9.81296     9.58965   0.0309504
        1416     9.83001     9.58982    0.030929
        1417     9.84834     9.59001   0.0309077
        1418     9.86441      9.5902   0.0308866
        1419     9.88103     9.59041   0.0308655
        1420     9.89819     9.59062   0.0308445
        1421     9.91588     9.59085   0.0308236
        1422     9.93267     9.59109   0.0308029
        1423     9.94856     9.59134   0.0307823
        1424     9.96494     9.59161   0.0307618
        1425     9.98039     9.59188   0.0307414
        1426     9.99632     9.59216   0.0307211
        1427      10.012     9.59246    0.030701
        1428     10.0267     9.59276    0.030681
        1429     10.0412     9.59307   0.0306612
        1430     10.0561      9.5934   0.0306414
        1431     10.0714     9.59373   0.0306218
        1432     10.0857     9.59407   0.0306024
        1433     10.0982     9.59443   0.0305831
        1434     10.1119     9.59479   0.0305639
        1435     10.1238     9.59516   0.0305448
        1436     10.1347     9.59553   0.0305258
        1437     10.1473     9.59592    0.030507
        1438     10.1582     9.59631   0.0304883
        1439     10.1694     9.59671   0.0304697
        1440     10.1802     9.59711   0.0304512
        1441     10.1907     9.59752   0.0304329
        1442        10.2     9.59794   0.0304147
        1443     10.2096     9.59836   0.0303965
        1444     10.2182     9.59879   0.0303785
        1445     10.2277     9.59923   0.0303606
        1446     10.2353     9.59967   0.0303428
        1447     10.2447     9.60011   0.0303251
        1448     10.2521     9.60056   0.0303075
        1449     10.2571     9.60102     0.03029
        1450     10.2622     9.60147   0.0302725
        1451     10.2691     9.60193   0.0302551
        1452     10.2733      9.6024   0.0302378
        1453     10.2792     9.60286   0.0302206
        1454     10.2846     9.60333   0.0302035
        1455     10.2888      9.6038   0.0301864
        1456     10.2926     9.60427   0.0301694
        1457     10.2959     9.60475   0.0301524
        1458     10.2994     9.60523   0.0301355
        1459     10.3017      9.6057   0.0301186
        1460     10.3021     9.60618   0.0301017
        1461     10.3034     9.60666   0.0300849
        1462     10.3043     9.60713   0.0300681
        1463     10.3054     9.60761   0.0300514
        1464     10.3046     9.60809   0.0300346
        1465      10.304     9.60856   0.0300179
        1466     10.3029     9.60904   0.0300011
        1467     10.3014     9.60951   0.0299844
        1468     10.2994     9.60998   0.0299676
        1469      10.297     9.61045   0.0299509
        1470     10.2941     9.61091   0.0299341
        1471       10.29     9.61137   0.0299173
        1472     10.2855     9.61183   0.0299005
        1473     10.2813     9.61229   0.0298837
        1474     10.2766     9.61274   0.0298668
        1475     10.2702     9.61318   0.0298499
        1476     10.2633     9.61362   0.0298329
        1477     10.2574     9.61406   0.0298159
        1478     10.2518     9.61449   0.0297988
        1479     10.2458     9.61492   0.0297817
        1480     10.2395     9.61534   0.0297646
        1481     10.2321     9.61576   0.0297474
        1482     10.2222     9.61616   0.0297302
        1483     10.2141     9.61657   0.0297129
        1484     10.2063     9.61696   0.0296955
        1485     10.1976     9.61736   0.0296781
        1486     10.1885     9.61774   0.0296606
        1487     10.1784     9.61812    0.029643
        1488     10.1694     9.61849   0.0296254
        1489     10.1587     9.61885   0.0296078
        1490     10.1491     9.61921     0.02959
        1491     10.1386     9.61955   0.0295722
        1492     10.1279      9.6199   0.0295544
        1493     10.1176     9.62023   0.0295364
        1494     10.1056     9.62055   0.0295185
        1495     10.0928     9.62087   0.0295004
        1496     10.0818     9.62118   0.0294823
        1497     10.0706     9.62148   0.0294641
        1498     10.0585     9.62177   0.0294459
        1499     10.0456     9.62205   0.0294276
        1500     10.0338     9.62233   0.0294093
        1501     10.0219     9.62259   0.0293909
        1502     10.0078     9.62285   0.0293724
        1503     9.99489      9.6231   0.0293539
        1504     9.98185     9.62334   0.0293354
        1505     9.96939     9.62357   0.0293168
        1506     9.95469     9.62379   0.0292982
        1507     9.94271       9.624   0.0292795
        1508     9.92921      9.6242   0.0292608
        1509     9.91704     9.62439    0.029242
        1510     9.90407     9.62458   0.0292232
        1511     9.88749     9.62475   0.0292044
        1512     9.87368     9.62492   0.0291856
        1513      9.8591     9.62507   0.0291667
        1514     9.84447     9.62522   0.0291478
        1515     9.83121     9.62535   0.0291289
        1516     9.81651     9.62548   0.0291099
        1517     9.80321      9.6256    0.029091
        1518     9.78848      9.6257    0.029072
        1519     9.77516      9.6258    0.029053
        1520     9.76044     9.62589   0.0290341
        1521     9.74645     9.62597   0.0290151
        1522      9.7339     9.62604   0.0289961
        1523     9.72067      9.6261   0.0289771
        1524      9.7082     9.62616   0.0289582
        1525     9.69368      9.6262   0.0289392
        1526     9.68063     9.62624   0.0289203
        1527     9.66838     9.62626   0.0289013
        1528      9.6548     9.62628   0.0288824
        1529     9.64132     9.62629   0.0288635
        1530     9.62726     9.62629   0.0288447
        1531     9.61402     9.62629   0.0288258
        1532     9.60093     9.62627    0.028807
        1533     9.58869     9.62624   0.0287882
        1534     9.57449     9.62621   0.0287695
        1535     9.56257     9.62617   0.0287508
        1536     9.55084     9.62612   0.0287321
        1537     9.53931     9.62606   0.0287135
        1538     9.52868       9.626   0.0286949
        1539     9.51686     9.62593   0.0286763
        1540     9.50526     9.62585   0.0286578
        1541      9.4939     9.62577   0.0286393
        1542     9.48279     9.62567   0.0286209
        1543     9.47335     9.62557   0.0286025
        1544     9.46276     9.62547   0.0285842
        1545     9.45316     9.62536   0.0285659
        1546     9.44384     9.62524   0.0285477
        1547     9.43553     9.62512   0.0285295
        1548      9.4261     9.62499   0.0285114
        1549     9.41699     9.62485   0.0284933
        1550     9.40891     9.62471   0.0284752
        1551     9.40046     9.62457   0.0284572
        1552     9.39234     9.62442   0.0284393
        1553     9.38386     9.62427   0.0284214
        1554     9.37644     9.62411   0.0284036
        1555     9.36937     9.62394   0.0283858
        1556     9.36267     9.62377    0.028368
        1557     9.35704      9.6236   0.0283503
        1558     9.35179     9.62343   0.0283326
        1559     9.34622     9.62325    0.028315
        1560     9.33962     9.62307   0.0282975
        1561     9.33694     9.62289   0.0282799
        1562     9.33112      9.6227   0.0282624
        1563     9.32711     9.62251    0.028245
        1564     9.32279     9.62232   0.0282276
        1565     9.32028     9.62213   0.0282102
        1566     9.31747     9.62193   0.0281929
        1567     9.31436     9.62173   0.0281756
        1568     9.31235     9.62154   0.0281583
        1569     9.31075     9.62134    0.028141
        1570     9.31025     9.62114   0.0281238
        1571     9.30946     9.62094   0.0281066
        1572     9.30907     9.62074   0.0280894
        1573     9.30907     9.62055   0.0280723
        1574     9.31018     9.62035   0.0280551
        1575     9.30957     9.62015    0.028038
        1576     9.30934     9.61995   0.0280209
        1577      9.3095     9.61976   0.0280038
        1578     9.31216     9.61956   0.0279868
        1579      9.3145     9.61937   0.0279697
        1580     9.31651     9.61918   0.0279527
        1581      9.3196     9.61899   0.0279356
        1582     9.32305      9.6188   0.0279186
        1583     9.32756     9.61862   0.0279016
        1584     9.33102     9.61844   0.0278845
        1585      9.3327     9.61826   0.0278675
        1586     9.33542     9.61808   0.0278505
        1587     9.34059      9.6179   0.0278335
        1588     9.34678     9.61773   0.0278165
        1589     9.35189     9.61756   0.0277995
        1590     9.35588      9.6174   0.0277825
        1591     9.36158     9.61724   0.0277655
        1592     9.36757     9.61708   0.0277485
        1593     9.37736     9.61693   0.0277315
        1594     9.38248     9.61678   0.0277145
        1595     9.39067     9.61664   0.0276975
        1596      9.3977     9.61651   0.0276805
        1597     9.40567     9.61637   0.0276635
        1598     9.41527     9.61625   0.0276464
        1599     9.42297     9.61613   0.0276294
        1600     9.43157     9.61601   0.0276124
        1601     9.44037      9.6159   0.0275954
        1602     9.44863      9.6158   0.0275783
        1603     9.45635      9.6157   0.0275613
        1604     9.46564      9.6156   0.0275443
        1605     9.47507     9.61552   0.0275273
        1606     9.48391     9.61543   0.0275102
        1607     9.49358     9.61536   0.0274932
        1608     9.50334     9.61529   0.0274762
        1609     9.51319     9.61523   0.0274592
        1610     9.52241     9.61517   0.0274422
        1611      9.5338     9.61512   0.0274252
        1612     9.54241     9.61507   0.0274082
        1613     9.55317     9.61503   0.0273913
        1614     9.56324       9.615   0.0273743
        1615      9.5719     9.61498   0.0273574
        1616     9.58055     9.61495   0.0273405
        1617       9.592     9.61494   0.0273236
        1618     9.60129     9.61493   0.0273067
        1619     9.61265     9.61493   0.0272898
        1620     9.62254     9.61493    0.027273
        1621     9.63306     9.61495   0.0272561
        1622     9.64278     9.61496   0.0272393
        1623     9.65382     9.61499   0.0272226
        1624     9.66334     9.61502   0.0272058
        1625     9.67202     9.61505   0.0271891
        1626     9.68198     9.61509   0.0271724
        1627     9.69038     9.61514   0.0271558
        1628     9.70003     9.61519   0.0271391
        1629     9.70739     9.61525   0.0271225
        1630     9.71527     9.61531    0.027106
        1631     9.72295     9.61538   0.0270894
        1632     9.72972     9.61545   0.0270729
        1633     9.73769     9.61552   0.0270564
        1634     9.74472      9.6156     0.02704
        1635     9.75221     9.61568   0.0270236
        1636     9.75946     9.61577   0.0270072
        1637     9.76645     9.61586   0.0269909
        1638     9.77387     9.61596   0.0269746
        1639     9.78172     9.61606   0.0269583
        1640     9.78645     9.61616   0.0269421
        1641      9.7923     9.61627   0.0269259
        1642     9.79784     9.61638   0.0269097
        1643     9.80307      9.6165   0.0268935
        1644     9.80939     9.61661   0.0268774
        1645     9.81396     9.61673   0.0268614
        1646      9.8182     9.61686   0.0268453
        1647     9.82351     9.61698   0.0268293
        1648     9.82706     9.61711   0.0268133
        1649     9.83095     9.61724   0.0267974
        1650     9.83378     9.61737   0.0267815
        1651     9.83625      9.6175   0.0267656
        1652     9.83834     9.61764   0.0267497
        1653     9.83865     9.61777   0.0267339
        1654     9.83859      9.6179    0.026718
        1655     9.83956     9.61804   0.0267022
        1656     9.84015     9.61817   0.0266864
        1657     9.83966      9.6183   0.0266707
        1658     9.84019     9.61844   0.0266549
        1659     9.83824     9.61857   0.0266392
        1660     9.83519      9.6187   0.0266235
        1661     9.83388     9.61883   0.0266077
        1662      9.8322     9.61896    0.026592
        1663     9.82875     9.61909   0.0265764
        1664     9.82633     9.61921   0.0265607
        1665     9.82356     9.61933    0.026545
        1666     9.81972     9.61945   0.0265293
        1667     9.81695     9.61957   0.0265137
        1668     9.81384     9.61969   0.0264981
        1669     9.80899      9.6198   0.0264824
        1670     9.80382     9.61991   0.0264668
        1671     9.80115     9.62002   0.0264512
        1672     9.79535     9.62012   0.0264356
        1673     9.78997     9.62023     0.02642
        1674     9.78431     9.62032   0.0264044
        1675     9.77909     9.62042   0.0263888
        1676      9.7729     9.62051   0.0263732
        1677     9.76435      9.6206   0.0263576
        1678     9.75769     9.62068    0.026342
        1679     9.75081     9.62076   0.0263264
        1680     9.74374     9.62083   0.0263109
        1681     9.73648      9.6209   0.0262953
        1682     9.72905     9.62096   0.0262797
        1683     9.72077     9.62102   0.0262642
        1684     9.71376     9.62108   0.0262487
        1685     9.70592     9.62113   0.0262331
        1686     9.69798     9.62117   0.0262176
        1687     9.69065     9.62121   0.0262021
        1688     9.68184     9.62125   0.0261866
        1689     9.67369     9.62128   0.0261711
        1690      9.6662     9.62131   0.0261556
        1691     9.65656     9.62133   0.0261402
        1692     9.64904     9.62134   0.0261247
        1693     9.64012     9.62135   0.0261093
        1694     9.63121     9.62136   0.0260939
        1695     9.62305     9.62136   0.0260785
        1696     9.61354     9.62136   0.0260631
        1697      9.6062     9.62135   0.0260478
        1698     9.59966     9.62134   0.0260324
        1699     9.59251     9.62132   0.0260171
        1700     9.58475      9.6213   0.0260018
        1701     9.57712     9.62127   0.0259865
        1702     9.57034     9.62124   0.0259713
        1703     9.56298     9.62121   0.0259561
        1704     9.55579     9.62117   0.0259409
        1705     9.54876     9.62113   0.0259257
        1706     9.54473     9.62108   0.0259105
        1707     9.53876     9.62103   0.0258954
        1708     9.53228     9.62098   0.0258803
        1709     9.52742     9.62093   0.0258652
        1710     9.52205     9.62087   0.0258501
        1711     9.51618     9.62081   0.0258351
        1712     9.50983     9.62074   0.0258201
        1713     9.50441     9.62067   0.0258051
        1714     9.49993      9.6206   0.0257902
        1715     9.49426     9.62053   0.0257752
        1716     9.48953     9.62045   0.0257603
        1717     9.48786     9.62038   0.0257454
        1718      9.4836      9.6203   0.0257306
        1719     9.48028     9.62022   0.0257157
        1720     9.47579     9.62013   0.0257009
        1721     9.47154     9.62005   0.0256861
        1722     9.46963     9.61996   0.0256714
        1723     9.46726     9.61987   0.0256566
        1724     9.46441     9.61978   0.0256419
        1725     9.46037     9.61969   0.0256272
        1726     9.45867     9.61959   0.0256125
        1727     9.45578      9.6195   0.0255978
        1728      9.4531      9.6194   0.0255832
        1729     9.45134     9.61931   0.0255686
        1730     9.45049     9.61921    0.025554
        1731     9.44913     9.61911   0.0255394
        1732     9.44867     9.61901   0.0255249
        1733     9.44839     9.61891   0.0255103
        1734     9.44828     9.61881   0.0254958
        1735     9.44764     9.61872   0.0254813
        1736     9.44858     9.61862   0.0254668
        1737     9.44897     9.61852   0.0254524
        1738      9.4495     9.61842   0.0254379
        1739     9.44946     9.61833   0.0254235
        1740     9.44956     9.61823    0.025409
        1741     9.44837     9.61813   0.0253946
        1742     9.44729     9.61803   0.0253802
        1743     9.44844     9.61794   0.0253659
        1744     9.44898     9.61784   0.0253515
        1745     9.45033     9.61774   0.0253371
        1746     9.45105     9.61765   0.0253228
        1747     9.45326     9.61755   0.0253085
        1748     9.45412     9.61746   0.0252942
        1749     9.45505     9.61737   0.0252799
        1750     9.45745     9.61728   0.0252656
        1751      9.4599     9.61719   0.0252514
        1752     9.46169      9.6171   0.0252371
        1753      9.4621     9.61701   0.0252229
        1754     9.46465     9.61692   0.0252086
        1755     9.46794     9.61684   0.0251944
        1756     9.46913     9.61675   0.0251802
        1757     9.47104     9.61667    0.025166
        1758     9.47226     9.61659   0.0251518
        1759     9.47207      9.6165   0.0251377
        1760     9.47329     9.61642   0.0251235
        1761     9.47452     9.61634   0.0251094
        1762     9.47574     9.61626   0.0250952
        1763     9.47554     9.61618   0.0250811
        1764     9.47675      9.6161    0.025067
        1765     9.47724     9.61603    0.025053
        1766       9.477     9.61595   0.0250389
        1767     9.47746     9.61587   0.0250249
        1768      9.4786     9.61579   0.0250108
        1769     9.47902     9.61571   0.0249968
        1770     9.47942     9.61564   0.0249828
        1771      9.4798     9.61556   0.0249688
        1772     9.48016     9.61548   0.0249548
        1773     9.47908     9.61541   0.0249409
        1774      9.4801     9.61533   0.0249269
        1775     9.48111     9.61525    0.024913
        1776     9.48138     9.61518   0.0248991
        1777     9.48164      9.6151   0.0248852
        1778     9.48329     9.61503   0.0248713
        1779     9.48422     9.61496   0.0248574
        1780     9.48442     9.61488   0.0248436
        1781     9.48461     9.61481   0.0248297
        1782      9.4869     9.61474   0.0248159
        1783     9.48777     9.61467   0.0248021
        1784     9.48792      9.6146   0.0247883
        1785     9.48876     9.61453   0.0247745
        1786     9.48959     9.61446   0.0247607
        1787     9.49113     9.61439    0.024747
        1788     9.49195     9.61432   0.0247332
        1789     9.49135     9.61425   0.0247195
        1790     9.49286     9.61418   0.0247058
        1791     9.49438     9.61411   0.0246921
        1792     9.49518     9.61405   0.0246784
        1793     9.49387     9.61398   0.0246647
        1794     9.49539     9.61392   0.0246511
        1795     9.49549     9.61385   0.0246374
        1796     9.49561     9.61378   0.0246238
        1797     9.49573     9.61372   0.0246102
        1798     9.49727     9.61365   0.0245966
        1799     9.49883     9.61359    0.024583
        1800      9.5011     9.61353   0.0245694
        1801     9.50197     9.61346   0.0245558
        1802     9.50215      9.6134   0.0245423
        1803     9.50236     9.61334   0.0245287
        1804     9.50329     9.61328   0.0245152
        1805     9.50494     9.61322   0.0245017
        1806     9.50592     9.61316   0.0244882
        1807     9.50692      9.6131   0.0244747
        1808     9.51007     9.61304   0.0244613
        1809     9.51183     9.61299   0.0244478
        1810     9.51222     9.61293   0.0244344
        1811     9.51334     9.61288   0.0244209
        1812     9.51521     9.61282   0.0244075
        1813     9.51571     9.61277   0.0243941
        1814     9.51624     9.61272   0.0243807
        1815     9.51682     9.61266   0.0243673
        1816     9.51886     9.61261    0.024354
        1817     9.52025     9.61256   0.0243406
        1818     9.51886     9.61251   0.0243273
        1819     9.51964     9.61246    0.024314
        1820     9.52118     9.61241   0.0243007
        1821     9.52349     9.61236   0.0242874
        1822     9.52445     9.61231   0.0242741
        1823     9.52759     9.61227   0.0242608
        1824     9.52727     9.61222   0.0242476
        1825     9.52914     9.61217   0.0242343
        1826     9.53179     9.61213   0.0242211
        1827     9.53311     9.61209   0.0242079
        1828      9.5338     9.61204   0.0241947
        1829     9.53528       9.612   0.0241815
        1830     9.53755     9.61196   0.0241683
        1831     9.53921     9.61192   0.0241551
        1832     9.54378     9.61188    0.024142
        1833     9.54563     9.61185   0.0241288
        1834      9.5504     9.61181   0.0241157
        1835     9.55174     9.61178   0.0241026
        1836     9.55389     9.61175   0.0240895
        1837     9.55686     9.61172   0.0240764
        1838     9.55994     9.61169   0.0240633
        1839     9.56313     9.61167   0.0240502
        1840     9.56572     9.61164   0.0240372
        1841     9.57056     9.61162   0.0240241
        1842     9.57269      9.6116   0.0240111
        1843     9.57918     9.61158   0.0239981
        1844     9.58297     9.61156   0.0239851
        1845     9.58901     9.61155   0.0239721
        1846     9.59306     9.61154   0.0239591
        1847     9.59795     9.61153   0.0239461
        1848     9.60367     9.61153   0.0239331
        1849     9.60741     9.61153   0.0239202
        1850     9.61128     9.61153   0.0239073
        1851     9.61741     9.61153   0.0238944
        1852     9.62226     9.61154   0.0238815
        1853     9.62796     9.61155   0.0238686
        1854     9.63379     9.61156   0.0238557
        1855     9.63905     9.61157   0.0238428
        1856     9.64444     9.61159     0.02383
        1857     9.65068     9.61161   0.0238172
        1858     9.65846     9.61164   0.0238044
        1859     9.66354     9.61166   0.0237916
        1860     9.66876      9.6117   0.0237788
        1861     9.67622     9.61173   0.0237661
        1862     9.68452     9.61177   0.0237533
        1863     9.69011     9.61181   0.0237406
        1864     9.69653     9.61186   0.0237279
        1865     9.70306     9.61191   0.0237153
        1866     9.70971     9.61196   0.0237026
        1867     9.71646     9.61201     0.02369
        1868      9.7219     9.61207   0.0236774
        1869     9.72956     9.61214   0.0236648
        1870     9.73731      9.6122   0.0236522
        1871     9.74373     9.61227   0.0236397
        1872     9.75023     9.61235   0.0236272
        1873      9.7575     9.61242   0.0236147
        1874     9.76483     9.61251   0.0236022
        1875     9.77222     9.61259   0.0235898
        1876     9.77966     9.61268   0.0235774
        1877     9.78785     9.61277    0.023565
        1878     9.79535     9.61287   0.0235527
        1879     9.80288     9.61297   0.0235403
        1880     9.80971     9.61308    0.023528
        1881     9.81724     9.61318   0.0235158
        1882     9.82547      9.6133   0.0235036
        1883     9.83367     9.61341   0.0234914
        1884     9.84043     9.61353   0.0234792
        1885     9.84784     9.61366   0.0234671
        1886      9.8552     9.61379    0.023455
        1887     9.86178     9.61392   0.0234429
        1888     9.86757     9.61405   0.0234309
        1889     9.87468     9.61419   0.0234189
        1890     9.88097     9.61433   0.0234069
        1891     9.88715     9.61448    0.023395
        1892      9.8939     9.61462   0.0233831
        1893      9.8998     9.61477   0.0233712
        1894     9.90906     9.61493   0.0233594
        1895     9.91463     9.61509   0.0233476
        1896      9.9193     9.61525   0.0233359
        1897     9.92307     9.61541   0.0233241
        1898     9.92804     9.61558   0.0233124
        1899     9.93208     9.61574   0.0233007
        1900     9.93801     9.61591   0.0232891
        1901     9.94157     9.61608   0.0232775
        1902     9.94487     9.61626   0.0232659
        1903     9.95002     9.61643   0.0232543
        1904      9.9549     9.61661   0.0232428
        1905     9.95878     9.61679   0.0232313
        1906     9.96237     9.61697   0.0232198
        1907     9.96565     9.61715   0.0232083
        1908     9.96932     9.61734   0.0231969
        1909     9.97268     9.61752   0.0231855
        1910     9.97499     9.61771   0.0231741
        1911     9.97767      9.6179   0.0231627
        1912     9.98072     9.61809   0.0231514
        1913     9.98341     9.61828   0.0231401
        1914     9.98576     9.61847   0.0231288
        1915     9.98634     9.61866   0.0231175
        1916     9.98728     9.61886   0.0231063
        1917     9.98786     9.61905    0.023095
        1918     9.98738     9.61924   0.0230838
        1919     9.98583     9.61943   0.0230725
        1920     9.98535     9.61962   0.0230613
        1921      9.9845     9.61981   0.0230501
        1922     9.98261        9.62   0.0230389
        1923     9.97966     9.62019   0.0230276
        1924     9.97495     9.62037   0.0230164
        1925     9.97131     9.62055   0.0230052
        1926     9.96875     9.62074   0.0229939
        1927     9.96445     9.62091   0.0229827
        1928     9.96125     9.62109   0.0229714
        1929     9.95703     9.62126   0.0229602
        1930     9.95109     9.62144   0.0229489
        1931     9.94557      9.6216   0.0229377
        1932     9.94118     9.62177   0.0229264
        1933     9.93652     9.62193   0.0229151
        1934     9.93161     9.62209   0.0229038
        1935     9.92504     9.62225   0.0228925
        1936     9.91823      9.6224   0.0228812
        1937      9.9112     9.62255   0.0228699
        1938     9.90538      9.6227   0.0228585
        1939     9.89866     9.62284   0.0228472
        1940     9.89177     9.62298   0.0228358
        1941     9.88472     9.62311   0.0228245
        1942     9.87822     9.62324   0.0228131
        1943     9.87089     9.62337   0.0228017
        1944     9.86345     9.62349   0.0227903
        1945     9.85662     9.62361   0.0227789
        1946       9.849     9.62373   0.0227675
        1947     9.84061     9.62384   0.0227561
        1948     9.83288     9.62395   0.0227447
        1949     9.82583     9.62405   0.0227332
        1950     9.81806     9.62415   0.0227218
        1951      9.8117     9.62425   0.0227103
        1952     9.80465     9.62434   0.0226989
        1953     9.79765     9.62443   0.0226874
        1954     9.78928     9.62451    0.022676
        1955      9.7817     9.62459   0.0226645
        1956     9.77419     9.62467   0.0226531
        1957     9.76679     9.62474   0.0226416
        1958     9.75951     9.62481   0.0226302
        1959     9.75307     9.62488   0.0226187
        1960     9.74607     9.62494   0.0226072
        1961     9.73781       9.625   0.0225958
        1962     9.73044     9.62505   0.0225843
        1963     9.72466      9.6251   0.0225729
        1964     9.71837     9.62515   0.0225614
        1965     9.71087     9.62519     0.02255
        1966       9.705     9.62523   0.0225386
        1967     9.69795     9.62527   0.0225271
        1968     9.69325      9.6253   0.0225157
        1969     9.68808     9.62534   0.0225043
        1970     9.68388     9.62537   0.0224929
        1971     9.67851     9.62539   0.0224815
        1972     9.67341     9.62542   0.0224701
        1973     9.66997     9.62544   0.0224587
        1974     9.66681     9.62546   0.0224474
        1975     9.66391     9.62548    0.022436
        1976     9.65986      9.6255   0.0224247
        1977     9.65679     9.62551   0.0224133
        1978     9.65539     9.62553    0.022402
        1979     9.65354     9.62554   0.0223907
        1980     9.65054     9.62556   0.0223794
        1981     9.64779     9.62557   0.0223681
        1982     9.64528     9.62558   0.0223568
        1983     9.64371     9.62559   0.0223455
        1984     9.64449      9.6256   0.0223343
        1985     9.64195      9.6256    0.022323
        1986     9.64103     9.62561   0.0223118
        1987     9.63959     9.62562   0.0223006
        1988     9.63975     9.62563   0.0222893
        1989     9.63937     9.62563   0.0222781
        1990     9.64055     9.62564   0.0222669
        1991     9.64046     9.62565   0.0222558
        1992      9.6412     9.62566   0.0222446
        1993     9.64133     9.62566   0.0222334
        1994     9.64156     9.62567   0.0222223
        1995     9.64186     9.62568   0.0222111
        1996     9.64151     9.62569      0.0222
        1997      9.6426      9.6257   0.0221889
        1998     9.64301      9.6257   0.0221778
        1999       9.642     9.62571   0.0221667
        2000     9.64239     9.62572   0.0221556
