           1    -7.85023    -7.85023           0
           2    -7.84956     -7.8499 0.000236262
           3    -7.84845    -7.84942 0.000424104
           4     -7.8469    -7.84879 0.000631693
           5     -7.8449    -7.84801 0.000859943
           6    -7.84246    -7.84708  0.00110779
           7    -7.83957    -7.84601  0.00137402
           8    -7.83625    -7.84479   0.0016575
           9    -7.83217    -7.84339  0.00197973
          10    -7.82797    -7.84185  0.00230522
          11    -7.82334    -7.84016  0.00263933
          12    -7.81697    -7.83823  0.00304578
          13    -7.81083    -7.83612  0.00346499
          14     -7.8036     -7.8338  0.00391943
          15    -7.79563    -7.83126  0.00440737
          16    -7.78627    -7.82844  0.00494827
          17    -7.77648    -7.82539  0.00552122
          18    -7.76627     -7.8221  0.00611377
          19    -7.75661    -7.81866  0.00669349
          20    -7.74556      -7.815  0.00728856
          21    -7.73313     -7.8111   0.0079159
          22    -7.72125    -7.80702  0.00854507
          23     -7.7083    -7.80273  0.00918841
          24    -7.69624    -7.79829  0.00981854
          25    -7.68409    -7.79372   0.0104345
          26    -7.67152    -7.78902    0.011041
          27    -7.65757    -7.78415   0.0116561
          28    -7.64387    -7.77914   0.0122694
          29     -7.6304    -7.77401   0.0128738
          30    -7.61653    -7.76876   0.0134725
          31    -7.60064    -7.76334   0.0140872
          32    -7.58597     -7.7578    0.014697
          33    -7.57124    -7.75214   0.0153004
          34    -7.55643    -7.74639   0.0158964
          35    -7.54123    -7.74053   0.0164875
          36    -7.52597    -7.73457   0.0170727
          37    -7.50969    -7.72849     0.01766
          38    -7.49271    -7.72228   0.0182528
          39    -7.47439    -7.71593    0.018859
          40    -7.45668    -7.70945   0.0194694
          41    -7.43861    -7.70284    0.020084
          42    -7.42052    -7.69612   0.0207001
          43    -7.40208    -7.68928   0.0213183
          44    -7.38395    -7.68234   0.0219342
          45    -7.36517    -7.67529   0.0225508
          46    -7.34542    -7.66812   0.0231727
          47    -7.32568    -7.66084   0.0237976
          48    -7.30629    -7.65345   0.0244212
          49    -7.28563    -7.64594     0.02505
          50    -7.26598    -7.63834   0.0256758
          51    -7.24443    -7.63062   0.0263084
          52    -7.22295    -7.62278   0.0269453
          53    -7.20252    -7.61485    0.027579
          54    -7.18152    -7.60683   0.0282116
          55    -7.15997     -7.5987   0.0288449
          56     -7.1382    -7.59048   0.0294786
          57    -7.11591    -7.58215   0.0301142
          58    -7.09376    -7.57373   0.0307498
          59    -7.07144    -7.56522    0.031385
          60    -7.04831     -7.5566   0.0320225
          61    -7.02634    -7.54791   0.0326561
          62    -7.00425    -7.53914   0.0332859
          63    -6.98172    -7.53029   0.0339131
          64    -6.95845    -7.52136   0.0345402
          65    -6.93511    -7.51234   0.0351667
          66    -6.91204    -7.50324   0.0357908
          67    -6.88828    -7.49407   0.0364145
          68    -6.86516    -7.48482   0.0370349
          69    -6.84236    -7.47551   0.0376504
          70    -6.81957    -7.46614   0.0382608
          71    -6.79651     -7.4567    0.038867
          72    -6.77383    -7.44722   0.0394674
          73    -6.75025    -7.43767   0.0400649
          74    -6.72775    -7.42808   0.0406559
          75    -6.70569    -7.41845   0.0412389
          76    -6.68378    -7.40878   0.0418139
          77    -6.66202    -7.39908   0.0423807
          78    -6.64012    -7.38935   0.0429398
          79    -6.61908     -7.3796   0.0434892
          80    -6.59793    -7.36983   0.0440295
          81    -6.57702    -7.36004   0.0445605
          82    -6.55606    -7.35024   0.0450829
          83    -6.53537    -7.34042   0.0455962
          84    -6.51531     -7.3306   0.0460993
          85    -6.49525    -7.32077   0.0465927
          86    -6.47552    -7.31094   0.0470761
          87    -6.45648    -7.30112   0.0475485
          88    -6.43781    -7.29131   0.0480096
          89    -6.41952    -7.28151   0.0484591
          90    -6.40165    -7.27174   0.0488969
          91    -6.38419    -7.26198   0.0493227
          92    -6.36685    -7.25226    0.049737
          93    -6.34996    -7.24255   0.0501395
          94    -6.33385    -7.23289   0.0505295
          95    -6.31725    -7.22325   0.0509085
          96    -6.30179    -7.21365   0.0512751
          97    -6.28714     -7.2041   0.0516285
          98      -6.273     -7.1946   0.0519685
          99    -6.25938    -7.18515   0.0522951
         100     -6.2466    -7.17576   0.0526076
         101     -6.2337    -7.16644   0.0529072
         102    -6.22167    -7.15717   0.0531931
         103    -6.21017    -7.14798   0.0534653
         104    -6.19954    -7.13886   0.0537234
         105    -6.18913    -7.12982   0.0539678
         106    -6.17927    -7.12085   0.0541986
         107    -6.16963    -7.11196   0.0544162
         108    -6.16086    -7.10315   0.0546203
         109    -6.15264    -7.09443   0.0548109
         110    -6.14464     -7.0858   0.0549885
         111    -6.13751    -7.07725   0.0551528
         112    -6.13124    -7.06881   0.0553034
         113    -6.12485    -7.06045   0.0554413
         114    -6.11899     -7.0522   0.0555666
         115    -6.11398    -7.04404   0.0556791
         116     -6.1098    -7.03598   0.0557786
         117    -6.10581    -7.02803   0.0558655
         118    -6.10232    -7.02019   0.0559402
         119    -6.09932    -7.01245   0.0560028
         120    -6.09712    -7.00482   0.0560531
         121    -6.09475     -6.9973   0.0560922
         122    -6.09316    -6.98989   0.0561199
         123    -6.09169    -6.98259   0.0561367
         124    -6.09099     -6.9754   0.0561426
         125    -6.09104    -6.96832   0.0561375
         126    -6.09117    -6.96136   0.0561219
         127    -6.09204    -6.95452   0.0560959
         128    -6.09296    -6.94778     0.05606
         129    -6.09395    -6.94117   0.0560148
         130    -6.09561    -6.93466   0.0559603
         131    -6.09763    -6.92827   0.0558967
         132    -6.10031      -6.922   0.0558241
         133    -6.10364    -6.91585   0.0557424
         134    -6.10662    -6.90981   0.0556526
         135    -6.10958    -6.90388   0.0555551
         136    -6.11315    -6.89807     0.05545
         137    -6.11699    -6.89236   0.0553376
         138    -6.12076    -6.88677   0.0552184
         139     -6.1251    -6.88129   0.0550923
         140    -6.12966    -6.87592   0.0549598
         141    -6.13412    -6.87066   0.0548212
         142    -6.13879    -6.86551   0.0546769
         143    -6.14397    -6.86046   0.0545269
         144    -6.14901    -6.85552   0.0543716
         145    -6.15453    -6.85069   0.0542111
         146    -6.15957    -6.84596   0.0540461
         147    -6.16572    -6.84133   0.0538762
         148    -6.17135     -6.8368    0.053702
         149    -6.17743    -6.83238   0.0535236
         150    -6.18265    -6.82804   0.0533417
         151    -6.18926    -6.82381    0.053156
         152    -6.19595    -6.81968   0.0529665
         153    -6.20208    -6.81565   0.0527739
         154    -6.20861     -6.8117   0.0525782
         155    -6.21551    -6.80786   0.0523795
         156    -6.22246    -6.80411    0.052178
         157    -6.22913    -6.80044    0.051974
         158    -6.23584    -6.79687   0.0517678
         159    -6.24256    -6.79338   0.0515594
         160    -6.24963    -6.78999   0.0513491
         161    -6.25638    -6.78667    0.051137
         162    -6.26314    -6.78344   0.0509233
         163    -6.27021    -6.78029   0.0507082
         164    -6.27694    -6.77722   0.0504918
         165    -6.28365    -6.77423   0.0502743
         166    -6.29034    -6.77132   0.0500559
         167    -6.29668    -6.76847   0.0498368
         168    -6.30395    -6.76571   0.0496168
         169    -6.31021    -6.76301   0.0493963
         170    -6.31674    -6.76039   0.0491755
         171    -6.32258    -6.75783   0.0489545
         172      -6.329    -6.75533   0.0487333
         173    -6.33537    -6.75291    0.048512
         174    -6.34232    -6.75055   0.0482906
         175    -6.34855    -6.74825   0.0480693
         176    -6.35471    -6.74601   0.0478481
         177    -6.36112    -6.74384   0.0476272
         178     -6.3668    -6.74172   0.0474067
         179    -6.37273    -6.73966   0.0471866
         180    -6.37857    -6.73765   0.0469671
         181      -6.384     -6.7357   0.0467482
         182    -6.38966     -6.7338     0.04653
         183    -6.39522    -6.73195   0.0463125
         184    -6.40134    -6.73015   0.0460957
         185    -6.40704     -6.7284   0.0458796
         186    -6.41167     -6.7267   0.0456645
         187    -6.41749    -6.72505   0.0454503
         188    -6.42288    -6.72344   0.0452369
         189    -6.42752    -6.72188   0.0450246
         190     -6.4327    -6.72035   0.0448134
         191     -6.4368    -6.71887   0.0446033
         192    -6.44176    -6.71743   0.0443944
         193    -6.44628    -6.71602   0.0441866
         194    -6.45069    -6.71465     0.04398
         195     -6.4553    -6.71332   0.0437745
         196     -6.4598    -6.71203   0.0435703
         197    -6.46385    -6.71077   0.0433674
         198    -6.46745    -6.70954   0.0431657
         199    -6.47159    -6.70835   0.0429654
         200    -6.47527    -6.70718   0.0427664
         201    -6.47883    -6.70604   0.0425687
         202    -6.48226    -6.70494   0.0423724
         203    -6.48524    -6.70385   0.0421774
         204    -6.48874     -6.7028   0.0419839
         205    -6.49211    -6.70177   0.0417916
         206    -6.49503    -6.70077   0.0416008
         207    -6.49717    -6.69978   0.0414115
         208    -6.49982    -6.69882   0.0412235
         209    -6.50331    -6.69789   0.0410369
         210     -6.5057    -6.69697   0.0408517
         211    -6.50796    -6.69608   0.0406679
         212     -6.5104     -6.6952   0.0404855
         213    -6.51239    -6.69434   0.0403045
         214    -6.51456     -6.6935    0.040125
         215    -6.51627    -6.69268   0.0399468
         216    -6.51785    -6.69187   0.0397701
         217    -6.51865    -6.69107   0.0395948
         218    -6.51963    -6.69028    0.039421
         219    -6.52113    -6.68951   0.0392485
         220    -6.52153    -6.68875   0.0390776
         221    -6.52147    -6.68799   0.0389081
         222    -6.52225    -6.68724     0.03874
         223    -6.52258    -6.68651   0.0385733
         224    -6.52278    -6.68578    0.038408
         225     -6.5235    -6.68505   0.0382441
         226    -6.52378    -6.68434   0.0380815
         227    -6.52392    -6.68363   0.0379203
         228    -6.52363    -6.68293   0.0377605
         229    -6.52321    -6.68223    0.037602
         230    -6.52332    -6.68154   0.0374449
         231      -6.523    -6.68086   0.0372891
         232    -6.52224    -6.68017   0.0371346
         233    -6.52235     -6.6795   0.0369814
         234    -6.52203    -6.67882   0.0368295
         235    -6.52096    -6.67815   0.0366789
         236    -6.52044    -6.67748   0.0365296
         237    -6.51885    -6.67681   0.0363816
         238    -6.51718    -6.67614   0.0362349
         239    -6.51607    -6.67547   0.0360895
         240    -6.51456     -6.6748   0.0359453
         241    -6.51297    -6.67413   0.0358024
         242    -6.51163    -6.67346   0.0356608
         243    -6.50991    -6.67279   0.0355204
         244    -6.50844    -6.67211   0.0353812
         245    -6.50628    -6.67144   0.0352433
         246    -6.50471    -6.67076   0.0351065
         247    -6.50374    -6.67008   0.0349709
         248    -6.50274    -6.66941   0.0348364
         249    -6.50105    -6.66873    0.034703
         250    -6.49934    -6.66805   0.0345709
         251    -6.49792    -6.66738   0.0344398
         252    -6.49617     -6.6667   0.0343098
         253     -6.4944    -6.66602   0.0341809
         254    -6.49263    -6.66533   0.0340532
         255    -6.49118    -6.66465   0.0339265
         256    -6.48908    -6.66396   0.0338009
         257    -6.48765    -6.66328   0.0336763
         258    -6.48656    -6.66259   0.0335528
         259    -6.48484    -6.66191   0.0334302
         260    -6.48314    -6.66122   0.0333087
         261     -6.4818    -6.66053   0.0331882
         262    -6.47953    -6.65984   0.0330687
         263    -6.47794    -6.65915   0.0329502
         264    -6.47705    -6.65846   0.0328326
         265    -6.47589    -6.65777    0.032716
         266    -6.47478    -6.65708   0.0326002
         267    -6.47406     -6.6564   0.0324853
         268    -6.47275    -6.65571   0.0323713
         269    -6.47119    -6.65503   0.0322583
         270    -6.47002    -6.65434   0.0321461
         271     -6.4686    -6.65366   0.0320347
         272     -6.4679    -6.65297   0.0319242
         273    -6.46729    -6.65229   0.0318145
         274    -6.46611    -6.65161   0.0317057
         275    -6.46502    -6.65093   0.0315977
         276    -6.46402    -6.65026   0.0314904
         277    -6.46408    -6.64959   0.0313839
         278    -6.46359    -6.64892   0.0312782
         279    -6.46319    -6.64825   0.0311731
         280    -6.46289    -6.64759   0.0310688
         281    -6.46301    -6.64693   0.0309652
         282    -6.46257    -6.64628   0.0308623
         283    -6.46256    -6.64563   0.0307601
         284    -6.46265    -6.64498   0.0306585
         285    -6.46284    -6.64435   0.0305576
         286    -6.46312    -6.64371   0.0304573
         287    -6.46318    -6.64308   0.0303577
         288    -6.46335    -6.64246   0.0302587
         289    -6.46296    -6.64184   0.0301604
         290    -6.46364    -6.64122   0.0300626
         291    -6.46475    -6.64062   0.0299654
         292     -6.4653    -6.64002   0.0298688
         293    -6.46595    -6.63942   0.0297728
         294    -6.46669    -6.63883   0.0296773
         295    -6.46818    -6.63826   0.0295824
         296    -6.46911    -6.63768   0.0294879
         297    -6.47013    -6.63712    0.029394
         298    -6.47189    -6.63657   0.0293006
         299    -6.47341    -6.63602   0.0292077
         300    -6.47468    -6.63548   0.0291153
         301    -6.47669    -6.63495   0.0290234
         302    -6.47877    -6.63444   0.0289319
         303    -6.48126    -6.63393   0.0288408
         304    -6.48317    -6.63344   0.0287502
         305    -6.48515    -6.63295     0.02866
         306    -6.48721    -6.63247   0.0285703
         307    -6.48932    -6.63201   0.0284811
         308    -6.49183    -6.63155   0.0283922
         309    -6.49407    -6.63111   0.0283038
         310    -6.49604    -6.63067   0.0282159
         311     -6.4984    -6.63025   0.0281284
         312    -6.50112    -6.62983   0.0280413
         313     -6.5039    -6.62943   0.0279546
         314     -6.5064    -6.62904   0.0278683
         315    -6.50829    -6.62866   0.0277824
         316    -6.51055    -6.62828    0.027697
         317    -6.51316    -6.62792   0.0276121
         318    -6.51548    -6.62756   0.0275275
         319    -6.51848    -6.62722   0.0274433
         320    -6.52085    -6.62689   0.0273596
         321    -6.52356    -6.62657   0.0272762
         322    -6.52662    -6.62626   0.0271933
         323    -6.52969    -6.62596   0.0271107
         324    -6.53277    -6.62567   0.0270286
         325    -6.53488    -6.62539   0.0269469
         326    -6.53765    -6.62512   0.0268656
         327    -6.54041    -6.62486   0.0267846
         328    -6.54316    -6.62461   0.0267041
         329    -6.54623    -6.62438    0.026624
         330    -6.54897    -6.62415   0.0265443
         331    -6.55233    -6.62393    0.026465
         332      -6.556    -6.62373   0.0263861
         333      -6.559    -6.62353   0.0263076
         334    -6.56164    -6.62335   0.0262295
         335    -6.56458    -6.62317   0.0261518
         336    -6.56716      -6.623   0.0260745
         337    -6.56937    -6.62285   0.0259976
         338    -6.57186    -6.62269   0.0259211
         339    -6.57398    -6.62255    0.025845
         340    -6.57669    -6.62242   0.0257694
         341    -6.57935    -6.62229   0.0256941
         342    -6.58195    -6.62217   0.0256193
         343    -6.58416    -6.62206   0.0255448
         344    -6.58631    -6.62196   0.0254708
         345    -6.58872    -6.62186   0.0253971
         346     -6.5904    -6.62177   0.0253239
         347    -6.59266    -6.62169    0.025251
         348    -6.59484    -6.62161   0.0251786
         349    -6.59694    -6.62154   0.0251065
         350    -6.59798    -6.62147   0.0250349
         351    -6.59926    -6.62141   0.0249637
         352    -6.60078    -6.62135   0.0248928
         353    -6.60319     -6.6213   0.0248223
         354    -6.60421    -6.62125   0.0247523
         355    -6.60546     -6.6212   0.0246826
         356     -6.6063    -6.62116   0.0246133
         357    -6.60705    -6.62112   0.0245444
         358    -6.60836    -6.62109   0.0244758
         359    -6.60957    -6.62106   0.0244077
         360    -6.61037    -6.62103   0.0243399
         361    -6.61141      -6.621   0.0242725
         362    -6.61268    -6.62098   0.0242054
         363     -6.6129    -6.62095   0.0241388
         364    -6.61336    -6.62093   0.0240725
         365    -6.61406    -6.62091   0.0240065
         366    -6.61469     -6.6209   0.0239409
         367    -6.61491    -6.62088   0.0238757
         368    -6.61507    -6.62087   0.0238108
         369    -6.61548    -6.62085   0.0237463
         370    -6.61519    -6.62084   0.0236821
         371    -6.61516    -6.62082   0.0236183
         372    -6.61509     -6.6208   0.0235548
         373    -6.61496    -6.62079   0.0234917
         374    -6.61447    -6.62077   0.0234289
         375     -6.6146    -6.62076   0.0233664
         376    -6.61404    -6.62074   0.0233043
         377     -6.6138    -6.62072   0.0232425
         378    -6.61321     -6.6207    0.023181
         379    -6.61326    -6.62068   0.0231198
         380    -6.61266    -6.62066    0.023059
         381    -6.61207    -6.62064   0.0229985
         382    -6.61149    -6.62061   0.0229383
         383    -6.61126    -6.62059   0.0228784
         384    -6.61072    -6.62056   0.0228188
         385    -6.61055    -6.62054   0.0227596
         386    -6.61009    -6.62051   0.0227006
         387    -6.61001    -6.62048    0.022642
         388    -6.60933    -6.62045   0.0225837
         389    -6.60903    -6.62042   0.0225256
         390    -6.60978     -6.6204   0.0224679
         391    -6.60995    -6.62037   0.0224104
         392    -6.61051    -6.62034   0.0223533
         393    -6.61084    -6.62032   0.0222964
         394    -6.61126     -6.6203   0.0222398
         395    -6.61177    -6.62028   0.0221835
         396    -6.61204    -6.62026   0.0221275
         397    -6.61306    -6.62024   0.0220718
         398    -6.61386    -6.62022   0.0220164
         399    -6.61541    -6.62021   0.0219612
         400    -6.61641     -6.6202   0.0219063
         401    -6.61816    -6.62019   0.0218517
         402    -6.61937    -6.62019   0.0217973
         403    -6.62003    -6.62019   0.0217432
         404    -6.62145    -6.62019   0.0216894
         405    -6.62296     -6.6202   0.0216358
         406     -6.6249    -6.62021   0.0215825
         407    -6.62725    -6.62023   0.0215295
         408    -6.62905    -6.62025   0.0214768
         409    -6.63159    -6.62028   0.0214243
         410    -6.63324    -6.62031    0.021372
         411     -6.6353    -6.62035   0.0213201
         412    -6.63743    -6.62039   0.0212684
         413    -6.63996    -6.62044   0.0212169
         414     -6.6419    -6.62049   0.0211657
         415     -6.6452    -6.62055   0.0211148
         416    -6.64693    -6.62061   0.0210642
         417    -6.64904    -6.62068   0.0210138
         418    -6.65087    -6.62075   0.0209636
         419    -6.65306    -6.62083   0.0209137
         420    -6.65593    -6.62091   0.0208641
         421     -6.6585      -6.621   0.0208147
         422    -6.66109     -6.6211   0.0207656
         423    -6.66337     -6.6212   0.0207168
         424    -6.66501     -6.6213   0.0206682
         425     -6.6673    -6.62141   0.0206198
         426    -6.66926    -6.62152   0.0205717
         427    -6.67187    -6.62164   0.0205239
         428    -6.67414    -6.62176   0.0204763
         429    -6.67736    -6.62189    0.020429
         430    -6.67991    -6.62203   0.0203819
         431    -6.68244    -6.62217   0.0203351
         432    -6.68493    -6.62231   0.0202885
         433    -6.68739    -6.62246   0.0202422
         434    -6.68982    -6.62262   0.0201962
         435    -6.69349    -6.62278   0.0201504
         436    -6.69616    -6.62295   0.0201049
         437    -6.69877    -6.62312   0.0200597
         438    -6.70069     -6.6233   0.0200146
         439    -6.70288    -6.62348   0.0199699
         440    -6.70565    -6.62367   0.0199254
         441    -6.70611    -6.62385   0.0198811
         442    -6.70813    -6.62404    0.019837
         443    -6.70976    -6.62424   0.0197932
         444    -6.71067    -6.62443   0.0197495
         445     -6.7125    -6.62463   0.0197061
         446    -6.71394    -6.62483    0.019663
         447    -6.71531    -6.62503     0.01962
         448    -6.71726    -6.62524   0.0195773
         449    -6.71914    -6.62545   0.0195348
         450    -6.71999    -6.62566   0.0194925
         451    -6.72141    -6.62587   0.0194505
         452    -6.72243    -6.62608   0.0194086
         453    -6.72404     -6.6263    0.019367
         454    -6.72524    -6.62652   0.0193256
         455     -6.7267    -6.62674   0.0192843
         456    -6.72744    -6.62696   0.0192433
         457    -6.72843    -6.62718   0.0192025
         458    -6.72935     -6.6274   0.0191618
         459    -6.72954    -6.62763   0.0191214
         460    -6.72999    -6.62785   0.0190811
         461    -6.73101    -6.62807    0.019041
         462    -6.73228     -6.6283   0.0190012
         463    -6.73348    -6.62853   0.0189615
         464    -6.73397    -6.62875    0.018922
         465     -6.7347    -6.62898   0.0188827
         466    -6.73438    -6.62921   0.0188435
         467    -6.73464    -6.62943   0.0188045
         468    -6.73386    -6.62966   0.0187656
         469    -6.73429    -6.62988    0.018727
         470    -6.73434     -6.6301   0.0186884
         471    -6.73398    -6.63032     0.01865
         472    -6.73388    -6.63054   0.0186118
         473    -6.73371    -6.63076   0.0185738
         474    -6.73476    -6.63098   0.0185359
         475    -6.73445     -6.6312   0.0184981
         476    -6.73407    -6.63141   0.0184605
         477    -6.73329    -6.63163   0.0184231
         478    -6.73245    -6.63184   0.0183857
         479    -6.73186    -6.63205   0.0183485
         480    -6.73153    -6.63225   0.0183115
         481     -6.7308    -6.63246   0.0182745
         482    -6.73099    -6.63266   0.0182378
         483    -6.73014    -6.63286   0.0182011
         484    -6.72922    -6.63306   0.0181646
         485    -6.72824    -6.63326   0.0181282
         486    -6.72753    -6.63345    0.018092
         487    -6.72676    -6.63365   0.0180558
         488    -6.72593    -6.63383   0.0180198
         489    -6.72473    -6.63402   0.0179839
         490    -6.72314     -6.6342   0.0179481
         491    -6.72183    -6.63438   0.0179125
         492    -6.72015    -6.63456   0.0178769
         493    -6.71875    -6.63473   0.0178415
         494    -6.71731    -6.63489   0.0178061
         495    -6.71583    -6.63506   0.0177709
         496    -6.71366    -6.63522   0.0177358
         497    -6.71146    -6.63537   0.0177008
         498    -6.71053    -6.63552   0.0176659
         499    -6.70893    -6.63567   0.0176311
         500    -6.70762    -6.63581   0.0175964
         501    -6.70565    -6.63595   0.0175618
         502    -6.70367    -6.63608   0.0175274
         503    -6.70167    -6.63622    0.017493
         504    -6.70031    -6.63634   0.0174588
         505    -6.69928    -6.63647   0.0174246
         506    -6.69792    -6.63659   0.0173906
         507    -6.69657    -6.63671   0.0173567
         508    -6.69458    -6.63682   0.0173229
         509    -6.69326    -6.63693   0.0172893
         510    -6.69196    -6.63704   0.0172557
         511    -6.69036    -6.63714   0.0172222
         512    -6.68846    -6.63724   0.0171889
         513    -6.68724    -6.63734   0.0171557
         514    -6.68574    -6.63744   0.0171225
         515    -6.68428    -6.63753   0.0170895
         516    -6.68352    -6.63762   0.0170567
         517    -6.68119     -6.6377   0.0170239
         518    -6.67956    -6.63778   0.0169912
         519    -6.67767    -6.63786   0.0169586
         520    -6.67714    -6.63793   0.0169262
         521    -6.67571    -6.63801   0.0168939
         522    -6.67402    -6.63807   0.0168616
         523    -6.67306    -6.63814   0.0168295
         524    -6.67185    -6.63821   0.0167975
         525    -6.67105    -6.63827   0.0167656
         526    -6.67066    -6.63833   0.0167339
         527    -6.66971    -6.63839   0.0167022
         528    -6.66918    -6.63845   0.0166707
         529    -6.66873    -6.63851   0.0166393
         530    -6.66904    -6.63856    0.016608
         531    -6.66847    -6.63862   0.0165768
         532    -6.66864    -6.63868   0.0165458
         533    -6.66827    -6.63873   0.0165148
         534    -6.66866    -6.63879    0.016484
         535    -6.66914    -6.63884   0.0164533
         536    -6.66908     -6.6389   0.0164227
         537    -6.66913    -6.63896   0.0163922
         538    -6.66993    -6.63901   0.0163618
         539    -6.67083    -6.63907   0.0163316
         540    -6.67152    -6.63913   0.0163014
         541    -6.67231    -6.63919   0.0162714
         542    -6.67255    -6.63926   0.0162415
         543    -6.67355    -6.63932   0.0162117
         544    -6.67465    -6.63938    0.016182
         545    -6.67584    -6.63945   0.0161525
         546    -6.67649    -6.63952    0.016123
         547     -6.6782    -6.63959   0.0160937
         548    -6.68001    -6.63966   0.0160645
         549     -6.6819    -6.63974   0.0160355
         550    -6.68324    -6.63982   0.0160065
         551    -6.68531     -6.6399   0.0159777
         552    -6.68746    -6.63999   0.0159489
         553    -6.69001    -6.64008   0.0159204
         554    -6.69264    -6.64017   0.0158919
         555    -6.69405    -6.64027   0.0158636
         556     -6.6965    -6.64037   0.0158354
         557    -6.69869    -6.64048   0.0158073
         558    -6.70191    -6.64059   0.0157793
         559    -6.70421     -6.6407   0.0157515
         560    -6.70657    -6.64082   0.0157238
         561    -6.70963    -6.64094   0.0156963
         562    -6.71208    -6.64107   0.0156689
         563    -6.71522     -6.6412   0.0156416
         564    -6.71775    -6.64133   0.0156144
         565    -6.71999    -6.64147   0.0155874
         566    -6.72193    -6.64162   0.0155605
         567    -6.72487    -6.64176   0.0155338
         568    -6.72782    -6.64191   0.0155072
         569    -6.73112    -6.64207   0.0154807
         570    -6.73346    -6.64223   0.0154544
         571    -6.73581     -6.6424   0.0154282
         572    -6.73817    -6.64256   0.0154021
         573    -6.74085    -6.64273   0.0153762
         574     -6.7432    -6.64291   0.0153504
         575    -6.74555    -6.64309   0.0153247
         576    -6.74854    -6.64327   0.0152992
         577    -6.75119    -6.64346   0.0152739
         578    -6.75383    -6.64365   0.0152486
         579    -6.75547    -6.64384   0.0152235
         580    -6.75839    -6.64404   0.0151985
         581    -6.76129    -6.64424   0.0151737
         582    -6.76416    -6.64445   0.0151491
         583    -6.76636    -6.64466   0.0151245
         584     -6.7682    -6.64487   0.0151001
         585    -6.77066    -6.64508   0.0150758
         586    -6.77308     -6.6453   0.0150517
         587    -6.77643    -6.64552   0.0150277
         588     -6.7791    -6.64575   0.0150038
         589    -6.78237    -6.64598   0.0149802
         590     -6.7843    -6.64622   0.0149566
         591    -6.78652    -6.64646   0.0149332
         592    -6.78804     -6.6467   0.0149099
         593    -6.79049    -6.64694   0.0148867
         594    -6.79127    -6.64718   0.0148636
         595    -6.79297    -6.64743   0.0148407
         596    -6.79527    -6.64767   0.0148178
         597     -6.7972    -6.64792   0.0147951
         598     -6.7994    -6.64818   0.0147726
         599    -6.80154    -6.64843   0.0147501
         600    -6.80266    -6.64869   0.0147278
         601    -6.80373    -6.64895   0.0147055
         602     -6.8054    -6.64921   0.0146834
         603    -6.80669    -6.64947   0.0146614
         604    -6.80825    -6.64973   0.0146394
         605    -6.81008       -6.65   0.0146176
         606    -6.81153    -6.65026    0.014596
         607    -6.81229    -6.65053   0.0145744
         608    -6.81331     -6.6508   0.0145528
         609    -6.81429    -6.65107   0.0145314
         610    -6.81521    -6.65134   0.0145101
         611    -6.81641    -6.65161   0.0144889
         612    -6.81755    -6.65188   0.0144677
         613    -6.82026    -6.65215   0.0144467
         614    -6.82098    -6.65243   0.0144258
         615    -6.82197     -6.6527    0.014405
         616    -6.82323    -6.65298   0.0143843
         617    -6.82445    -6.65326   0.0143636
         618    -6.82594    -6.65354   0.0143431
         619     -6.8277    -6.65382   0.0143227
         620    -6.82844     -6.6541   0.0143024
         621    -6.82881    -6.65438   0.0142821
         622    -6.82978    -6.65466   0.0142619
         623    -6.83004    -6.65494   0.0142418
         624    -6.83059    -6.65523   0.0142218
         625    -6.83108    -6.65551   0.0142018
         626    -6.83152    -6.65579   0.0141819
         627    -6.83192    -6.65607   0.0141621
         628    -6.83259    -6.65635   0.0141423
         629    -6.83256    -6.65663   0.0141226
         630    -6.83313    -6.65691   0.0141029
         631    -6.83333    -6.65719   0.0140834
         632     -6.8338    -6.65747   0.0140639
         633     -6.8339    -6.65775   0.0140444
         634     -6.8333    -6.65803    0.014025
         635    -6.83362     -6.6583   0.0140056
         636    -6.83357    -6.65858   0.0139863
         637    -6.83412    -6.65885   0.0139671
         638    -6.83365    -6.65913   0.0139479
         639    -6.83442     -6.6594   0.0139287
         640    -6.83417    -6.65967   0.0139096
         641     -6.8342    -6.65995   0.0138906
         642    -6.83288    -6.66022   0.0138716
         643     -6.8328    -6.66048   0.0138526
         644    -6.83235    -6.66075   0.0138337
         645    -6.83055    -6.66101   0.0138147
         646       -6.83    -6.66128   0.0137958
         647    -6.82971    -6.66154   0.0137769
         648    -6.82905     -6.6618   0.0137581
         649    -6.82899    -6.66205   0.0137393
         650    -6.82822    -6.66231   0.0137206
         651     -6.8274    -6.66256   0.0137018
         652     -6.8262    -6.66281   0.0136831
         653    -6.82559    -6.66306   0.0136644
         654    -6.82461    -6.66331   0.0136458
         655    -6.82325    -6.66355   0.0136271
         656    -6.82249     -6.6638   0.0136085
         657    -6.82005    -6.66403   0.0135899
         658     -6.8182    -6.66427   0.0135712
         659    -6.81792     -6.6645   0.0135526
         660    -6.81629    -6.66473   0.0135341
         661    -6.81493    -6.66496   0.0135155
         662    -6.81384    -6.66518   0.0134969
         663    -6.81205     -6.6654   0.0134784
         664    -6.81053    -6.66562   0.0134599
         665    -6.80831    -6.66584   0.0134413
         666    -6.80571    -6.66605   0.0134228
         667    -6.80403    -6.66625   0.0134043
         668    -6.80198    -6.66646   0.0133858
         669    -6.80021    -6.66666   0.0133672
         670    -6.79806    -6.66685   0.0133487
         671    -6.79652    -6.66705   0.0133302
         672    -6.79492    -6.66724   0.0133117
         673    -6.79232    -6.66742   0.0132933
         674    -6.78967     -6.6676   0.0132748
         675    -6.78731    -6.66778   0.0132563
         676    -6.78556    -6.66796   0.0132378
         677     -6.7841    -6.66813   0.0132194
         678     -6.7826     -6.6683    0.013201
         679    -6.77978    -6.66846   0.0131826
         680    -6.77757    -6.66862   0.0131641
         681    -6.77566    -6.66878   0.0131457
         682     -6.7734    -6.66893   0.0131274
         683    -6.77112    -6.66908    0.013109
         684     -6.7685    -6.66923   0.0130906
         685    -6.76618    -6.66937   0.0130723
         686    -6.76385    -6.66951    0.013054
         687    -6.76151    -6.66964   0.0130357
         688    -6.75981    -6.66977   0.0130174
         689    -6.75681     -6.6699   0.0129991
         690    -6.75381    -6.67002   0.0129808
         691    -6.75114    -6.67014   0.0129626
         692    -6.74879    -6.67025   0.0129443
         693     -6.7471    -6.67036   0.0129261
         694    -6.74509    -6.67047   0.0129079
         695     -6.7431    -6.67057   0.0128898
         696    -6.74112    -6.67067   0.0128717
         697    -6.73818    -6.67077   0.0128536
         698    -6.73624    -6.67087   0.0128355
         699      -6.734    -6.67096   0.0128175
         700    -6.73178    -6.67104   0.0127994
         701    -6.72959    -6.67113   0.0127815
         702    -6.72743    -6.67121   0.0127635
         703    -6.72498    -6.67128   0.0127456
         704    -6.72256    -6.67136   0.0127277
         705    -6.72049    -6.67143   0.0127098
         706    -6.71813    -6.67149    0.012692
         707    -6.71678    -6.67156   0.0126742
         708    -6.71547    -6.67162   0.0126564
         709    -6.71355    -6.67168   0.0126387
         710    -6.71135    -6.67173    0.012621
         711    -6.70951    -6.67179   0.0126034
         712     -6.7077    -6.67184   0.0125858
         713    -6.70593    -6.67188   0.0125682
         714    -6.70453    -6.67193   0.0125507
         715    -6.70283    -6.67197   0.0125332
         716    -6.70117    -6.67201   0.0125158
         717    -6.69922    -6.67205   0.0124984
         718    -6.69763    -6.67209   0.0124811
         719    -6.69575    -6.67212   0.0124637
         720    -6.69487    -6.67215   0.0124465
         721     -6.6937    -6.67218   0.0124292
         722    -6.69191    -6.67221   0.0124121
         723     -6.6908    -6.67223   0.0123949
         724    -6.68874    -6.67226   0.0123778
         725    -6.68702    -6.67228   0.0123608
         726    -6.68468     -6.6723   0.0123437
         727    -6.68365    -6.67231   0.0123268
         728    -6.68264    -6.67232   0.0123099
         729    -6.68035    -6.67234    0.012293
         730    -6.67904    -6.67235   0.0122761
         731    -6.67774    -6.67235   0.0122593
         732    -6.67645    -6.67236   0.0122426
         733    -6.67516    -6.67236   0.0122259
         734    -6.67387    -6.67236   0.0122092
         735    -6.67226    -6.67236   0.0121926
         736    -6.67097    -6.67236   0.0121761
         737    -6.66999    -6.67236   0.0121595
         738    -6.66901    -6.67235   0.0121431
         739    -6.66737    -6.67235   0.0121266
         740    -6.66605    -6.67234   0.0121103
         741    -6.66406    -6.67233   0.0120939
         742    -6.66271    -6.67231   0.0120776
         743    -6.66166     -6.6723   0.0120614
         744     -6.6593    -6.67228   0.0120452
         745    -6.65789    -6.67226    0.012029
         746    -6.65645    -6.67224   0.0120129
         747    -6.65531    -6.67222   0.0119969
         748    -6.65383     -6.6722   0.0119808
         749    -6.65296    -6.67217   0.0119649
         750    -6.65142    -6.67214    0.011949
         751    -6.65017    -6.67211   0.0119331
         752     -6.6476    -6.67208   0.0119173
         753    -6.64565    -6.67204   0.0119015
         754    -6.64399    -6.67201   0.0118858
         755    -6.64262    -6.67197   0.0118701
         756     -6.6409    -6.67193   0.0118544
         757    -6.63849    -6.67188   0.0118389
         758    -6.63671    -6.67184   0.0118233
         759    -6.63521    -6.67179   0.0118079
         760    -6.63336    -6.67174   0.0117924
         761    -6.63115    -6.67168   0.0117771
         762    -6.62924    -6.67163   0.0117617
         763    -6.62761    -6.67157   0.0117465
         764    -6.62531    -6.67151   0.0117312
         765    -6.62363    -6.67145   0.0117161
         766    -6.62159    -6.67138    0.011701
         767    -6.61952    -6.67132   0.0116859
         768    -6.61711    -6.67125   0.0116709
         769    -6.61531    -6.67117   0.0116559
         770    -6.61284     -6.6711   0.0116411
         771    -6.61067    -6.67102   0.0116262
         772    -6.60848    -6.67094   0.0116114
         773    -6.60627    -6.67085   0.0115967
         774    -6.60404    -6.67077   0.0115821
         775     -6.6018    -6.67068   0.0115675
         776    -6.59922    -6.67059   0.0115529
         777    -6.59727    -6.67049   0.0115384
         778    -6.59467    -6.67039    0.011524
         779    -6.59271    -6.67029   0.0115097
         780    -6.59074    -6.67019   0.0114954
         781    -6.58845    -6.67009   0.0114811
         782    -6.58616    -6.66998   0.0114669
         783    -6.58322    -6.66987   0.0114528
         784    -6.58126    -6.66976   0.0114388
         785    -6.57931    -6.66964   0.0114248
         786    -6.57704    -6.66952   0.0114109
         787    -6.57479     -6.6694    0.011397
         788    -6.57287    -6.66928   0.0113832
         789    -6.57098    -6.66916   0.0113694
         790    -6.56846    -6.66903   0.0113558
         791    -6.56661     -6.6689   0.0113421
         792    -6.56446    -6.66877   0.0113286
         793    -6.56332    -6.66863   0.0113151
         794    -6.56123     -6.6685   0.0113016
         795    -6.55951    -6.66836   0.0112883
         796     -6.5575    -6.66822   0.0112749
         797    -6.55488    -6.66808   0.0112617
         798    -6.55361    -6.66794   0.0112485
         799    -6.55173    -6.66779   0.0112353
         800    -6.54991    -6.66764   0.0112223
         801    -6.54781    -6.66749   0.0112093
         802    -6.54544    -6.66734   0.0111963
         803    -6.54346    -6.66719   0.0111834
         804    -6.54186    -6.66703   0.0111706
         805    -6.54064    -6.66688   0.0111578
         806    -6.53981    -6.66672   0.0111451
         807    -6.53906    -6.66656   0.0111324
         808    -6.53837     -6.6664   0.0111198
         809    -6.53646    -6.66624   0.0111072
         810    -6.53495    -6.66608   0.0110947
         811    -6.53384    -6.66592   0.0110822
         812    -6.53378    -6.66575   0.0110697
         813    -6.53283    -6.66559   0.0110573
         814    -6.53164    -6.66542    0.011045
         815    -6.53086    -6.66526   0.0110326
         816    -6.53017    -6.66509   0.0110204
         817    -6.52924    -6.66493   0.0110081
         818    -6.52905    -6.66476   0.0109959
         819     -6.5296     -6.6646   0.0109837
         820    -6.52927    -6.66443   0.0109716
         821    -6.52904    -6.66427   0.0109594
         822    -6.52923     -6.6641   0.0109473
         823    -6.52919    -6.66394   0.0109353
         824    -6.52924    -6.66377   0.0109232
         825    -6.52907    -6.66361   0.0109112
         826    -6.52899    -6.66345   0.0108992
         827    -6.52966    -6.66329   0.0108872
         828     -6.5301    -6.66313   0.0108753
         829    -6.53161    -6.66297   0.0108633
         830    -6.53225    -6.66281   0.0108514
         831    -6.53331    -6.66265   0.0108394
         832    -6.53381     -6.6625   0.0108275
         833    -6.53474    -6.66235   0.0108156
         834    -6.53641    -6.66219   0.0108037
         835    -6.53753    -6.66205   0.0107918
         836    -6.53906     -6.6619   0.0107799
         837    -6.54036    -6.66175    0.010768
         838    -6.54143    -6.66161   0.0107561
         839    -6.54356    -6.66147   0.0107442
         840    -6.54512    -6.66133   0.0107323
         841     -6.5471    -6.66119   0.0107204
         842    -6.54818    -6.66106   0.0107085
         843    -6.55031    -6.66093   0.0106966
         844    -6.55187     -6.6608   0.0106847
         845    -6.55414    -6.66067   0.0106728
         846    -6.55552    -6.66055   0.0106609
         847    -6.55825    -6.66043    0.010649
         848    -6.56072    -6.66031   0.0106371
         849    -6.56228     -6.6602   0.0106252
         850    -6.56454    -6.66008   0.0106133
         851    -6.56686    -6.65997   0.0106014
         852    -6.56921    -6.65987   0.0105895
         853    -6.57096    -6.65976   0.0105776
         854    -6.57275    -6.65966   0.0105657
         855    -6.57521    -6.65956   0.0105538
         856    -6.57869    -6.65947   0.0105419
         857    -6.58056    -6.65938     0.01053
         858    -6.58278    -6.65929   0.0105181
         859    -6.58534     -6.6592   0.0105062
         860    -6.58791    -6.65912   0.0104943
         861    -6.59016    -6.65904   0.0104824
         862    -6.59274    -6.65896   0.0104705
         863    -6.59467    -6.65889   0.0104587
         864    -6.59756    -6.65881   0.0104468
         865    -6.60012    -6.65875   0.0104349
         866    -6.60299    -6.65868   0.0104231
         867    -6.60551    -6.65862   0.0104112
         868    -6.60834    -6.65856   0.0103994
         869    -6.61082    -6.65851   0.0103876
         870    -6.61359    -6.65846   0.0103758
         871    -6.61633    -6.65841    0.010364
         872    -6.61872    -6.65836   0.0103522
         873    -6.62074    -6.65832   0.0103404
         874     -6.6224    -6.65828   0.0103287
         875    -6.62434    -6.65824   0.0103169
         876    -6.62656     -6.6582   0.0103052
         877    -6.62841    -6.65817   0.0102935
         878    -6.63118    -6.65814   0.0102819
         879    -6.63358    -6.65811   0.0102702
         880    -6.63527    -6.65808   0.0102586
         881    -6.63788    -6.65806   0.0102469
         882    -6.64012    -6.65804   0.0102353
         883    -6.64164    -6.65802   0.0102238
         884    -6.64376    -6.65801   0.0102122
         885    -6.64517    -6.65799   0.0102007
         886    -6.64684    -6.65798   0.0101892
         887    -6.64813    -6.65797   0.0101777
         888    -6.64904    -6.65796   0.0101662
         889     -6.6502    -6.65795   0.0101548
         890    -6.65163    -6.65794   0.0101434
         891    -6.65299    -6.65794    0.010132
         892    -6.65461    -6.65793   0.0101207
         893    -6.65585    -6.65793   0.0101093
         894    -6.65702    -6.65793    0.010098
         895    -6.65813    -6.65793   0.0100867
         896    -6.65853    -6.65793   0.0100755
         897    -6.65984    -6.65793   0.0100643
         898    -6.66012    -6.65794    0.010053
         899    -6.66066    -6.65794   0.0100419
         900    -6.66243    -6.65794   0.0100307
         901    -6.66284    -6.65795   0.0100196
         902    -6.66385    -6.65796   0.0100085
         903    -6.66479    -6.65796  0.00999739
         904    -6.66503    -6.65797  0.00998634
         905    -6.66553    -6.65798   0.0099753
         906     -6.6663    -6.65799   0.0099643
         907    -6.66701      -6.658  0.00995332
         908    -6.66766    -6.65801  0.00994236
         909    -6.66794    -6.65802  0.00993143
         910    -6.66751    -6.65803  0.00992052
         911    -6.66768    -6.65804  0.00990964
         912     -6.6678    -6.65805  0.00989878
         913    -6.66818    -6.65806  0.00988794
         914    -6.66852    -6.65807  0.00987713
         915    -6.66817    -6.65809  0.00986634
         916    -6.66842     -6.6581  0.00985558
         917    -6.66829    -6.65811  0.00984483
         918    -6.66812    -6.65812  0.00983412
         919    -6.66759    -6.65813  0.00982342
         920    -6.66669    -6.65814  0.00981275
         921     -6.6664    -6.65815   0.0098021
         922    -6.66607    -6.65816  0.00979147
         923    -6.66571    -6.65816  0.00978087
         924    -6.66595    -6.65817  0.00977028
         925    -6.66552    -6.65818  0.00975972
         926    -6.66506    -6.65819  0.00974919
         927    -6.66457    -6.65819  0.00973867
         928     -6.6634     -6.6582  0.00972818
         929    -6.66285    -6.65821  0.00971771
         930    -6.66228    -6.65821  0.00970726
         931    -6.66136    -6.65821  0.00969684
         932    -6.66107    -6.65822  0.00968643
         933    -6.66076    -6.65822  0.00967605
         934    -6.66011    -6.65822  0.00966569
         935    -6.65945    -6.65822  0.00965535
         936    -6.65877    -6.65822  0.00964504
         937    -6.65808    -6.65822  0.00963474
         938    -6.65705    -6.65822  0.00962447
         939    -6.65602    -6.65822  0.00961422
         940    -6.65595    -6.65822    0.009604
         941    -6.65556    -6.65821  0.00959379
         942    -6.65419    -6.65821  0.00958361
         943    -6.65346     -6.6582  0.00957344
         944    -6.65241     -6.6582  0.00956331
         945    -6.65201    -6.65819  0.00955319
         946     -6.6516    -6.65818  0.00954309
         947    -6.65121    -6.65818  0.00953302
         948    -6.65017    -6.65817  0.00952297
         949    -6.64913    -6.65816  0.00951294
         950     -6.6481    -6.65815  0.00950293
         951    -6.64773    -6.65814  0.00949294
         952    -6.64672    -6.65813  0.00948298
         953    -6.64637    -6.65811  0.00947303
         954    -6.64441     -6.6581  0.00946312
         955    -6.64343    -6.65808  0.00945322
         956    -6.64213    -6.65807  0.00944335
         957     -6.6415    -6.65805  0.00943349
         958    -6.64055    -6.65803  0.00942366
         959    -6.63993    -6.65801  0.00941386
         960    -6.63965    -6.65799  0.00940407
         961    -6.63906    -6.65797   0.0093943
         962    -6.63783    -6.65795  0.00938456
         963    -6.63726    -6.65793  0.00937484
         964    -6.63541    -6.65791  0.00936515
         965    -6.63454    -6.65788  0.00935547
         966      -6.634    -6.65786  0.00934582
         967    -6.63412    -6.65783  0.00933619
         968    -6.63425    -6.65781  0.00932658
         969    -6.63439    -6.65779  0.00931698
         970    -6.63358    -6.65776  0.00930741
         971    -6.63341    -6.65774  0.00929786
         972    -6.63326    -6.65771  0.00928833
         973    -6.63279    -6.65769  0.00927882
         974    -6.63233    -6.65766  0.00926933
         975     -6.6322    -6.65763  0.00925986
         976    -6.63208    -6.65761  0.00925041
         977    -6.63196    -6.65758  0.00924097
         978    -6.63121    -6.65755  0.00923156
         979    -6.63078    -6.65753  0.00922218
         980    -6.63003     -6.6575  0.00921281
         981    -6.62994    -6.65747  0.00920346
         982    -6.62953    -6.65744  0.00919413
         983    -6.62912    -6.65741  0.00918482
         984    -6.62839    -6.65738  0.00917554
         985    -6.62735    -6.65735  0.00916627
         986    -6.62663    -6.65732  0.00915703
         987    -6.62593    -6.65729  0.00914781
         988    -6.62554    -6.65726   0.0091386
         989    -6.62485    -6.65722  0.00912942
         990    -6.62448    -6.65719  0.00912026
         991    -6.62411    -6.65716  0.00911112
         992    -6.62311    -6.65712    0.009102
         993    -6.62276    -6.65709   0.0090929
         994    -6.62209    -6.65705  0.00908382
         995     -6.6211    -6.65702  0.00907476
         996    -6.62078    -6.65698  0.00906572
         997    -6.62046    -6.65695   0.0090567
         998    -6.62015    -6.65691   0.0090477
         999    -6.62017    -6.65687  0.00903872
        1000    -6.61956    -6.65683  0.00902976
        1001    -6.61993     -6.6568  0.00902081
        1002    -6.61902    -6.65676  0.00901189
        1003     -6.6191    -6.65672  0.00900298
        1004    -6.61854    -6.65668   0.0089941
        1005      -6.618    -6.65665  0.00898523
        1006    -6.61812    -6.65661  0.00897638
        1007    -6.61826    -6.65657  0.00896755
        1008    -6.61809    -6.65653  0.00895873
        1009    -6.61794    -6.65649  0.00894993
        1010    -6.61749    -6.65645  0.00894116
        1011    -6.61642    -6.65641   0.0089324
        1012    -6.61602    -6.65637  0.00892366
        1013    -6.61597    -6.65633  0.00891494
        1014    -6.61562    -6.65629  0.00890624
        1015    -6.61595    -6.65625  0.00889756
        1016     -6.6163    -6.65622  0.00888889
        1017    -6.61636    -6.65618  0.00888023
        1018    -6.61646    -6.65614  0.00887159
        1019    -6.61756     -6.6561  0.00886297
        1020    -6.61772    -6.65606  0.00885436
        1021    -6.61825    -6.65602  0.00884576
        1022    -6.61881    -6.65599  0.00883718
        1023    -6.61973    -6.65595  0.00882862
        1024    -6.62005    -6.65592  0.00882006
        1025     -6.6204    -6.65588  0.00881153
        1026     -6.6208    -6.65585  0.00880301
        1027    -6.62092    -6.65582   0.0087945
        1028    -6.62141    -6.65578  0.00878601
        1029    -6.62258    -6.65575  0.00877753
        1030    -6.62316    -6.65572  0.00876906
        1031     -6.6241    -6.65569  0.00876061
        1032    -6.62476    -6.65566  0.00875218
        1033    -6.62482    -6.65563  0.00874375
        1034    -6.62556     -6.6556  0.00873535
        1035    -6.62603    -6.65557  0.00872695
        1036    -6.62718    -6.65554  0.00871857
        1037    -6.62806    -6.65552   0.0087102
        1038    -6.62962    -6.65549  0.00870185
        1039    -6.63089    -6.65547  0.00869351
        1040    -6.63221    -6.65544  0.00868518
        1041    -6.63388    -6.65542  0.00867686
        1042    -6.63462     -6.6554  0.00866855
        1043    -6.63604    -6.65539  0.00866026
        1044    -6.63749    -6.65537  0.00865198
        1045    -6.63832    -6.65535  0.00864372
        1046    -6.64014    -6.65534  0.00863547
        1047    -6.64167    -6.65532  0.00862723
        1048    -6.64354    -6.65531  0.00861901
        1049    -6.64478     -6.6553  0.00861079
        1050    -6.64668    -6.65529   0.0086026
        1051    -6.64859    -6.65529  0.00859441
        1052    -6.64955    -6.65528  0.00858625
        1053    -6.65115    -6.65528  0.00857809
        1054    -6.65308    -6.65528  0.00856996
        1055    -6.65339    -6.65528  0.00856183
        1056    -6.65435    -6.65527  0.00855372
        1057    -6.65562    -6.65527  0.00854563
        1058    -6.65623    -6.65528  0.00853756
        1059    -6.65779    -6.65528  0.00852949
        1060    -6.65837    -6.65528  0.00852145
        1061    -6.65957    -6.65528  0.00851342
        1062    -6.66075    -6.65529   0.0085054
        1063     -6.6619     -6.6553   0.0084974
        1064    -6.66301     -6.6553  0.00848942
        1065    -6.66345    -6.65531  0.00848145
        1066     -6.6645    -6.65532   0.0084735
        1067     -6.6655    -6.65533  0.00846556
        1068    -6.66581    -6.65534  0.00845764
        1069    -6.66673    -6.65535  0.00844974
        1070    -6.66792    -6.65536  0.00844185
        1071     -6.6697    -6.65537  0.00843398
        1072    -6.67111    -6.65539  0.00842612
        1073    -6.67181     -6.6554  0.00841828
        1074     -6.6718    -6.65542  0.00841046
        1075    -6.67141    -6.65544  0.00840265
        1076    -6.67129    -6.65545  0.00839485
        1077    -6.67174    -6.65546  0.00838707
        1078    -6.67181    -6.65548  0.00837931
        1079     -6.6731     -6.6555  0.00837156
        1080    -6.67303    -6.65551  0.00836382
        1081    -6.67353    -6.65553   0.0083561
        1082    -6.67397    -6.65555  0.00834839
        1083      -6.674    -6.65556   0.0083407
        1084    -6.67397    -6.65558  0.00833303
        1085    -6.67321     -6.6556  0.00832536
        1086    -6.67303    -6.65561  0.00831771
        1087     -6.6731    -6.65563  0.00831007
        1088    -6.67309    -6.65564  0.00830245
        1089      -6.673    -6.65566  0.00829484
        1090    -6.67187    -6.65568  0.00828725
        1091    -6.67131    -6.65569  0.00827966
        1092    -6.67068     -6.6557  0.00827209
        1093    -6.66997    -6.65572  0.00826453
        1094    -6.66886    -6.65573  0.00825699
        1095      -6.668    -6.65574  0.00824946
        1096    -6.66674    -6.65575  0.00824193
        1097    -6.66638    -6.65576  0.00823443
        1098    -6.66563    -6.65577  0.00822693
        1099    -6.66384    -6.65578  0.00821945
        1100     -6.6636    -6.65578  0.00821198
        1101    -6.66265    -6.65579  0.00820452
        1102     -6.6613    -6.65579  0.00819708
        1103    -6.66054     -6.6558  0.00818965
        1104     -6.6594     -6.6558  0.00818223
        1105    -6.65754     -6.6558  0.00817483
        1106    -6.65531     -6.6558  0.00816744
        1107    -6.65302     -6.6558  0.00816006
        1108    -6.65099     -6.6558   0.0081527
        1109    -6.64957    -6.65579  0.00814535
        1110    -6.64745    -6.65578  0.00813801
        1111    -6.64496    -6.65577  0.00813069
        1112    -6.64373    -6.65576  0.00812339
        1113    -6.64213    -6.65575   0.0081161
        1114    -6.64017    -6.65574  0.00810883
        1115    -6.63818    -6.65572  0.00810157
        1116    -6.63583     -6.6557  0.00809433
        1117    -6.63379    -6.65568  0.00808711
        1118     -6.6314    -6.65566   0.0080799
        1119    -6.62931    -6.65564  0.00807271
        1120    -6.62688    -6.65561  0.00806555
        1121    -6.62509    -6.65558   0.0080584
        1122    -6.62297    -6.65556  0.00805127
        1123    -6.62116    -6.65553  0.00804416
        1124    -6.61903    -6.65549  0.00803707
        1125    -6.61691    -6.65546     0.00803
        1126    -6.61512    -6.65542  0.00802294
        1127    -6.61366    -6.65539  0.00801591
        1128    -6.61093    -6.65535   0.0080089
        1129    -6.60822     -6.6553  0.00800192
        1130    -6.60618    -6.65526  0.00799495
        1131    -6.60353    -6.65522  0.00798802
        1132    -6.60188    -6.65517   0.0079811
        1133    -6.59962    -6.65512   0.0079742
        1134    -6.59741    -6.65507  0.00796733
        1135    -6.59589    -6.65502  0.00796049
        1136     -6.5941    -6.65496  0.00795366
        1137    -6.59237    -6.65491  0.00794685
        1138    -6.59134    -6.65485  0.00794007
        1139    -6.59038    -6.65479   0.0079333
        1140    -6.58884    -6.65474  0.00792655
        1141    -6.58737    -6.65468  0.00791982
        1142    -6.58663    -6.65462  0.00791311
        1143    -6.58532    -6.65456  0.00790642
        1144    -6.58441     -6.6545  0.00789975
        1145    -6.58295    -6.65443  0.00789309
        1146    -6.58125    -6.65437  0.00788647
        1147    -6.58061    -6.65431  0.00787985
        1148    -6.58008    -6.65424  0.00787325
        1149    -6.57963    -6.65418  0.00786667
        1150     -6.5793    -6.65411   0.0078601
        1151    -6.57874    -6.65405  0.00785354
        1152    -6.57797    -6.65398    0.007847
        1153    -6.57763    -6.65391  0.00784048
        1154    -6.57642    -6.65385  0.00783397
        1155    -6.57695    -6.65378  0.00782747
        1156    -6.57695    -6.65371  0.00782098
        1157    -6.57706    -6.65365   0.0078145
        1158    -6.57696    -6.65358  0.00780803
        1159    -6.57763    -6.65352  0.00780157
        1160    -6.57776    -6.65345  0.00779512
        1161    -6.57866    -6.65339  0.00778867
        1162    -6.57935    -6.65332  0.00778223
        1163    -6.57983    -6.65326  0.00777579
        1164    -6.58076     -6.6532  0.00776936
        1165     -6.5818    -6.65314  0.00776294
        1166    -6.58328    -6.65308  0.00775651
        1167    -6.58455    -6.65302  0.00775009
        1168    -6.58594    -6.65296  0.00774366
        1169     -6.5884     -6.6529  0.00773724
        1170    -6.58968    -6.65285  0.00773081
        1171    -6.59269     -6.6528  0.00772438
        1172    -6.59418    -6.65275  0.00771795
        1173    -6.59578     -6.6527  0.00771152
        1174     -6.5978    -6.65265   0.0077051
        1175    -6.59991    -6.65261  0.00769867
        1176    -6.60213    -6.65257  0.00769224
        1177    -6.60411    -6.65252  0.00768582
        1178    -6.60715    -6.65249  0.00767939
        1179    -6.60931    -6.65245  0.00767296
        1180    -6.61187    -6.65241  0.00766654
        1181    -6.61451    -6.65238  0.00766011
        1182    -6.61689    -6.65235  0.00765369
        1183    -6.61967    -6.65232  0.00764727
        1184    -6.62316     -6.6523  0.00764085
        1185    -6.62639    -6.65228  0.00763444
        1186    -6.62903    -6.65226  0.00762803
        1187    -6.63237    -6.65224  0.00762162
        1188    -6.63479    -6.65223  0.00761522
        1189    -6.63725    -6.65221  0.00760882
        1190    -6.64039     -6.6522  0.00760243
        1191    -6.64325     -6.6522  0.00759605
        1192    -6.64614    -6.65219  0.00758968
        1193    -6.64938    -6.65219  0.00758332
        1194    -6.65296    -6.65219  0.00757697
        1195    -6.65656    -6.65219  0.00757063
        1196    -6.65985     -6.6522   0.0075643
        1197    -6.66314    -6.65221  0.00755799
        1198    -6.66675    -6.65222  0.00755169
        1199    -6.67037    -6.65224  0.00754541
        1200    -6.67397    -6.65225  0.00753914
        1201    -6.67725    -6.65228  0.00753289
        1202    -6.68018     -6.6523  0.00752666
        1203    -6.68406    -6.65233  0.00752045
        1204    -6.68759    -6.65235  0.00751426
        1205     -6.6898    -6.65239  0.00750809
        1206    -6.69295    -6.65242  0.00750194
        1207    -6.69574    -6.65246  0.00749581
        1208    -6.69881    -6.65249   0.0074897
        1209    -6.70183    -6.65253  0.00748362
        1210    -6.70513    -6.65258  0.00747756
        1211    -6.70772    -6.65262  0.00747153
        1212    -6.71091    -6.65267  0.00746552
        1213    -6.71339    -6.65272  0.00745953
        1214    -6.71613    -6.65277  0.00745357
        1215     -6.7188    -6.65283  0.00744763
        1216     -6.7214    -6.65288  0.00744172
        1217    -6.72392    -6.65294  0.00743583
        1218    -6.72637      -6.653  0.00742997
        1219    -6.72842    -6.65307  0.00742414
        1220    -6.73071    -6.65313  0.00741832
        1221    -6.73356    -6.65319  0.00741254
        1222    -6.73536    -6.65326  0.00740678
        1223    -6.73772    -6.65333  0.00740104
        1224    -6.74031     -6.6534  0.00739534
        1225    -6.74248    -6.65347  0.00738966
        1226    -6.74456    -6.65355  0.00738401
        1227    -6.74655    -6.65362  0.00737838
        1228    -6.74812     -6.6537  0.00737277
        1229    -6.74926    -6.65378  0.00736718
        1230    -6.75032    -6.65386  0.00736161
        1231    -6.75192    -6.65394  0.00735606
        1232    -6.75311    -6.65402  0.00735053
        1233     -6.7542     -6.6541  0.00734502
        1234     -6.7552    -6.65418  0.00733952
        1235    -6.75609    -6.65426  0.00733404
        1236    -6.75754    -6.65435  0.00732859
        1237    -6.75922    -6.65443  0.00732315
        1238    -6.75984    -6.65452  0.00731773
        1239    -6.76069     -6.6546  0.00731233
        1240    -6.76112    -6.65469  0.00730693
        1241    -6.76147    -6.65477  0.00730155
        1242    -6.76205    -6.65486  0.00729618
        1243    -6.76287    -6.65495  0.00729083
        1244    -6.76296    -6.65504  0.00728549
        1245    -6.76297    -6.65512  0.00728015
        1246    -6.76356    -6.65521  0.00727483
        1247     -6.7631     -6.6553  0.00726951
        1248    -6.76321    -6.65538   0.0072642
        1249    -6.76294    -6.65547  0.00725889
        1250    -6.76325    -6.65555   0.0072536
        1251    -6.76286    -6.65564  0.00724831
        1252    -6.76403    -6.65573  0.00724304
        1253     -6.7632    -6.65581  0.00723776
        1254     -6.7633     -6.6559   0.0072325
        1255    -6.76239    -6.65598  0.00722723
        1256    -6.76241    -6.65607  0.00722198
        1257    -6.76206    -6.65615  0.00721672
        1258    -6.76201    -6.65624  0.00721148
        1259    -6.76096    -6.65632  0.00720623
        1260    -6.75989     -6.6564  0.00720098
        1261    -6.75977    -6.65648  0.00719573
        1262    -6.75964    -6.65657   0.0071905
        1263    -6.75918    -6.65665  0.00718526
        1264    -6.75741    -6.65673  0.00718002
        1265    -6.75662     -6.6568  0.00717478
        1266    -6.75648    -6.65688  0.00716954
        1267    -6.75635    -6.65696  0.00716431
        1268    -6.75494    -6.65704  0.00715908
        1269    -6.75386    -6.65712  0.00715385
        1270    -6.75281    -6.65719  0.00714861
        1271    -6.75243    -6.65727  0.00714338
        1272     -6.7511    -6.65734  0.00713814
        1273    -6.75045    -6.65741  0.00713291
        1274     -6.7508    -6.65749  0.00712769
        1275    -6.75119    -6.65756  0.00712248
        1276    -6.74935    -6.65763  0.00711726
        1277    -6.74821     -6.6577  0.00711204
        1278    -6.74808    -6.65777  0.00710682
        1279    -6.74735    -6.65784  0.00710161
        1280    -6.74635    -6.65791   0.0070964
        1281    -6.74573    -6.65798  0.00709119
        1282    -6.74582    -6.65805  0.00708599
        1283    -6.74498    -6.65812  0.00708079
        1284    -6.74486    -6.65818   0.0070756
        1285    -6.74512    -6.65825  0.00707042
        1286    -6.74415    -6.65832  0.00706524
        1287    -6.74388    -6.65839  0.00706006
        1288    -6.74368    -6.65845  0.00705489
        1289     -6.7442    -6.65852  0.00704973
        1290    -6.74445    -6.65859  0.00704458
        1291    -6.74542    -6.65865  0.00703944
        1292     -6.7458    -6.65872  0.00703432
        1293    -6.74625    -6.65879   0.0070292
        1294    -6.74676    -6.65886   0.0070241
        1295    -6.74766    -6.65892  0.00701901
        1296    -6.74863    -6.65899  0.00701394
        1297    -6.74998    -6.65906  0.00700888
        1298    -6.75074    -6.65913  0.00700383
        1299    -6.74995     -6.6592  0.00699879
        1300    -6.74954    -6.65927  0.00699375
        1301    -6.75081    -6.65934  0.00698873
        1302    -6.75213    -6.65942  0.00698373
        1303    -6.75318    -6.65949  0.00697874
        1304    -6.75429    -6.65956  0.00697376
        1305    -6.75511    -6.65963  0.00696881
        1306    -6.75533    -6.65971  0.00696385
        1307    -6.75657    -6.65978  0.00695892
        1308    -6.75784    -6.65986    0.006954
        1309    -6.75915    -6.65993  0.00694911
        1310    -6.76114    -6.66001  0.00694423
        1311    -6.76348    -6.66009  0.00693938
        1312    -6.76456    -6.66017  0.00693455
        1313    -6.76565    -6.66025  0.00692973
        1314    -6.76708    -6.66033  0.00692494
        1315    -6.76853    -6.66041  0.00692016
        1316    -6.76966    -6.66049   0.0069154
        1317    -6.77111    -6.66058  0.00691066
        1318     -6.7716    -6.66066  0.00690593
        1319    -6.77338    -6.66075  0.00690122
        1320     -6.7745    -6.66083  0.00689653
        1321    -6.77529    -6.66092  0.00689185
        1322    -6.77672    -6.66101   0.0068872
        1323    -6.77877     -6.6611  0.00688257
        1324    -6.78079    -6.66119  0.00687796
        1325    -6.78214    -6.66128  0.00687338
        1326    -6.78346    -6.66137  0.00686881
        1327    -6.78474    -6.66146  0.00686426
        1328     -6.7863    -6.66156  0.00685974
        1329    -6.78653    -6.66165  0.00685522
        1330    -6.78768    -6.66175  0.00685072
        1331    -6.78879    -6.66184  0.00684624
        1332    -6.78983    -6.66194  0.00684177
        1333    -6.79082    -6.66203  0.00683733
        1334    -6.79078    -6.66213  0.00683288
        1335    -6.79164    -6.66223  0.00682845
        1336    -6.79212    -6.66233  0.00682403
        1337    -6.79253    -6.66242  0.00681962
        1338    -6.79352    -6.66252  0.00681523
        1339     -6.7941    -6.66262  0.00681085
        1340    -6.79397    -6.66272  0.00680647
        1341    -6.79407    -6.66282   0.0068021
        1342    -6.79443    -6.66291  0.00679774
        1343    -6.79567    -6.66301   0.0067934
        1344    -6.79586    -6.66311  0.00678906
        1345    -6.79563    -6.66321  0.00678473
        1346    -6.79565    -6.66331   0.0067804
        1347    -6.79525    -6.66341  0.00677607
        1348    -6.79509     -6.6635  0.00677175
        1349    -6.79516     -6.6636  0.00676744
        1350    -6.79482     -6.6637  0.00676312
        1351    -6.79471     -6.6638  0.00675881
        1352    -6.79452    -6.66389   0.0067545
        1353    -6.79423    -6.66399   0.0067502
        1354    -6.79319    -6.66408  0.00674589
        1355    -6.79207    -6.66418  0.00674157
        1356    -6.79085    -6.66427  0.00673724
        1357    -6.79019    -6.66436  0.00673292
        1358    -6.78911    -6.66446  0.00672859
        1359    -6.78827    -6.66455  0.00672425
        1360    -6.78733    -6.66464  0.00671991
        1361    -6.78598    -6.66473  0.00671557
        1362    -6.78421    -6.66481  0.00671121
        1363    -6.78269     -6.6649  0.00670684
        1364     -6.7814    -6.66499  0.00670247
        1365    -6.78002    -6.66507  0.00669809
        1366    -6.77856    -6.66515   0.0066937
        1367    -6.77701    -6.66524  0.00668931
        1368    -6.77506    -6.66532   0.0066849
        1369    -6.77303    -6.66539  0.00668048
        1370    -6.77124    -6.66547  0.00667605
        1371    -6.76905    -6.66555  0.00667161
        1372    -6.76679    -6.66562  0.00666715
        1373    -6.76412    -6.66569  0.00666268
        1374    -6.76139    -6.66576   0.0066582
        1375     -6.7589    -6.66583   0.0066537
        1376    -6.75603     -6.6659  0.00664919
        1377    -6.75276    -6.66596  0.00664466
        1378    -6.75007    -6.66602  0.00664011
        1379    -6.74732    -6.66608  0.00663556
        1380    -6.74484    -6.66614    0.006631
        1381    -6.74197    -6.66619  0.00662642
        1382    -6.73904    -6.66624  0.00662184
        1383    -6.73541    -6.66629  0.00661724
        1384    -6.73238    -6.66634  0.00661263
        1385    -6.72994    -6.66639  0.00660802
        1386    -6.72714    -6.66643  0.00660339
        1387    -6.72396    -6.66647  0.00659876
        1388    -6.72139    -6.66651  0.00659413
        1389    -6.71684    -6.66655  0.00658948
        1390    -6.71322    -6.66658  0.00658482
        1391    -6.71022    -6.66661  0.00658016
        1392    -6.70717    -6.66664   0.0065755
        1393    -6.70345    -6.66667  0.00657084
        1394    -6.70003    -6.66669  0.00656617
        1395    -6.69593    -6.66671  0.00656149
        1396    -6.69245    -6.66673  0.00655682
        1397     -6.6883    -6.66675  0.00655214
        1398    -6.68447    -6.66676  0.00654747
        1399    -6.68093    -6.66677   0.0065428
        1400    -6.67803    -6.66678  0.00653813
        1401    -6.67415    -6.66678  0.00653346
        1402    -6.67058    -6.66679   0.0065288
        1403    -6.66667    -6.66679  0.00652415
        1404    -6.66245    -6.66678   0.0065195
        1405    -6.65919    -6.66678  0.00651486
        1406    -6.65528    -6.66677  0.00651024
        1407    -6.65169    -6.66676  0.00650562
        1408    -6.64811    -6.66675  0.00650101
        1409    -6.64421    -6.66673  0.00649642
        1410    -6.64065    -6.66671  0.00649184
        1411    -6.63677    -6.66669  0.00648727
        1412    -6.63355    -6.66667  0.00648272
        1413     -6.6297    -6.66664  0.00647818
        1414    -6.62619    -6.66661  0.00647366
        1415    -6.62238    -6.66658  0.00646916
        1416    -6.61891    -6.66655  0.00646468
        1417    -6.61483    -6.66651  0.00646022
        1418    -6.61174    -6.66647  0.00645578
        1419    -6.60835    -6.66643  0.00645136
        1420    -6.60468    -6.66639  0.00644697
        1421    -6.60072    -6.66634   0.0064426
        1422    -6.59711    -6.66629  0.00643825
        1423    -6.59387    -6.66624  0.00643393
        1424    -6.59035    -6.66619  0.00642963
        1425     -6.5872    -6.66613  0.00642536
        1426    -6.58376    -6.66608  0.00642111
        1427    -6.58038    -6.66602  0.00641689
        1428    -6.57737    -6.66595   0.0064127
        1429    -6.57441    -6.66589  0.00640853
        1430    -6.57118    -6.66582  0.00640439
        1431    -6.56769    -6.66575  0.00640028
        1432    -6.56458    -6.66568   0.0063962
        1433    -6.56217    -6.66561  0.00639215
        1434    -6.55919    -6.66554  0.00638812
        1435    -6.55691    -6.66546  0.00638412
        1436    -6.55503    -6.66538  0.00638013
        1437    -6.55225    -6.66531  0.00637618
        1438    -6.55019    -6.66523  0.00637225
        1439    -6.54788    -6.66514  0.00636834
        1440    -6.54564    -6.66506  0.00636446
        1441    -6.54349    -6.66498   0.0063606
        1442    -6.54173    -6.66489  0.00635677
        1443    -6.53974     -6.6648  0.00635295
        1444    -6.53815    -6.66472  0.00634916
        1445      -6.536    -6.66463  0.00634539
        1446    -6.53458    -6.66454  0.00634164
        1447    -6.53228    -6.66445  0.00633791
        1448    -6.53072    -6.66435  0.00633421
        1449    -6.53022    -6.66426  0.00633052
        1450    -6.52949    -6.66417  0.00632683
        1451    -6.52788    -6.66407  0.00632317
        1452    -6.52734    -6.66398  0.00631952
        1453    -6.52593    -6.66389  0.00631588
        1454    -6.52461    -6.66379  0.00631226
        1455    -6.52371    -6.66369  0.00630866
        1456     -6.5229     -6.6636  0.00630507
        1457     -6.5222     -6.6635  0.00630149
        1458    -6.52127     -6.6634  0.00629792
        1459    -6.52076     -6.6633  0.00629436
        1460      -6.521    -6.66321   0.0062908
        1461    -6.52069    -6.66311  0.00628726
        1462    -6.52048    -6.66301  0.00628371
        1463    -6.52005    -6.66291  0.00628018
        1464    -6.52035    -6.66282  0.00627664
        1465    -6.52044    -6.66272  0.00627311
        1466    -6.52062    -6.66262  0.00626958
        1467    -6.52089    -6.66253  0.00626605
        1468    -6.52126    -6.66243  0.00626252
        1469    -6.52173    -6.66233  0.00625899
        1470    -6.52228    -6.66224  0.00625546
        1471    -6.52326    -6.66214  0.00625192
        1472    -6.52432    -6.66205  0.00624837
        1473    -6.52515    -6.66196  0.00624482
        1474    -6.52606    -6.66187  0.00624126
        1475    -6.52771    -6.66177   0.0062377
        1476    -6.52944    -6.66168  0.00623411
        1477    -6.53061     -6.6616  0.00623053
        1478    -6.53154    -6.66151  0.00622693
        1479    -6.53254    -6.66142  0.00622333
        1480    -6.53363    -6.66133  0.00621973
        1481    -6.53511    -6.66125  0.00621611
        1482    -6.53764    -6.66117  0.00621247
        1483    -6.53926    -6.66108  0.00620883
        1484    -6.54063      -6.661  0.00620518
        1485    -6.54239    -6.66092  0.00620151
        1486    -6.54422    -6.66084  0.00619784
        1487    -6.54643    -6.66077  0.00619415
        1488    -6.54805    -6.66069  0.00619045
        1489    -6.55038    -6.66062  0.00618673
        1490    -6.55212    -6.66054  0.00618301
        1491    -6.55423    -6.66047  0.00617927
        1492     -6.5564     -6.6604  0.00617552
        1493    -6.55829    -6.66034  0.00617177
        1494    -6.56087    -6.66027  0.00616799
        1495    -6.56383     -6.6602  0.00616421
        1496    -6.56586    -6.66014  0.00616041
        1497    -6.56793    -6.66008   0.0061566
        1498    -6.57036    -6.66002  0.00615278
        1499    -6.57316    -6.65996  0.00614895
        1500    -6.57534    -6.65991  0.00614511
        1501    -6.57756    -6.65985  0.00614126
        1502    -6.58078     -6.6598   0.0061374
        1503    -6.58339    -6.65975  0.00613353
        1504    -6.58602     -6.6597  0.00612964
        1505    -6.58836    -6.65965  0.00612575
        1506    -6.59169    -6.65961  0.00612185
        1507    -6.59376    -6.65956  0.00611795
        1508    -6.59649    -6.65952  0.00611403
        1509     -6.5986    -6.65948  0.00611011
        1510    -6.60105    -6.65944  0.00610619
        1511    -6.60513     -6.6594  0.00610225
        1512    -6.60794    -6.65937  0.00609831
        1513    -6.61109    -6.65934  0.00609437
        1514    -6.61425    -6.65931  0.00609041
        1515    -6.61677    -6.65928  0.00608646
        1516    -6.61995    -6.65925   0.0060825
        1517    -6.62249    -6.65923  0.00607854
        1518    -6.62568    -6.65921  0.00607457
        1519    -6.62822    -6.65919  0.00607061
        1520    -6.63142    -6.65917  0.00606664
        1521    -6.63429    -6.65915  0.00606268
        1522    -6.63651    -6.65914  0.00605871
        1523    -6.63905    -6.65913  0.00605475
        1524    -6.64126    -6.65911  0.00605078
        1525    -6.64444     -6.6591  0.00604682
        1526    -6.64695     -6.6591  0.00604287
        1527    -6.64913    -6.65909  0.00603891
        1528    -6.65194    -6.65908  0.00603496
        1529    -6.65474    -6.65908  0.00603102
        1530    -6.65784    -6.65908  0.00602708
        1531    -6.66059    -6.65908  0.00602314
        1532    -6.66331    -6.65909  0.00601921
        1533    -6.66569    -6.65909  0.00601528
        1534      -6.669     -6.6591  0.00601136
        1535    -6.67132     -6.6591  0.00600745
        1536    -6.67359    -6.65911  0.00600355
        1537    -6.67584    -6.65912  0.00599965
        1538    -6.67771    -6.65914  0.00599577
        1539     -6.6802    -6.65915  0.00599189
        1540    -6.68264    -6.65917  0.00598801
        1541    -6.68503    -6.65918  0.00598415
        1542    -6.68737     -6.6592   0.0059803
        1543    -6.68902    -6.65922  0.00597645
        1544    -6.69126    -6.65924  0.00597262
        1545    -6.69312    -6.65926  0.00596879
        1546    -6.69492    -6.65929  0.00596498
        1547    -6.69634    -6.65931  0.00596117
        1548    -6.69835    -6.65933  0.00595737
        1549    -6.70029    -6.65936  0.00595358
        1550    -6.70185    -6.65939  0.00594981
        1551    -6.70366    -6.65942  0.00594604
        1552    -6.70541    -6.65945  0.00594228
        1553     -6.7074    -6.65948  0.00593854
        1554    -6.70901    -6.65951   0.0059348
        1555    -6.71054    -6.65954  0.00593107
        1556      -6.712    -6.65958  0.00592736
        1557    -6.71306    -6.65961  0.00592365
        1558    -6.71404    -6.65965  0.00591995
        1559    -6.71527    -6.65968  0.00591626
        1560    -6.71706    -6.65972  0.00591258
        1561    -6.71716    -6.65975  0.00590891
        1562    -6.71879    -6.65979  0.00590525
        1563     -6.7197    -6.65983  0.00590159
        1564    -6.72084    -6.65987  0.00589795
        1565    -6.72126    -6.65991  0.00589431
        1566    -6.72192    -6.65995  0.00589068
        1567    -6.72282    -6.65999  0.00588706
        1568    -6.72331    -6.66003  0.00588344
        1569    -6.72372    -6.66007  0.00587983
        1570    -6.72372    -6.66011  0.00587623
        1571    -6.72395    -6.66015  0.00587263
        1572    -6.72411    -6.66019  0.00586903
        1573    -6.72418    -6.66023  0.00586544
        1574    -6.72385    -6.66027  0.00586186
        1575    -6.72441    -6.66031  0.00585828
        1576    -6.72488    -6.66035   0.0058547
        1577    -6.72528     -6.6604  0.00585113
        1578    -6.72462    -6.66044  0.00584757
        1579    -6.72421    -6.66048    0.005844
        1580    -6.72405    -6.66052  0.00584044
        1581    -6.72348    -6.66056  0.00583688
        1582    -6.72284     -6.6606  0.00583333
        1583    -6.72179    -6.66063  0.00582977
        1584    -6.72132    -6.66067  0.00582622
        1585    -6.72175    -6.66071  0.00582267
        1586    -6.72179    -6.66075  0.00581912
        1587    -6.72079    -6.66079  0.00581558
        1588     -6.7194    -6.66082  0.00581204
        1589    -6.71858    -6.66086  0.00580849
        1590    -6.71835     -6.6609  0.00580495
        1591    -6.71742    -6.66093  0.00580141
        1592    -6.71642    -6.66097  0.00579787
        1593    -6.71374      -6.661  0.00579433
        1594    -6.71328    -6.66103  0.00579078
        1595    -6.71146    -6.66106  0.00578724
        1596    -6.71025     -6.6611   0.0057837
        1597    -6.70866    -6.66113  0.00578015
        1598    -6.70638    -6.66115   0.0057766
        1599    -6.70502    -6.66118  0.00577306
        1600    -6.70329    -6.66121  0.00576951
        1601    -6.70153    -6.66123  0.00576596
        1602    -6.70005    -6.66126  0.00576241
        1603    -6.69886    -6.66128  0.00575886
        1604    -6.69699     -6.6613  0.00575532
        1605    -6.69509    -6.66132  0.00575177
        1606    -6.69348    -6.66134  0.00574822
        1607    -6.69153    -6.66136  0.00574468
        1608    -6.68955    -6.66138  0.00574113
        1609    -6.68756     -6.6614  0.00573758
        1610    -6.68587    -6.66141  0.00573404
        1611     -6.6832    -6.66143   0.0057305
        1612    -6.68181    -6.66144  0.00572696
        1613    -6.67945    -6.66145  0.00572342
        1614    -6.67741    -6.66146  0.00571988
        1615    -6.67602    -6.66147  0.00571635
        1616    -6.67463    -6.66148  0.00571281
        1617    -6.67194    -6.66148  0.00570928
        1618    -6.67025    -6.66149  0.00570576
        1619    -6.66759    -6.66149  0.00570224
        1620    -6.66559    -6.66149  0.00569872
        1621    -6.66328     -6.6615   0.0056952
        1622    -6.66131     -6.6615  0.00569169
        1623    -6.65872    -6.66149  0.00568818
        1624     -6.6568    -6.66149  0.00568468
        1625    -6.65522    -6.66149  0.00568118
        1626    -6.65303    -6.66148  0.00567769
        1627    -6.65152    -6.66148  0.00567421
        1628    -6.64939    -6.66147  0.00567073
        1629    -6.64826    -6.66146  0.00566725
        1630    -6.64686    -6.66145  0.00566378
        1631    -6.64549    -6.66144  0.00566032
        1632    -6.64449    -6.66143  0.00565686
        1633    -6.64289    -6.66142   0.0056534
        1634    -6.64166    -6.66141  0.00564996
        1635    -6.64015    -6.66139  0.00564652
        1636     -6.6387    -6.66138  0.00564308
        1637     -6.6373    -6.66137  0.00563965
        1638    -6.63564    -6.66135  0.00563623
        1639    -6.63371    -6.66133  0.00563282
        1640    -6.63314    -6.66132  0.00562941
        1641    -6.63198     -6.6613  0.00562601
        1642    -6.63089    -6.66128  0.00562261
        1643    -6.62987    -6.66126  0.00561922
        1644    -6.62827    -6.66124  0.00561584
        1645    -6.62738    -6.66122  0.00561247
        1646    -6.62657     -6.6612   0.0056091
        1647    -6.62518    -6.66118  0.00560573
        1648    -6.62451    -6.66115  0.00560237
        1649     -6.6236    -6.66113  0.00559902
        1650    -6.62309    -6.66111  0.00559568
        1651    -6.62266    -6.66109  0.00559234
        1652     -6.6223    -6.66106    0.005589
        1653    -6.62267    -6.66104  0.00558567
        1654    -6.62313    -6.66102  0.00558234
        1655    -6.62302    -6.66099  0.00557901
        1656    -6.62298    -6.66097  0.00557569
        1657    -6.62336    -6.66095  0.00557237
        1658    -6.62317    -6.66092  0.00556906
        1659    -6.62403     -6.6609  0.00556575
        1660     -6.6253    -6.66088  0.00556243
        1661    -6.62568    -6.66086  0.00555913
        1662    -6.62614    -6.66084  0.00555582
        1663    -6.62732    -6.66082  0.00555252
        1664    -6.62794     -6.6608  0.00554921
        1665    -6.62864    -6.66078  0.00554591
        1666    -6.62974    -6.66076  0.00554262
        1667    -6.63026    -6.66074  0.00553932
        1668    -6.63086    -6.66072  0.00553603
        1669    -6.63217    -6.66071  0.00553274
        1670    -6.63356    -6.66069  0.00552945
        1671    -6.63371    -6.66068  0.00552616
        1672    -6.63523    -6.66066  0.00552288
        1673    -6.63649    -6.66065   0.0055196
        1674    -6.63781    -6.66063  0.00551632
        1675    -6.63886    -6.66062  0.00551304
        1676    -6.64029    -6.66061  0.00550976
        1677    -6.64274     -6.6606  0.00550649
        1678    -6.64428    -6.66059  0.00550322
        1679    -6.64585    -6.66058  0.00549995
        1680    -6.64747    -6.66057  0.00549668
        1681    -6.64913    -6.66056  0.00549341
        1682    -6.65082    -6.66056  0.00549015
        1683    -6.65287    -6.66055  0.00548689
        1684    -6.65429    -6.66055  0.00548363
        1685    -6.65607    -6.66055  0.00548038
        1686    -6.65787    -6.66054  0.00547713
        1687    -6.65935    -6.66054  0.00547388
        1688     -6.6615    -6.66054  0.00547064
        1689    -6.66334    -6.66055   0.0054674
        1690    -6.66485    -6.66055  0.00546416
        1691    -6.66734    -6.66055  0.00546093
        1692    -6.66886    -6.66056  0.00545771
        1693    -6.67102    -6.66056  0.00545449
        1694    -6.67317    -6.66057  0.00545127
        1695    -6.67499    -6.66058  0.00544806
        1696    -6.67744    -6.66059  0.00544486
        1697     -6.6789     -6.6606  0.00544166
        1698    -6.68001    -6.66061  0.00543847
        1699    -6.68142    -6.66062  0.00543528
        1700    -6.68313    -6.66064   0.0054321
        1701    -6.68481    -6.66065  0.00542893
        1702    -6.68614    -6.66067  0.00542576
        1703    -6.68775    -6.66068   0.0054226
        1704    -6.68932     -6.6607  0.00541944
        1705    -6.69085    -6.66072  0.00541629
        1706    -6.69104    -6.66073  0.00541314
        1707    -6.69216    -6.66075     0.00541
        1708    -6.69356    -6.66077  0.00540687
        1709    -6.69427    -6.66079  0.00540374
        1710    -6.69524    -6.66081  0.00540062
        1711     -6.6965    -6.66083   0.0053975
        1712    -6.69802    -6.66085   0.0053944
        1713    -6.69917    -6.66088  0.00539129
        1714    -6.69994     -6.6609   0.0053882
        1715     -6.7013    -6.66092   0.0053851
        1716    -6.70228    -6.66095  0.00538202
        1717    -6.70191    -6.66097  0.00537894
        1718    -6.70279      -6.661  0.00537586
        1719    -6.70328    -6.66102  0.00537279
        1720    -6.70436    -6.66105  0.00536973
        1721    -6.70539    -6.66107  0.00536667
        1722    -6.70539     -6.6611  0.00536361
        1723    -6.70566    -6.66112  0.00536056
        1724     -6.7062    -6.66115  0.00535752
        1725    -6.70734    -6.66118  0.00535448
        1726    -6.70745     -6.6612  0.00535144
        1727    -6.70816    -6.66123  0.00534841
        1728    -6.70882    -6.66126  0.00534539
        1729    -6.70911    -6.66128  0.00534237
        1730    -6.70902    -6.66131  0.00533935
        1731    -6.70921    -6.66134  0.00533634
        1732    -6.70904    -6.66137  0.00533333
        1733    -6.70882     -6.6614  0.00533032
        1734    -6.70856    -6.66142  0.00532732
        1735    -6.70858    -6.66145  0.00532432
        1736    -6.70792    -6.66148  0.00532132
        1737    -6.70755     -6.6615  0.00531832
        1738    -6.70714    -6.66153  0.00531533
        1739    -6.70703    -6.66156  0.00531233
        1740    -6.70689    -6.66158  0.00530934
        1741    -6.70736    -6.66161  0.00530636
        1742    -6.70781    -6.66163  0.00530338
        1743    -6.70726    -6.66166   0.0053004
        1744    -6.70701    -6.66169  0.00529743
        1745    -6.70642    -6.66171  0.00529445
        1746    -6.70613    -6.66174  0.00529148
        1747    -6.70517    -6.66176  0.00528851
        1748    -6.70485    -6.66179  0.00528554
        1749    -6.70451    -6.66181  0.00528258
        1750    -6.70351    -6.66184  0.00527961
        1751    -6.70249    -6.66186  0.00527665
        1752     -6.7018    -6.66188  0.00527369
        1753    -6.70174     -6.6619  0.00527073
        1754     -6.7007    -6.66193  0.00526777
        1755    -6.69933    -6.66195  0.00526481
        1756    -6.69893    -6.66197  0.00526185
        1757     -6.6982    -6.66199   0.0052589
        1758    -6.69779    -6.66201  0.00525595
        1759    -6.69802    -6.66203    0.005253
        1760    -6.69761    -6.66205  0.00525005
        1761     -6.6972    -6.66207  0.00524711
        1762    -6.69678    -6.66209  0.00524417
        1763    -6.69702    -6.66211  0.00524123
        1764    -6.69661    -6.66213   0.0052383
        1765    -6.69652    -6.66215  0.00523536
        1766    -6.69676    -6.66217  0.00523244
        1767    -6.69668    -6.66219  0.00522951
        1768    -6.69628    -6.66221  0.00522659
        1769    -6.69621    -6.66223  0.00522367
        1770    -6.69614    -6.66225  0.00522075
        1771    -6.69607    -6.66226  0.00521784
        1772    -6.69601    -6.66228  0.00521493
        1773     -6.6966     -6.6623  0.00521203
        1774    -6.69623    -6.66232  0.00520912
        1775    -6.69586    -6.66234  0.00520622
        1776    -6.69581    -6.66236  0.00520333
        1777    -6.69577    -6.66238  0.00520043
        1778    -6.69508     -6.6624  0.00519754
        1779    -6.69473    -6.66242  0.00519465
        1780    -6.69469    -6.66243  0.00519176
        1781    -6.69467    -6.66245  0.00518888
        1782    -6.69367    -6.66247    0.005186
        1783    -6.69332    -6.66249  0.00518312
        1784     -6.6933     -6.6625  0.00518024
        1785    -6.69295    -6.66252  0.00517737
        1786    -6.69261    -6.66254   0.0051745
        1787    -6.69194    -6.66255  0.00517163
        1788     -6.6916    -6.66257  0.00516876
        1789    -6.69191    -6.66259   0.0051659
        1790    -6.69125     -6.6626  0.00516303
        1791    -6.69059    -6.66262  0.00516018
        1792    -6.69025    -6.66263  0.00515732
        1793    -6.69089    -6.66265  0.00515447
        1794    -6.69023    -6.66266  0.00515162
        1795    -6.69021    -6.66268  0.00514877
        1796    -6.69019     -6.6627  0.00514593
        1797    -6.69018    -6.66271  0.00514308
        1798    -6.68951    -6.66273  0.00514025
        1799    -6.68884    -6.66274  0.00513741
        1800    -6.68784    -6.66275  0.00513457
        1801    -6.68749    -6.66277  0.00513174
        1802    -6.68747    -6.66278  0.00512891
        1803    -6.68743    -6.66279  0.00512609
        1804    -6.68707    -6.66281  0.00512326
        1805    -6.68639    -6.66282  0.00512044
        1806    -6.68602    -6.66283  0.00511762
        1807    -6.68565    -6.66285   0.0051148
        1808    -6.68429    -6.66286  0.00511199
        1809    -6.68359    -6.66287  0.00510918
        1810    -6.68352    -6.66288  0.00510637
        1811    -6.68313    -6.66289  0.00510356
        1812     -6.6824     -6.6629  0.00510075
        1813    -6.68232    -6.66291  0.00509795
        1814    -6.68222    -6.66292  0.00509515
        1815    -6.68212    -6.66294  0.00509236
        1816    -6.68136    -6.66295  0.00508956
        1817    -6.68092    -6.66296  0.00508677
        1818    -6.68176    -6.66297  0.00508398
        1819    -6.68163    -6.66298   0.0050812
        1820    -6.68116    -6.66299  0.00507842
        1821    -6.68035      -6.663  0.00507564
        1822    -6.68018    -6.66301  0.00507286
        1823    -6.67903    -6.66301  0.00507008
        1824    -6.67948    -6.66302  0.00506731
        1825    -6.67895    -6.66303  0.00506454
        1826    -6.67809    -6.66304  0.00506178
        1827    -6.67785    -6.66305  0.00505901
        1828    -6.67792    -6.66306  0.00505625
        1829    -6.67766    -6.66306  0.00505349
        1830    -6.67705    -6.66307  0.00505074
        1831    -6.67675    -6.66308  0.00504798
        1832    -6.67514    -6.66309  0.00504523
        1833     -6.6748    -6.66309  0.00504248
        1834    -6.67315     -6.6631  0.00503974
        1835     -6.6731     -6.6631  0.00503699
        1836    -6.67271    -6.66311  0.00503425
        1837    -6.67197    -6.66311  0.00503152
        1838    -6.67121    -6.66312  0.00502878
        1839    -6.67042    -6.66312  0.00502605
        1840    -6.66994    -6.66313  0.00502332
        1841    -6.66847    -6.66313  0.00502059
        1842    -6.66826    -6.66313  0.00501786
        1843    -6.66609    -6.66313  0.00501514
        1844    -6.66519    -6.66313  0.00501242
        1845    -6.66329    -6.66313  0.00500971
        1846    -6.66234    -6.66313  0.00500699
        1847    -6.66104    -6.66313  0.00500428
        1848    -6.65938    -6.66313  0.00500157
        1849    -6.65868    -6.66313  0.00499887
        1850    -6.65794    -6.66313  0.00499617
        1851    -6.65621    -6.66312  0.00499347
        1852    -6.65509    -6.66312  0.00499078
        1853    -6.65362    -6.66311  0.00498809
        1854    -6.65213    -6.66311   0.0049854
        1855    -6.65093     -6.6631  0.00498272
        1856     -6.6497    -6.66309  0.00498004
        1857    -6.64812    -6.66308  0.00497736
        1858    -6.64587    -6.66307  0.00497469
        1859    -6.64489    -6.66307  0.00497202
        1860    -6.64388    -6.66305  0.00496936
        1861    -6.64186    -6.66304   0.0049667
        1862     -6.6395    -6.66303  0.00496405
        1863    -6.63841    -6.66302  0.00496141
        1864    -6.63698      -6.663  0.00495876
        1865    -6.63551    -6.66299  0.00495613
        1866    -6.63402    -6.66297   0.0049535
        1867    -6.63251    -6.66296  0.00495087
        1868    -6.63162    -6.66294  0.00494825
        1869    -6.62975    -6.66292  0.00494563
        1870    -6.62785     -6.6629  0.00494302
        1871    -6.62659    -6.66288  0.00494042
        1872     -6.6253    -6.66286  0.00493782
        1873    -6.62368    -6.66284  0.00493523
        1874    -6.62205    -6.66282  0.00493264
        1875     -6.6204     -6.6628  0.00493006
        1876    -6.61875    -6.66278  0.00492749
        1877    -6.61676    -6.66275  0.00492493
        1878    -6.61509    -6.66273  0.00492237
        1879    -6.61342     -6.6627  0.00491982
        1880    -6.61207    -6.66267  0.00491728
        1881     -6.6104    -6.66264  0.00491474
        1882    -6.60841    -6.66262  0.00491221
        1883    -6.60642    -6.66259   0.0049097
        1884    -6.60509    -6.66256  0.00490719
        1885    -6.60345    -6.66252  0.00490468
        1886    -6.60182    -6.66249  0.00490219
        1887    -6.60054    -6.66246   0.0048997
        1888     -6.5996    -6.66243  0.00489722
        1889    -6.59803    -6.66239  0.00489474
        1890    -6.59682    -6.66236  0.00489228
        1891    -6.59563    -6.66232  0.00488982
        1892    -6.59414    -6.66229  0.00488737
        1893    -6.59302    -6.66225  0.00488492
        1894    -6.59031    -6.66221  0.00488249
        1895    -6.58927    -6.66217  0.00488006
        1896    -6.58859    -6.66213  0.00487764
        1897    -6.58828    -6.66209  0.00487523
        1898    -6.58737    -6.66206  0.00487282
        1899    -6.58684    -6.66202  0.00487041
        1900    -6.58539    -6.66198  0.00486802
        1901    -6.58498    -6.66193  0.00486563
        1902    -6.58462    -6.66189  0.00486324
        1903    -6.58335    -6.66185  0.00486086
        1904    -6.58215    -6.66181  0.00485848
        1905    -6.58134    -6.66177  0.00485612
        1906    -6.58059    -6.66173  0.00485376
        1907    -6.57992    -6.66168   0.0048514
        1908    -6.57899    -6.66164  0.00484905
        1909    -6.57814     -6.6616  0.00484671
        1910     -6.5777    -6.66155  0.00484437
        1911      -6.577    -6.66151  0.00484204
        1912    -6.57607    -6.66146  0.00483971
        1913    -6.57522    -6.66142  0.00483739
        1914    -6.57444    -6.66137  0.00483508
        1915     -6.5744    -6.66133  0.00483277
        1916    -6.57412    -6.66128  0.00483046
        1917    -6.57391    -6.66124  0.00482815
        1918    -6.57412    -6.66119  0.00482585
        1919    -6.57473    -6.66115  0.00482354
        1920    -6.57477     -6.6611  0.00482124
        1921     -6.5749    -6.66106  0.00481894
        1922    -6.57543    -6.66101  0.00481664
        1923    -6.57636    -6.66097  0.00481434
        1924    -6.57802    -6.66092  0.00481203
        1925    -6.57912    -6.66088  0.00480971
        1926    -6.57964    -6.66084   0.0048074
        1927    -6.58089     -6.6608  0.00480509
        1928    -6.58157    -6.66076  0.00480277
        1929    -6.58264    -6.66072  0.00480045
        1930    -6.58443    -6.66068  0.00479813
        1931    -6.58596    -6.66064   0.0047958
        1932    -6.58691     -6.6606  0.00479347
        1933    -6.58792    -6.66056  0.00479113
        1934    -6.58899    -6.66053   0.0047888
        1935    -6.59076    -6.66049  0.00478646
        1936    -6.59259    -6.66045  0.00478412
        1937    -6.59446    -6.66042  0.00478177
        1938    -6.59574    -6.66039  0.00477942
        1939    -6.59738    -6.66035  0.00477706
        1940    -6.59907    -6.66032  0.00477471
        1941    -6.60079    -6.66029  0.00477234
        1942    -6.60221    -6.66026  0.00476998
        1943      -6.604    -6.66023  0.00476761
        1944     -6.6058    -6.66021  0.00476524
        1945     -6.6073    -6.66018  0.00476287
        1946    -6.60914    -6.66015   0.0047605
        1947    -6.61132    -6.66013  0.00475812
        1948    -6.61319     -6.6601  0.00475574
        1949    -6.61474    -6.66008  0.00475335
        1950    -6.61661    -6.66006  0.00475097
        1951    -6.61783    -6.66004  0.00474858
        1952    -6.61937    -6.66001  0.00474619
        1953     -6.6209    -6.65999  0.00474381
        1954    -6.62306    -6.65998  0.00474142
        1955    -6.62488    -6.65996  0.00473902
        1956    -6.62668    -6.65994  0.00473663
        1957    -6.62845    -6.65992  0.00473424
        1958    -6.63019    -6.65991  0.00473185
        1959    -6.63157     -6.6599  0.00472945
        1960    -6.63324    -6.65988  0.00472706
        1961    -6.63552    -6.65987  0.00472466
        1962    -6.63743    -6.65986  0.00472227
        1963    -6.63865    -6.65985  0.00471988
        1964    -6.64014    -6.65984  0.00471748
        1965    -6.64223    -6.65983  0.00471509
        1966    -6.64362    -6.65982   0.0047127
        1967     -6.6456    -6.65981  0.00471031
        1968    -6.64656    -6.65981  0.00470792
        1969    -6.64777     -6.6598  0.00470554
        1970    -6.64861    -6.65979  0.00470315
        1971    -6.65002    -6.65979  0.00470077
        1972    -6.65138    -6.65978  0.00469838
        1973    -6.65202    -6.65978    0.004696
        1974    -6.65259    -6.65978  0.00469363
        1975     -6.6531    -6.65977  0.00469125
        1976    -6.65419    -6.65977  0.00468888
        1977    -6.65489    -6.65977  0.00468651
        1978    -6.65488    -6.65977  0.00468414
        1979    -6.65513    -6.65976  0.00468177
        1980    -6.65596    -6.65976  0.00467941
        1981    -6.65673    -6.65976  0.00467705
        1982    -6.65744    -6.65976  0.00467469
        1983    -6.65777    -6.65976  0.00467233
        1984    -6.65707    -6.65976  0.00466998
        1985    -6.65793    -6.65976  0.00466762
        1986     -6.6581    -6.65975  0.00466527
        1987    -6.65853    -6.65975  0.00466292
        1988    -6.65828    -6.65975  0.00466058
        1989    -6.65831    -6.65975  0.00465824
        1990    -6.65765    -6.65975   0.0046559
        1991     -6.6576    -6.65975  0.00465356
        1992    -6.65719    -6.65975  0.00465122
        1993    -6.65708    -6.65975  0.00464889
        1994    -6.65695    -6.65975  0.00464656
        1995    -6.65679    -6.65975  0.00464423
        1996    -6.65694    -6.65974   0.0046419
        1997    -6.65643    -6.65974  0.00463958
        1998    -6.65624    -6.65974  0.00463725
        1999    -6.65669    -6.65974  0.00463494
        2000    -6.65649    -6.65974  0.00463262
