           1     2.31225     2.31225           0
           2     2.31203     2.31214 7.87992e-05
           3     2.31136     2.31188 0.000218593
           4     2.31025     2.31147 0.000389593
           5     2.30869     2.31091 0.000586971
           6     2.30669     2.31021  0.00080755
           7     2.30425     2.30936  0.00104906
           8     2.30137     2.30836  0.00130978
           9     2.29805     2.30721  0.00158833
          10     2.29429     2.30592   0.0018835
          11     2.29009     2.30448  0.00219433
          12     2.28545      2.3029  0.00252005
          13     2.28039     2.30117  0.00285983
          14     2.27489     2.29929   0.0032129
          15     2.26896     2.29727  0.00357869
          16     2.26261      2.2951  0.00395663
          17     2.25583     2.29279  0.00434618
          18     2.24863     2.29034  0.00474682
          19     2.24102     2.28774  0.00515816
          20     2.23298       2.285  0.00557991
          21     2.22452     2.28212  0.00601179
          22     2.21564      2.2791  0.00645347
          23     2.20635     2.27594  0.00690465
          24     2.19665     2.27263   0.0073651
          25     2.18653     2.26919  0.00783457
          26     2.17599     2.26561  0.00831289
          27     2.16505     2.26188  0.00879987
          28     2.15369     2.25802  0.00929529
          29     2.14192     2.25401  0.00979895
          30     2.12975     2.24987   0.0103106
          31     2.11718     2.24559   0.0108302
          32      2.1042     2.24117   0.0113573
          33     2.09083     2.23662   0.0118918
          34     2.07706     2.23192   0.0124336
          35      2.0629      2.2271   0.0129823
          36     2.04836     2.22213   0.0135379
          37     2.03342     2.21703      0.0141
          38     2.01811      2.2118   0.0146685
          39     2.00242     2.20643   0.0152432
          40     1.98637     2.20093   0.0158238
          41     1.96995     2.19529     0.01641
          42     1.95318     2.18953   0.0170016
          43     1.93606     2.18363   0.0175985
          44     1.91859     2.17761   0.0182002
          45     1.90079     2.17146   0.0188066
          46     1.88266     2.16518   0.0194175
          47      1.8642     2.15878   0.0200325
          48     1.84544     2.15225   0.0206514
          49     1.82636      2.1456   0.0212739
          50       1.807     2.13883   0.0218998
          51     1.78735     2.13193   0.0225287
          52     1.76743     2.12492   0.0231603
          53     1.74724      2.1178   0.0237943
          54     1.72681     2.11056   0.0244305
          55     1.70613      2.1032   0.0250685
          56     1.68523     2.09574    0.025708
          57     1.66411     2.08817   0.0263486
          58      1.6428     2.08049   0.0269901
          59     1.62129     2.07271    0.027632
          60     1.59962     2.06482   0.0282741
          61     1.57779     2.05684   0.0289159
          62     1.55582     2.04876   0.0295571
          63     1.53372     2.04058   0.0301974
          64     1.51152     2.03231   0.0308363
          65     1.48922     2.02396   0.0314735
          66     1.46686     2.01552   0.0321086
          67     1.44443     2.00699   0.0327411
          68     1.42197     1.99839   0.0333708
          69      1.3995     1.98971   0.0339972
          70     1.37702     1.98096   0.0346199
          71     1.35456     1.97214   0.0352386
          72     1.33215     1.96325   0.0358527
          73     1.30979      1.9543   0.0364619
          74     1.28751     1.94529   0.0370658
          75     1.26534     1.93622    0.037664
          76     1.24328      1.9271   0.0382561
          77     1.22137     1.91794   0.0388417
          78     1.19961     1.90873   0.0394204
          79     1.17804     1.89948   0.0399917
          80     1.15667     1.89019   0.0405554
          81     1.13552     1.88088    0.041111
          82     1.11462     1.87153   0.0416581
          83     1.09398     1.86216   0.0421964
          84     1.07362     1.85278   0.0427256
          85     1.05356     1.84337   0.0432451
          86     1.03382     1.83396   0.0437548
          87     1.01442     1.82454   0.0442543
          88    0.995374     1.81512   0.0447433
          89    0.976702      1.8057   0.0452214
          90    0.958421     1.79628   0.0456883
          91    0.940546     1.78688   0.0461438
          92    0.923093     1.77749   0.0465877
          93    0.906075     1.76812   0.0470196
          94    0.889508     1.75877   0.0474393
          95    0.873404     1.74945   0.0478466
          96    0.857775     1.74017   0.0482414
          97    0.842634     1.73091   0.0486233
          98    0.827989      1.7217   0.0489923
          99     0.81385     1.71253   0.0493482
         100    0.800226     1.70341   0.0496908
         101    0.787125     1.69433   0.0500201
         102    0.774553     1.68532    0.050336
         103    0.762516     1.67636   0.0506383
         104    0.751019     1.66746   0.0509271
         105    0.740064     1.65863   0.0512023
         106    0.729655     1.64986   0.0514638
         107    0.719793     1.64117   0.0517117
         108    0.710478     1.63255   0.0519459
         109    0.701712     1.62401   0.0521666
         110    0.693492     1.61555   0.0523737
         111    0.685816     1.60718   0.0525674
         112    0.678681     1.59889   0.0527477
         113    0.672085     1.59069   0.0529147
         114    0.666022     1.58258   0.0530686
         115    0.660487     1.57456   0.0532094
         116    0.655473     1.56663   0.0533373
         117    0.650975     1.55881   0.0534526
         118    0.646984     1.55108   0.0535552
         119    0.643491     1.54345   0.0536455
         120    0.640489     1.53593   0.0537236
         121    0.637967     1.52851   0.0537897
         122    0.635916     1.52119   0.0538441
         123    0.634325     1.51398   0.0538869
         124    0.633183     1.50688   0.0539185
         125    0.632479     1.49988    0.053939
         126    0.632201       1.493   0.0539487
         127    0.632338     1.48622   0.0539479
         128    0.632876     1.47955   0.0539368
         129    0.633803       1.473   0.0539156
         130    0.635107     1.46655   0.0538848
         131    0.636774     1.46022   0.0538444
         132    0.638791     1.45399   0.0537949
         133    0.641145     1.44788   0.0537365
         134    0.643822     1.44188   0.0536695
         135     0.64681     1.43599   0.0535941
         136    0.650094     1.43021   0.0535106
         137    0.653661     1.42455   0.0534194
         138    0.657498     1.41899   0.0533207
         139    0.661591     1.41354   0.0532148
         140    0.665927      1.4082   0.0531019
         141    0.670493     1.40297   0.0529824
         142    0.675277     1.39784   0.0528566
         143    0.680265     1.39282   0.0527246
         144    0.685445     1.38791   0.0525868
         145    0.690804      1.3831   0.0524434
         146    0.696332      1.3784   0.0522948
         147    0.702014      1.3738   0.0521411
         148    0.707839      1.3693   0.0519826
         149    0.713796      1.3649   0.0518195
         150    0.719873      1.3606   0.0516522
         151    0.726059      1.3564   0.0514808
         152    0.732345     1.35229   0.0513055
         153    0.738718     1.34828   0.0511267
         154    0.745171     1.34436   0.0509445
         155    0.751692     1.34054   0.0507591
         156    0.758272     1.33681   0.0505707
         157    0.764901     1.33317   0.0503797
         158    0.771571     1.32961    0.050186
         159    0.778274     1.32614     0.04999
         160       0.785     1.32276   0.0497919
         161    0.791743     1.31946   0.0495917
         162    0.798494     1.31625   0.0493898
         163    0.805246     1.31311   0.0491862
         164    0.811992     1.31006   0.0489811
         165    0.818725     1.30708   0.0487747
         166    0.825439     1.30418   0.0485671
         167    0.832129     1.30135   0.0483584
         168    0.838788      1.2986   0.0481489
         169     0.84541     1.29592   0.0479386
         170    0.851991     1.29331   0.0477277
         171    0.858526     1.29076   0.0475162
         172    0.865009     1.28829   0.0473044
         173    0.871436     1.28588   0.0470923
         174    0.877802     1.28353     0.04688
         175    0.884104     1.28125   0.0466677
         176    0.890337     1.27903   0.0464553
         177    0.896497     1.27687   0.0462431
         178    0.902581     1.27476   0.0460311
         179    0.908587     1.27272   0.0458194
         180    0.914511     1.27073    0.045608
         181     0.92035     1.26879   0.0453971
         182    0.926101     1.26691   0.0451867
         183    0.931762     1.26508   0.0449769
         184     0.93733      1.2633   0.0447677
         185    0.942802     1.26157   0.0445592
         186    0.948177     1.25988   0.0443515
         187    0.953452     1.25824   0.0441446
         188    0.958624     1.25665   0.0439385
         189    0.963693      1.2551   0.0437334
         190    0.968654     1.25359   0.0435292
         191    0.973509     1.25212    0.043326
         192    0.978255      1.2507   0.0431238
         193     0.98289     1.24931   0.0429227
         194    0.987413     1.24796   0.0427227
         195    0.991819     1.24665   0.0425238
         196    0.996109     1.24537    0.042326
         197     1.00028     1.24412   0.0421294
         198     1.00433     1.24291   0.0419341
         199     1.00826     1.24173   0.0417399
         200     1.01207     1.24059    0.041547
         201     1.01575     1.23947   0.0413554
         202     1.01931     1.23838    0.041165
         203     1.02274     1.23732   0.0409759
         204     1.02605     1.23628   0.0407881
         205     1.02923     1.23527   0.0406017
         206     1.03227     1.23428   0.0404165
         207     1.03519     1.23332   0.0402327
         208     1.03797     1.23238   0.0400503
         209     1.04063     1.23147   0.0398691
         210     1.04315     1.23057   0.0396894
         211     1.04554     1.22969    0.039511
         212     1.04779     1.22883   0.0393339
         213     1.04991     1.22799   0.0391582
         214      1.0519     1.22717   0.0389839
         215     1.05375     1.22636   0.0388109
         216     1.05546     1.22557   0.0386393
         217     1.05704      1.2248    0.038469
         218     1.05848     1.22403   0.0383001
         219     1.05979     1.22328   0.0381326
         220     1.06097     1.22255   0.0379664
         221     1.06201     1.22182   0.0378015
         222     1.06292      1.2211    0.037638
         223     1.06371      1.2204   0.0374759
         224     1.06436      1.2197    0.037315
         225     1.06488     1.21901   0.0371555
         226     1.06528     1.21833   0.0369974
         227     1.06555     1.21766   0.0368405
         228      1.0657     1.21699   0.0366849
         229     1.06573     1.21633   0.0365307
         230     1.06564     1.21568   0.0363777
         231     1.06543     1.21503   0.0362261
         232      1.0651     1.21438   0.0360757
         233     1.06467     1.21374   0.0359266
         234     1.06413      1.2131   0.0357787
         235     1.06348     1.21246   0.0356321
         236     1.06274     1.21183   0.0354868
         237     1.06189      1.2112   0.0353427
         238     1.06096     1.21056   0.0351999
         239     1.05993     1.20993   0.0350582
         240     1.05882      1.2093   0.0349178
         241     1.05763     1.20867   0.0347786
         242     1.05637     1.20805   0.0346406
         243     1.05503     1.20742   0.0345037
         244     1.05363     1.20679   0.0343681
         245     1.05217     1.20615   0.0342336
         246     1.05065     1.20552   0.0341003
         247     1.04908     1.20489   0.0339681
         248     1.04746     1.20425   0.0338371
         249     1.04581     1.20362   0.0337071
         250     1.04413     1.20298   0.0335784
         251     1.04242     1.20234   0.0334507
         252     1.04068      1.2017   0.0333241
         253     1.03892     1.20106   0.0331986
         254     1.03716     1.20041   0.0330741
         255     1.03538     1.19976   0.0329508
         256     1.03361     1.19911   0.0328284
         257     1.03184     1.19846   0.0327072
         258     1.03008     1.19781   0.0325869
         259     1.02834     1.19716   0.0324676
         260     1.02662      1.1965   0.0323494
         261     1.02493     1.19584   0.0322321
         262     1.02327     1.19518   0.0321158
         263     1.02164     1.19452   0.0320005
         264     1.02006     1.19386   0.0318861
         265     1.01852      1.1932   0.0317726
         266     1.01703     1.19254   0.0316601
         267      1.0156     1.19188   0.0315485
         268     1.01423     1.19121   0.0314377
         269     1.01292     1.19055   0.0313278
         270     1.01168     1.18989   0.0312188
         271     1.01051     1.18923   0.0311106
         272     1.00941     1.18857   0.0310033
         273      1.0084     1.18791   0.0308967
         274     1.00746     1.18725    0.030791
         275     1.00661     1.18659    0.030686
         276     1.00584     1.18594   0.0305818
         277     1.00516     1.18528   0.0304784
         278     1.00458     1.18463   0.0303757
         279     1.00408     1.18399   0.0302737
         280     1.00369     1.18334   0.0301724
         281     1.00338      1.1827   0.0300718
         282     1.00318     1.18206   0.0299719
         283     1.00307     1.18143   0.0298727
         284     1.00306      1.1808   0.0297741
         285     1.00315     1.18018   0.0296762
         286     1.00333     1.17956   0.0295789
         287     1.00362     1.17895   0.0294821
         288       1.004     1.17834    0.029386
         289     1.00449     1.17774   0.0292905
         290     1.00507     1.17714   0.0291956
         291     1.00576     1.17656   0.0291012
         292     1.00654     1.17597   0.0290073
         293     1.00741      1.1754    0.028914
         294     1.00839     1.17483   0.0288213
         295     1.00946     1.17427    0.028729
         296     1.01062     1.17372   0.0286373
         297     1.01187     1.17317    0.028546
         298     1.01322     1.17264   0.0284553
         299     1.01465     1.17211    0.028365
         300     1.01617     1.17159   0.0282753
         301     1.01777     1.17108   0.0281859
         302     1.01945     1.17057   0.0280971
         303     1.02121     1.17008   0.0280087
         304     1.02305      1.1696   0.0279207
         305     1.02496     1.16912   0.0278332
         306     1.02694     1.16866   0.0277461
         307     1.02899      1.1682   0.0276595
         308     1.03111     1.16776   0.0275732
         309     1.03329     1.16732   0.0274874
         310     1.03553      1.1669   0.0274021
         311     1.03783     1.16648   0.0273171
         312     1.04018     1.16608   0.0272325
         313     1.04259     1.16568   0.0271484
         314     1.04504      1.1653   0.0270646
         315     1.04754     1.16493   0.0269813
         316     1.05008     1.16456   0.0268984
         317     1.05266     1.16421   0.0268158
         318     1.05527     1.16387   0.0267337
         319     1.05791     1.16353    0.026652
         320     1.06059     1.16321   0.0265706
         321     1.06328      1.1629   0.0264897
         322       1.066      1.1626   0.0264091
         323     1.06873     1.16231   0.0263289
         324     1.07147     1.16203   0.0262492
         325     1.07423     1.16176   0.0261698
         326     1.07699      1.1615   0.0260908
         327     1.07975     1.16125   0.0260122
         328     1.08252     1.16101    0.025934
         329     1.08527     1.16078   0.0258562
         330     1.08802     1.16056   0.0257788
         331     1.09075     1.16035   0.0257018
         332     1.09347     1.16015   0.0256252
         333     1.09617     1.15995   0.0255489
         334     1.09884     1.15977   0.0254731
         335     1.10148      1.1596   0.0253976
         336      1.1041     1.15943   0.0253226
         337     1.10667     1.15928   0.0252479
         338     1.10921     1.15913   0.0251737
         339      1.1117     1.15899   0.0250998
         340     1.11414     1.15886   0.0250263
         341     1.11653     1.15873   0.0249532
         342     1.11886     1.15861   0.0248806
         343     1.12114     1.15851   0.0248083
         344     1.12335      1.1584   0.0247363
         345      1.1255     1.15831   0.0246648
         346     1.12758     1.15822   0.0245937
         347     1.12959     1.15814    0.024523
         348     1.13153     1.15806   0.0244526
         349     1.13338     1.15799   0.0243827
         350     1.13515     1.15792   0.0243131
         351     1.13685     1.15786   0.0242439
         352     1.13845     1.15781   0.0241751
         353     1.13997     1.15776   0.0241066
         354      1.1414     1.15771   0.0240386
         355     1.14275     1.15767   0.0239709
         356       1.144     1.15763   0.0239036
         357     1.14517      1.1576   0.0238367
         358     1.14624     1.15757   0.0237701
         359     1.14722     1.15754   0.0237039
         360     1.14811     1.15751   0.0236381
         361     1.14891     1.15749   0.0235726
         362     1.14963     1.15746   0.0235075
         363     1.15025     1.15744   0.0234428
         364     1.15079     1.15743   0.0233784
         365     1.15125     1.15741   0.0233143
         366     1.15163     1.15739   0.0232506
         367     1.15193     1.15738   0.0231873
         368     1.15216     1.15736   0.0231243
         369     1.15232     1.15735   0.0230616
         370     1.15241     1.15734   0.0229993
         371     1.15244     1.15732   0.0229373
         372     1.15241     1.15731   0.0228756
         373     1.15233      1.1573   0.0228143
         374     1.15221     1.15728   0.0227533
         375     1.15204     1.15727   0.0226927
         376     1.15184     1.15726   0.0226323
         377     1.15162     1.15724   0.0225723
         378     1.15137     1.15723   0.0225126
         379     1.15111     1.15721   0.0224532
         380     1.15083     1.15719   0.0223941
         381     1.15056     1.15718   0.0223353
         382     1.15029     1.15716   0.0222769
         383     1.15004     1.15714   0.0222187
         384      1.1498     1.15712   0.0221608
         385     1.14959      1.1571   0.0221033
         386     1.14942     1.15708    0.022046
         387     1.14929     1.15706   0.0219891
         388      1.1492     1.15704   0.0219324
         389     1.14917     1.15702   0.0218761
         390      1.1492       1.157     0.02182
         391      1.1493     1.15698   0.0217642
         392     1.14947     1.15696   0.0217087
         393     1.14971     1.15694   0.0216534
         394     1.15004     1.15692   0.0215985
         395     1.15046     1.15691   0.0215438
         396     1.15096     1.15689   0.0214894
         397     1.15156     1.15688   0.0214353
         398     1.15226     1.15687   0.0213814
         399     1.15306     1.15686   0.0213278
         400     1.15396     1.15685   0.0212745
         401     1.15496     1.15685   0.0212215
         402     1.15606     1.15684   0.0211687
         403     1.15727     1.15685   0.0211162
         404     1.15859     1.15685   0.0210639
         405        1.16     1.15686   0.0210119
         406     1.16151     1.15687   0.0209601
         407     1.16313     1.15688   0.0209086
         408     1.16483      1.1569   0.0208574
         409     1.16663     1.15693   0.0208064
         410     1.16852     1.15696   0.0207557
         411      1.1705     1.15699   0.0207052
         412     1.17255     1.15703    0.020655
         413     1.17469     1.15707    0.020605
         414     1.17689     1.15712   0.0205553
         415     1.17915     1.15717   0.0205058
         416     1.18148     1.15723   0.0204566
         417     1.18386     1.15729   0.0204077
         418     1.18629     1.15736    0.020359
         419     1.18877     1.15744   0.0203105
         420     1.19128     1.15752   0.0202623
         421     1.19383      1.1576   0.0202144
         422      1.1964      1.1577   0.0201667
         423     1.19899     1.15779   0.0201192
         424     1.20159      1.1579   0.0200721
         425      1.2042     1.15801   0.0200251
         426     1.20682     1.15812   0.0199784
         427     1.20943     1.15824    0.019932
         428     1.21203     1.15837   0.0198858
         429     1.21462      1.1585   0.0198399
         430      1.2172     1.15863   0.0197943
         431     1.21975     1.15878   0.0197488
         432     1.22228     1.15892   0.0197037
         433     1.22477     1.15907   0.0196588
         434     1.22723     1.15923   0.0196141
         435     1.22965     1.15939   0.0195697
         436     1.23204     1.15956   0.0195255
         437     1.23438     1.15973   0.0194816
         438     1.23667     1.15991   0.0194379
         439     1.23891     1.16009   0.0193944
         440      1.2411     1.16027   0.0193512
         441     1.24323     1.16046   0.0193083
         442      1.2453     1.16065   0.0192655
         443     1.24732     1.16085    0.019223
         444     1.24927     1.16105   0.0191808
         445     1.25116     1.16125   0.0191387
         446     1.25299     1.16145   0.0190969
         447     1.25475     1.16166   0.0190553
         448     1.25644     1.16187    0.019014
         449     1.25807     1.16209   0.0189728
         450     1.25963     1.16231   0.0189319
         451     1.26112     1.16252   0.0188912
         452     1.26254     1.16275   0.0188507
         453     1.26389     1.16297   0.0188104
         454     1.26517     1.16319   0.0187703
         455     1.26638     1.16342   0.0187304
         456     1.26751     1.16365   0.0186908
         457     1.26857     1.16388   0.0186513
         458     1.26956     1.16411    0.018612
         459     1.27048     1.16434   0.0185729
         460     1.27132     1.16457    0.018534
         461     1.27209     1.16481   0.0184952
         462     1.27279     1.16504   0.0184567
         463     1.27342     1.16528   0.0184183
         464     1.27397     1.16551   0.0183801
         465     1.27445     1.16574    0.018342
         466     1.27486     1.16598   0.0183042
         467     1.27519     1.16621   0.0182665
         468     1.27545     1.16645   0.0182289
         469     1.27564     1.16668   0.0181916
         470     1.27575     1.16691   0.0181543
         471      1.2758     1.16714   0.0181173
         472     1.27576     1.16737   0.0180803
         473     1.27566      1.1676   0.0180436
         474     1.27549     1.16783   0.0180069
         475     1.27525     1.16805   0.0179704
         476     1.27494     1.16828   0.0179341
         477     1.27456      1.1685   0.0178979
         478      1.2741     1.16872   0.0178618
         479     1.27358     1.16894   0.0178258
         480       1.273     1.16916     0.01779
         481     1.27234     1.16937   0.0177543
         482     1.27162     1.16958   0.0177188
         483     1.27083     1.16979   0.0176833
         484     1.26998        1.17    0.017648
         485     1.26906     1.17021   0.0176128
         486     1.26809     1.17041   0.0175777
         487     1.26705     1.17061   0.0175427
         488     1.26596      1.1708   0.0175079
         489      1.2648     1.17099   0.0174731
         490      1.2636     1.17118   0.0174385
         491     1.26234     1.17137    0.017404
         492     1.26103     1.17155   0.0173695
         493     1.25967     1.17173   0.0173352
         494     1.25827      1.1719    0.017301
         495     1.25683     1.17208   0.0172669
         496     1.25535     1.17224   0.0172329
         497     1.25383     1.17241    0.017199
         498     1.25228     1.17257   0.0171652
         499      1.2507     1.17272   0.0171316
         500      1.2491     1.17288    0.017098
         501     1.24747     1.17303   0.0170645
         502     1.24582     1.17317   0.0170311
         503     1.24416     1.17331   0.0169978
         504     1.24249     1.17345   0.0169647
         505     1.24081     1.17358   0.0169316
         506     1.23912     1.17371   0.0168986
         507     1.23744     1.17384   0.0168658
         508     1.23577     1.17396    0.016833
         509     1.23411     1.17408   0.0168004
         510     1.23246     1.17419   0.0167678
         511     1.23084      1.1743   0.0167354
         512     1.22924     1.17441    0.016703
         513     1.22766     1.17451   0.0166708
         514     1.22612     1.17461   0.0166386
         515     1.22462     1.17471   0.0166066
         516     1.22316     1.17481   0.0165747
         517     1.22175      1.1749   0.0165429
         518     1.22039     1.17498   0.0165112
         519     1.21909     1.17507   0.0164796
         520     1.21785     1.17515   0.0164481
         521     1.21667     1.17523   0.0164167
         522     1.21556     1.17531   0.0163855
         523     1.21452     1.17538   0.0163543
         524     1.21356     1.17546   0.0163233
         525     1.21268     1.17553   0.0162923
         526     1.21188      1.1756   0.0162615
         527     1.21116     1.17566   0.0162308
         528     1.21053     1.17573   0.0162002
         529        1.21     1.17579   0.0161697
         530     1.20956     1.17586   0.0161393
         531     1.20921     1.17592    0.016109
         532     1.20897     1.17598   0.0160789
         533     1.20882     1.17605   0.0160488
         534     1.20878     1.17611   0.0160189
         535     1.20883     1.17617   0.0159891
         536     1.20899     1.17623   0.0159593
         537     1.20926     1.17629   0.0159297
         538     1.20963     1.17635   0.0159002
         539     1.21011     1.17641   0.0158709
         540     1.21069     1.17648   0.0158416
         541     1.21137     1.17654   0.0158125
         542     1.21216     1.17661   0.0157834
         543     1.21306     1.17668   0.0157545
         544     1.21405     1.17674   0.0157257
         545     1.21515     1.17681    0.015697
         546     1.21634     1.17689   0.0156684
         547     1.21764     1.17696   0.0156399
         548     1.21903     1.17704   0.0156116
         549     1.22051     1.17712   0.0155834
         550     1.22208      1.1772   0.0155552
         551     1.22374     1.17728   0.0155272
         552     1.22548     1.17737   0.0154993
         553     1.22731     1.17746   0.0154716
         554     1.22922     1.17756   0.0154439
         555      1.2312     1.17765   0.0154164
         556     1.23325     1.17775    0.015389
         557     1.23538     1.17786   0.0153617
         558     1.23757     1.17796   0.0153346
         559     1.23981     1.17807   0.0153075
         560     1.24212     1.17819   0.0152806
         561     1.24448     1.17831   0.0152539
         562     1.24689     1.17843   0.0152272
         563     1.24934     1.17855   0.0152007
         564     1.25183     1.17868   0.0151743
         565     1.25436     1.17882    0.015148
         566     1.25692     1.17896   0.0151219
         567     1.25951      1.1791   0.0150959
         568     1.26212     1.17924     0.01507
         569     1.26476     1.17939   0.0150443
         570     1.26741     1.17955   0.0150187
         571     1.27007     1.17971   0.0149932
         572     1.27275     1.17987   0.0149679
         573     1.27543     1.18004   0.0149427
         574      1.2781     1.18021   0.0149176
         575     1.28078     1.18038   0.0148927
         576     1.28346     1.18056   0.0148679
         577     1.28612     1.18074   0.0148433
         578     1.28877     1.18093   0.0148188
         579      1.2914     1.18112   0.0147944
         580     1.29402     1.18132   0.0147702
         581     1.29662     1.18151   0.0147461
         582     1.29919     1.18172   0.0147221
         583     1.30174     1.18192   0.0146983
         584     1.30426     1.18213   0.0146747
         585     1.30675     1.18235   0.0146511
         586     1.30921     1.18256   0.0146277
         587     1.31163     1.18278   0.0146044
         588     1.31401       1.183   0.0145813
         589     1.31635     1.18323   0.0145583
         590     1.31865     1.18346   0.0145355
         591     1.32091     1.18369   0.0145127
         592     1.32312     1.18393   0.0144901
         593     1.32529     1.18417   0.0144676
         594     1.32742     1.18441   0.0144453
         595     1.32949     1.18465   0.0144231
         596     1.33152      1.1849    0.014401
         597      1.3335     1.18515    0.014379
         598     1.33542      1.1854   0.0143572
         599      1.3373     1.18565   0.0143354
         600     1.33912     1.18591   0.0143138
         601     1.34089     1.18617   0.0142923
         602     1.34261     1.18643   0.0142709
         603     1.34427     1.18669   0.0142497
         604     1.34589     1.18695   0.0142285
         605     1.34745     1.18722   0.0142075
         606     1.34895     1.18748   0.0141865
         607     1.35041     1.18775   0.0141657
         608     1.35181     1.18802    0.014145
         609     1.35316     1.18829   0.0141243
         610     1.35446     1.18857   0.0141038
         611     1.35571     1.18884   0.0140834
         612      1.3569     1.18911   0.0140631
         613     1.35805     1.18939   0.0140428
         614     1.35914     1.18967   0.0140227
         615     1.36018     1.18994   0.0140026
         616     1.36117     1.19022   0.0139826
         617     1.36211      1.1905   0.0139627
         618       1.363     1.19078   0.0139429
         619     1.36384     1.19106   0.0139232
         620     1.36463     1.19134   0.0139036
         621     1.36537     1.19162    0.013884
         622     1.36606      1.1919   0.0138645
         623     1.36671     1.19218   0.0138451
         624      1.3673     1.19246   0.0138258
         625     1.36784     1.19274   0.0138065
         626     1.36833     1.19302   0.0137873
         627     1.36878      1.1933   0.0137681
         628     1.36917     1.19358   0.0137491
         629     1.36952     1.19386   0.0137301
         630     1.36981     1.19414   0.0137111
         631     1.37006     1.19442   0.0136922
         632     1.37026      1.1947   0.0136734
         633     1.37041     1.19497   0.0136546
         634     1.37051     1.19525   0.0136359
         635     1.37055     1.19553   0.0136172
         636     1.37055      1.1958   0.0135985
         637     1.37051     1.19608     0.01358
         638     1.37041     1.19635   0.0135614
         639     1.37026     1.19662   0.0135429
         640     1.37006     1.19689   0.0135245
         641     1.36981     1.19716   0.0135061
         642     1.36951     1.19743   0.0134877
         643     1.36916      1.1977   0.0134694
         644     1.36876     1.19796   0.0134511
         645     1.36831     1.19823   0.0134328
         646     1.36781     1.19849   0.0134146
         647     1.36725     1.19875   0.0133964
         648     1.36665     1.19901   0.0133782
         649     1.36598     1.19927   0.0133601
         650     1.36527     1.19952    0.013342
         651      1.3645     1.19978   0.0133239
         652     1.36368     1.20003   0.0133058
         653     1.36281     1.20028   0.0132878
         654     1.36188     1.20052   0.0132697
         655      1.3609     1.20077   0.0132517
         656     1.35986     1.20101   0.0132338
         657     1.35877     1.20125   0.0132158
         658     1.35763     1.20149   0.0131979
         659     1.35643     1.20173   0.0131799
         660     1.35518     1.20196    0.013162
         661     1.35387     1.20219   0.0131441
         662     1.35251     1.20241   0.0131262
         663      1.3511     1.20264   0.0131083
         664     1.34963     1.20286   0.0130904
         665     1.34811     1.20308   0.0130726
         666     1.34653     1.20329   0.0130547
         667     1.34491     1.20351   0.0130369
         668     1.34323     1.20372    0.013019
         669     1.34151     1.20392   0.0130012
         670     1.33973     1.20412   0.0129834
         671     1.33791     1.20432   0.0129656
         672     1.33604     1.20452   0.0129478
         673     1.33413     1.20471     0.01293
         674     1.33217      1.2049   0.0129122
         675     1.33017     1.20509   0.0128944
         676     1.32813     1.20527   0.0128766
         677     1.32605     1.20545   0.0128588
         678     1.32394     1.20562    0.012841
         679      1.3218     1.20579   0.0128232
         680     1.31962     1.20596   0.0128055
         681     1.31742     1.20612   0.0127877
         682     1.31519     1.20628     0.01277
         683     1.31293     1.20644   0.0127522
         684     1.31065     1.20659   0.0127345
         685     1.30835     1.20674   0.0127168
         686     1.30603     1.20689    0.012699
         687      1.3037     1.20703   0.0126813
         688     1.30136     1.20716   0.0126637
         689     1.29902      1.2073    0.012646
         690     1.29667     1.20743   0.0126283
         691     1.29431     1.20755   0.0126107
         692     1.29196     1.20767    0.012593
         693     1.28962     1.20779   0.0125754
         694     1.28728     1.20791   0.0125578
         695     1.28495     1.20802   0.0125402
         696     1.28263     1.20813   0.0125227
         697     1.28032     1.20823   0.0125051
         698     1.27804     1.20833   0.0124876
         699     1.27577     1.20843   0.0124701
         700     1.27353     1.20852   0.0124527
         701     1.27131     1.20861   0.0124352
         702     1.26912     1.20869   0.0124178
         703     1.26696     1.20878   0.0124004
         704     1.26483     1.20886   0.0123831
         705     1.26273     1.20893   0.0123657
         706     1.26067     1.20901   0.0123484
         707     1.25864     1.20908   0.0123312
         708     1.25664     1.20914   0.0123139
         709     1.25468     1.20921   0.0122967
         710     1.25276     1.20927   0.0122796
         711     1.25088     1.20933   0.0122624
         712     1.24904     1.20938   0.0122453
         713     1.24723     1.20944   0.0122283
         714     1.24546     1.20949   0.0122113
         715     1.24373     1.20954   0.0121943
         716     1.24204     1.20958   0.0121773
         717     1.24038     1.20962   0.0121604
         718     1.23876     1.20966   0.0121435
         719     1.23717      1.2097   0.0121267
         720     1.23561     1.20974   0.0121099
         721     1.23408     1.20977   0.0120932
         722     1.23259      1.2098   0.0120765
         723     1.23112     1.20983   0.0120598
         724     1.22968     1.20986   0.0120432
         725     1.22827     1.20989   0.0120266
         726     1.22687     1.20991     0.01201
         727      1.2255     1.20993   0.0119935
         728     1.22415     1.20995   0.0119771
         729     1.22282     1.20997   0.0119607
         730      1.2215     1.20998   0.0119443
         731     1.22019        1.21    0.011928
         732     1.21889     1.21001   0.0119117
         733      1.2176     1.21002   0.0118954
         734     1.21631     1.21003   0.0118792
         735     1.21502     1.21004   0.0118631
         736     1.21373     1.21004   0.0118469
         737     1.21244     1.21004   0.0118309
         738     1.21114     1.21005   0.0118148
         739     1.20983     1.21004   0.0117989
         740     1.20852     1.21004   0.0117829
         741      1.2072     1.21004    0.011767
         742     1.20586     1.21003   0.0117512
         743      1.2045     1.21003   0.0117353
         744     1.20313     1.21002   0.0117196
         745     1.20174     1.21001   0.0117038
         746     1.20033     1.20999   0.0116882
         747     1.19889     1.20998   0.0116725
         748     1.19743     1.20996   0.0116569
         749     1.19594     1.20994   0.0116414
         750     1.19443     1.20992   0.0116259
         751     1.19289      1.2099   0.0116104
         752     1.19132     1.20987    0.011595
         753     1.18972     1.20985   0.0115796
         754     1.18809     1.20982   0.0115643
         755     1.18643     1.20979    0.011549
         756     1.18474     1.20975   0.0115338
         757     1.18302     1.20972   0.0115186
         758     1.18126     1.20968   0.0115035
         759     1.17947     1.20964   0.0114884
         760     1.17765      1.2096   0.0114734
         761      1.1758     1.20956   0.0114584
         762     1.17391     1.20951   0.0114434
         763       1.172     1.20946   0.0114285
         764     1.17005     1.20941   0.0114137
         765     1.16808     1.20935   0.0113989
         766     1.16607      1.2093   0.0113842
         767     1.16403     1.20924   0.0113695
         768     1.16196     1.20918   0.0113548
         769     1.15987     1.20911   0.0113403
         770     1.15775     1.20905   0.0113257
         771     1.15561     1.20898   0.0113113
         772     1.15344      1.2089   0.0112968
         773     1.15125     1.20883   0.0112825
         774     1.14904     1.20875   0.0112681
         775     1.14681     1.20867   0.0112539
         776     1.14456     1.20859   0.0112397
         777     1.14231      1.2085   0.0112256
         778     1.14004     1.20842   0.0112115
         779     1.13776     1.20833   0.0111974
         780     1.13547     1.20823   0.0111835
         781     1.13318     1.20814   0.0111696
         782     1.13089     1.20804   0.0111557
         783      1.1286     1.20794   0.0111419
         784     1.12631     1.20783   0.0111282
         785     1.12403     1.20773   0.0111145
         786     1.12175     1.20762   0.0111009
         787     1.11948      1.2075   0.0110874
         788     1.11723     1.20739   0.0110739
         789     1.11499     1.20727   0.0110605
         790     1.11277     1.20715   0.0110472
         791     1.11057     1.20703   0.0110339
         792      1.1084     1.20691   0.0110206
         793     1.10626     1.20678   0.0110075
         794     1.10414     1.20665   0.0109944
         795     1.10206     1.20652   0.0109813
         796     1.10001     1.20638   0.0109683
         797       1.098     1.20625   0.0109554
         798     1.09603     1.20611   0.0109426
         799     1.09411     1.20597   0.0109298
         800     1.09223     1.20583    0.010917
         801     1.09041     1.20568   0.0109044
         802     1.08863     1.20554   0.0108917
         803     1.08691     1.20539   0.0108792
         804     1.08525     1.20524   0.0108667
         805     1.08365     1.20509   0.0108542
         806     1.08211     1.20494   0.0108418
         807     1.08064     1.20478   0.0108295
         808     1.07923     1.20463   0.0108172
         809      1.0779     1.20447    0.010805
         810     1.07663     1.20431   0.0107928
         811     1.07545     1.20415   0.0107806
         812     1.07434     1.20399   0.0107685
         813      1.0733     1.20383   0.0107565
         814     1.07235     1.20367   0.0107445
         815     1.07149     1.20351   0.0107325
         816     1.07071     1.20335   0.0107206
         817     1.07002     1.20318   0.0107087
         818     1.06942     1.20302   0.0106969
         819      1.0689     1.20286   0.0106851
         820     1.06848     1.20269   0.0106733
         821     1.06815     1.20253   0.0106616
         822     1.06792     1.20237   0.0106499
         823     1.06778      1.2022   0.0106382
         824     1.06774     1.20204   0.0106265
         825      1.0678     1.20188   0.0106149
         826     1.06795     1.20171   0.0106033
         827     1.06819     1.20155   0.0105917
         828     1.06854     1.20139   0.0105801
         829     1.06898     1.20123   0.0105685
         830     1.06952     1.20107    0.010557
         831     1.07016     1.20092   0.0105455
         832     1.07089     1.20076    0.010534
         833     1.07172      1.2006   0.0105224
         834     1.07265     1.20045   0.0105109
         835     1.07367      1.2003   0.0104995
         836     1.07479     1.20015    0.010488
         837       1.076         1.2   0.0104765
         838      1.0773     1.19985    0.010465
         839     1.07869     1.19971   0.0104535
         840     1.08017     1.19957   0.0104421
         841     1.08174     1.19943   0.0104306
         842     1.08338     1.19929   0.0104191
         843     1.08511     1.19915   0.0104076
         844     1.08692     1.19902   0.0103961
         845      1.0888     1.19889   0.0103847
         846     1.09076     1.19876   0.0103732
         847     1.09278     1.19864   0.0103617
         848     1.09486     1.19852   0.0103502
         849     1.09701      1.1984   0.0103387
         850     1.09922     1.19828   0.0103272
         851     1.10148     1.19817   0.0103157
         852     1.10379     1.19806   0.0103042
         853     1.10614     1.19795   0.0102926
         854     1.10854     1.19784   0.0102811
         855     1.11097     1.19774   0.0102696
         856     1.11344     1.19764   0.0102581
         857     1.11594     1.19755   0.0102465
         858     1.11847     1.19746    0.010235
         859     1.12101     1.19737   0.0102235
         860     1.12357     1.19728    0.010212
         861     1.12614      1.1972   0.0102004
         862     1.12871     1.19712   0.0101889
         863     1.13129     1.19704   0.0101774
         864     1.13386     1.19697   0.0101659
         865     1.13643      1.1969   0.0101544
         866     1.13899     1.19683   0.0101429
         867     1.14154     1.19677   0.0101314
         868     1.14406     1.19671   0.0101199
         869     1.14657     1.19665   0.0101084
         870     1.14904     1.19659   0.0100969
         871     1.15149     1.19654   0.0100855
         872     1.15391     1.19649    0.010074
         873      1.1563     1.19645   0.0100626
         874     1.15864      1.1964   0.0100512
         875     1.16095     1.19636   0.0100397
         876     1.16321     1.19633   0.0100284
         877     1.16543     1.19629    0.010017
         878     1.16761     1.19626   0.0100056
         879     1.16973     1.19623  0.00999429
         880      1.1718      1.1962  0.00998297
         881     1.17382     1.19618  0.00997168
         882     1.17578     1.19615   0.0099604
         883     1.17769     1.19613  0.00994914
         884     1.17954     1.19611   0.0099379
         885     1.18134      1.1961  0.00992669
         886     1.18307     1.19608  0.00991549
         887     1.18474     1.19607  0.00990432
         888     1.18636     1.19606  0.00989318
         889     1.18791     1.19605  0.00988205
         890      1.1894     1.19604  0.00987095
         891     1.19082     1.19603  0.00985987
         892     1.19218     1.19603  0.00984882
         893     1.19348     1.19603  0.00983779
         894     1.19472     1.19603  0.00982679
         895      1.1959     1.19603  0.00981581
         896     1.19701     1.19603  0.00980485
         897     1.19805     1.19603  0.00979392
         898     1.19904     1.19603  0.00978302
         899     1.19996     1.19604  0.00977214
         900     1.20082     1.19604  0.00976128
         901     1.20162     1.19605  0.00975045
         902     1.20236     1.19606  0.00973964
         903     1.20304     1.19606  0.00972886
         904     1.20366     1.19607   0.0097181
         905     1.20423     1.19608  0.00970737
         906     1.20473     1.19609  0.00969666
         907     1.20517      1.1961  0.00968597
         908     1.20556     1.19611  0.00967531
         909     1.20589     1.19612  0.00966467
         910     1.20616     1.19613  0.00965406
         911     1.20638     1.19614  0.00964347
         912     1.20655     1.19616   0.0096329
         913     1.20667     1.19617  0.00962235
         914     1.20673     1.19618  0.00961183
         915     1.20675     1.19619  0.00960134
         916     1.20672      1.1962  0.00959086
         917     1.20664     1.19621  0.00958041
         918     1.20652     1.19622  0.00956998
         919     1.20635     1.19624  0.00955957
         920     1.20614     1.19625  0.00954919
         921     1.20589     1.19626  0.00953882
         922      1.2056     1.19627  0.00952848
         923     1.20527     1.19628  0.00951817
         924      1.2049     1.19629  0.00950787
         925      1.2045     1.19629  0.00949759
         926     1.20407      1.1963  0.00948734
         927     1.20361     1.19631  0.00947711
         928     1.20312     1.19632   0.0094669
         929     1.20259     1.19632  0.00945671
         930     1.20205     1.19633  0.00944655
         931     1.20148     1.19634   0.0094364
         932     1.20089     1.19634  0.00942628
         933     1.20027     1.19635  0.00941618
         934     1.19964     1.19635  0.00940609
         935     1.19899     1.19635  0.00939603
         936     1.19832     1.19635    0.009386
         937     1.19764     1.19636  0.00937598
         938     1.19695     1.19636  0.00936598
         939     1.19625     1.19636  0.00935601
         940     1.19555     1.19636  0.00934606
         941     1.19483     1.19635  0.00933612
         942     1.19411     1.19635  0.00932621
         943     1.19339     1.19635  0.00931632
         944     1.19266     1.19634  0.00930646
         945     1.19193     1.19634  0.00929661
         946     1.19121     1.19633  0.00928678
         947     1.19048     1.19633  0.00927698
         948     1.18976     1.19632   0.0092672
         949     1.18904     1.19631  0.00925743
         950     1.18833      1.1963  0.00924769
         951     1.18763      1.1963  0.00923797
         952     1.18693     1.19629  0.00922827
         953     1.18625     1.19628   0.0092186
         954     1.18557     1.19626  0.00920894
         955      1.1849     1.19625  0.00919931
         956     1.18425     1.19624  0.00918969
         957      1.1836     1.19623   0.0091801
         958     1.18297     1.19621  0.00917053
         959     1.18234      1.1962  0.00916098
         960     1.18172     1.19618  0.00915144
         961     1.18112     1.19617  0.00914194
         962     1.18053     1.19615  0.00913245
         963     1.17994     1.19613  0.00912298
         964     1.17938     1.19612  0.00911353
         965     1.17882      1.1961  0.00910411
         966     1.17827     1.19608   0.0090947
         967     1.17773     1.19606  0.00908531
         968     1.17721     1.19604  0.00907595
         969     1.17669     1.19602  0.00906661
         970     1.17619       1.196  0.00905728
         971     1.17569     1.19598  0.00904798
         972      1.1752     1.19596  0.00903869
         973     1.17472     1.19594  0.00902943
         974     1.17426     1.19592  0.00902019
         975      1.1738     1.19589  0.00901097
         976     1.17334     1.19587  0.00900176
         977      1.1729     1.19585  0.00899258
         978     1.17246     1.19582  0.00898342
         979     1.17202      1.1958  0.00897427
         980      1.1716     1.19577  0.00896515
         981     1.17117     1.19575  0.00895605
         982     1.17076     1.19572  0.00894696
         983     1.17035      1.1957   0.0089379
         984     1.16994     1.19567  0.00892885
         985     1.16954     1.19564  0.00891983
         986     1.16914     1.19562  0.00891082
         987     1.16875     1.19559  0.00890183
         988     1.16836     1.19556  0.00889287
         989     1.16798     1.19553  0.00888392
         990     1.16761     1.19551  0.00887499
         991     1.16724     1.19548  0.00886608
         992     1.16688     1.19545  0.00885719
         993     1.16652     1.19542  0.00884832
         994     1.16617     1.19539  0.00883947
         995     1.16582     1.19536  0.00883063
         996     1.16549     1.19533  0.00882182
         997     1.16516      1.1953  0.00881302
         998     1.16484     1.19527  0.00880424
         999     1.16453     1.19524  0.00879548
        1000     1.16423     1.19521  0.00878674
        1001     1.16395     1.19518  0.00877802
        1002     1.16367     1.19515  0.00876932
        1003     1.16341     1.19511  0.00876063
        1004     1.16316     1.19508  0.00875196
        1005     1.16292     1.19505  0.00874331
        1006      1.1627     1.19502  0.00873468
        1007      1.1625     1.19499  0.00872607
        1008     1.16231     1.19495  0.00871747
        1009     1.16215     1.19492  0.00870889
        1010       1.162     1.19489  0.00870033
        1011     1.16188     1.19486  0.00869178
        1012     1.16178     1.19482  0.00868326
        1013      1.1617     1.19479  0.00867475
        1014     1.16165     1.19476  0.00866625
        1015     1.16162     1.19472  0.00865778
        1016     1.16162     1.19469  0.00864932
        1017     1.16166     1.19466  0.00864087
        1018     1.16172     1.19463  0.00863244
        1019     1.16181     1.19459  0.00862403
        1020     1.16194     1.19456  0.00861564
        1021     1.16211     1.19453  0.00860726
        1022     1.16231      1.1945  0.00859889
        1023     1.16255     1.19447  0.00859054
        1024     1.16282     1.19444  0.00858221
        1025     1.16314     1.19441  0.00857389
        1026      1.1635     1.19438  0.00856559
        1027     1.16389     1.19435   0.0085573
        1028     1.16434     1.19432  0.00854903
        1029     1.16482     1.19429  0.00854077
        1030     1.16535     1.19426  0.00853252
        1031     1.16593     1.19423  0.00852429
        1032     1.16654     1.19421  0.00851607
        1033      1.1672     1.19418  0.00850787
        1034     1.16791     1.19416  0.00849968
        1035     1.16865     1.19413   0.0084915
        1036     1.16944     1.19411  0.00848334
        1037     1.17027     1.19408  0.00847519
        1038     1.17115     1.19406  0.00846705
        1039     1.17206     1.19404  0.00845893
        1040     1.17301     1.19402  0.00845082
        1041       1.174       1.194  0.00844272
        1042     1.17503     1.19398  0.00843464
        1043     1.17609     1.19397  0.00842657
        1044     1.17719     1.19395  0.00841851
        1045     1.17831     1.19393  0.00841047
        1046     1.17946     1.19392  0.00840244
        1047     1.18064     1.19391  0.00839443
        1048     1.18184      1.1939  0.00838642
        1049     1.18306     1.19389  0.00837844
        1050      1.1843     1.19388  0.00837046
        1051     1.18556     1.19387   0.0083625
        1052     1.18683     1.19386  0.00835455
        1053      1.1881     1.19386  0.00834662
        1054     1.18938     1.19385   0.0083387
        1055     1.19066     1.19385   0.0083308
        1056     1.19195     1.19385  0.00832291
        1057     1.19323     1.19385  0.00831504
        1058     1.19449     1.19385  0.00830718
        1059     1.19575     1.19385  0.00829933
        1060     1.19699     1.19385  0.00829151
        1061     1.19822     1.19386  0.00828369
        1062     1.19942     1.19386  0.00827589
        1063      1.2006     1.19387  0.00826811
        1064     1.20174     1.19388  0.00826034
        1065     1.20286     1.19388  0.00825259
        1066     1.20394     1.19389  0.00824485
        1067     1.20499      1.1939  0.00823713
        1068     1.20599     1.19392  0.00822943
        1069     1.20696     1.19393  0.00822174
        1070     1.20787     1.19394  0.00821407
        1071     1.20873     1.19395  0.00820641
        1072     1.20955     1.19397  0.00819877
        1073      1.2103     1.19398  0.00819114
        1074     1.21101       1.194  0.00818353
        1075     1.21165     1.19402  0.00817593
        1076     1.21223     1.19403  0.00816835
        1077     1.21275     1.19405  0.00816079
        1078     1.21321     1.19407  0.00815323
        1079      1.2136     1.19409   0.0081457
        1080     1.21392     1.19411  0.00813818
        1081     1.21417     1.19412  0.00813067
        1082     1.21435     1.19414  0.00812318
        1083     1.21446     1.19416   0.0081157
        1084      1.2145     1.19418  0.00810823
        1085     1.21446      1.1942  0.00810078
        1086     1.21436     1.19422  0.00809334
        1087     1.21417     1.19424  0.00808592
        1088     1.21392     1.19425  0.00807851
        1089     1.21358     1.19427  0.00807111
        1090     1.21317     1.19429  0.00806372
        1091     1.21269     1.19431  0.00805635
        1092     1.21213     1.19432  0.00804899
        1093      1.2115     1.19434  0.00804164
        1094     1.21079     1.19435   0.0080343
        1095        1.21     1.19437  0.00802698
        1096     1.20914     1.19438  0.00801966
        1097     1.20821     1.19439  0.00801236
        1098      1.2072      1.1944  0.00800508
        1099     1.20613     1.19442   0.0079978
        1100     1.20498     1.19442  0.00799053
        1101     1.20377     1.19443  0.00798328
        1102     1.20249     1.19444  0.00797604
        1103     1.20115     1.19445  0.00796881
        1104     1.19974     1.19445  0.00796159
        1105     1.19827     1.19446  0.00795439
        1106     1.19674     1.19446   0.0079472
        1107     1.19515     1.19446  0.00794002
        1108     1.19351     1.19446  0.00793285
        1109     1.19181     1.19445   0.0079257
        1110     1.19007     1.19445  0.00791856
        1111     1.18827     1.19445  0.00791143
        1112     1.18643     1.19444  0.00790432
        1113     1.18455     1.19443  0.00789723
        1114     1.18262     1.19442  0.00789014
        1115     1.18067     1.19441  0.00788308
        1116     1.17868     1.19439  0.00787603
        1117     1.17666     1.19438  0.00786899
        1118     1.17461     1.19436  0.00786197
        1119     1.17254     1.19434  0.00785497
        1120     1.17045     1.19432  0.00784799
        1121     1.16835     1.19429  0.00784102
        1122     1.16624     1.19427  0.00783407
        1123     1.16411     1.19424  0.00782714
        1124     1.16199     1.19421  0.00782023
        1125     1.15986     1.19418  0.00781334
        1126     1.15773     1.19415  0.00780647
        1127     1.15562     1.19412  0.00779962
        1128     1.15352     1.19408  0.00779278
        1129     1.15143     1.19404  0.00778597
        1130     1.14937       1.194  0.00777918
        1131     1.14733     1.19396  0.00777241
        1132     1.14533     1.19392  0.00776567
        1133     1.14335     1.19387  0.00775894
        1134     1.14142     1.19383  0.00775224
        1135     1.13953     1.19378  0.00774555
        1136     1.13769     1.19373  0.00773889
        1137      1.1359     1.19368  0.00773225
        1138     1.13416     1.19363  0.00772564
        1139     1.13249     1.19357  0.00771904
        1140     1.13088     1.19352  0.00771247
        1141     1.12935     1.19346  0.00770591
        1142     1.12788     1.19341  0.00769938
        1143     1.12649     1.19335  0.00769286
        1144     1.12518     1.19329  0.00768637
        1145     1.12395     1.19323   0.0076799
        1146     1.12281     1.19317  0.00767344
        1147     1.12175      1.1931    0.007667
        1148     1.12079     1.19304  0.00766058
        1149     1.11993     1.19298  0.00765418
        1150     1.11917     1.19291  0.00764779
        1151     1.11851     1.19285  0.00764142
        1152     1.11795     1.19278  0.00763506
        1153      1.1175     1.19272  0.00762872
        1154     1.11716     1.19265  0.00762239
        1155     1.11693     1.19259  0.00761607
        1156     1.11681     1.19252  0.00760977
        1157     1.11681     1.19246  0.00760347
        1158     1.11692     1.19239  0.00759719
        1159     1.11714     1.19233  0.00759091
        1160     1.11749     1.19226  0.00758464
        1161     1.11794      1.1922  0.00757838
        1162     1.11852     1.19213  0.00757212
        1163     1.11921     1.19207  0.00756587
        1164     1.12002     1.19201  0.00755962
        1165     1.12094     1.19195  0.00755338
        1166     1.12199     1.19189  0.00754714
        1167     1.12314     1.19183   0.0075409
        1168     1.12441     1.19177  0.00753467
        1169      1.1258     1.19171  0.00752843
        1170     1.12729     1.19166   0.0075222
        1171     1.12889     1.19161  0.00751597
        1172      1.1306     1.19155  0.00750973
        1173     1.13242      1.1915   0.0075035
        1174     1.13434     1.19145  0.00749727
        1175     1.13636     1.19141  0.00749103
        1176     1.13848     1.19136   0.0074848
        1177     1.14069     1.19132  0.00747856
        1178       1.143     1.19128  0.00747233
        1179     1.14539     1.19124  0.00746609
        1180     1.14787      1.1912  0.00745985
        1181     1.15043     1.19117  0.00745362
        1182     1.15307     1.19114  0.00744738
        1183     1.15578     1.19111  0.00744115
        1184     1.15856     1.19108  0.00743491
        1185      1.1614     1.19105  0.00742868
        1186     1.16431     1.19103  0.00742245
        1187     1.16727     1.19101  0.00741622
        1188     1.17028     1.19099     0.00741
        1189     1.17335     1.19098  0.00740379
        1190     1.17646     1.19097  0.00739757
        1191      1.1796     1.19096  0.00739137
        1192     1.18279     1.19095  0.00738517
        1193       1.186     1.19095  0.00737898
        1194     1.18924     1.19095   0.0073728
        1195      1.1925     1.19095  0.00736663
        1196     1.19577     1.19095  0.00736047
        1197     1.19905     1.19096  0.00735433
        1198     1.20234     1.19097   0.0073482
        1199     1.20564     1.19098  0.00734208
        1200     1.20893     1.19099  0.00733597
        1201     1.21221     1.19101  0.00732989
        1202     1.21548     1.19103  0.00732382
        1203     1.21874     1.19105  0.00731777
        1204     1.22197     1.19108  0.00731173
        1205     1.22518     1.19111  0.00730572
        1206     1.22836     1.19114  0.00729973
        1207     1.23151     1.19117  0.00729376
        1208     1.23462     1.19121  0.00728781
        1209     1.23768     1.19125  0.00728188
        1210     1.24071     1.19129  0.00727598
        1211     1.24368     1.19133   0.0072701
        1212      1.2466     1.19138  0.00726424
        1213     1.24947     1.19143  0.00725841
        1214     1.25227     1.19148   0.0072526
        1215       1.255     1.19153  0.00724682
        1216     1.25767     1.19158  0.00724107
        1217     1.26027     1.19164  0.00723534
        1218      1.2628      1.1917  0.00722963
        1219     1.26525     1.19176  0.00722396
        1220     1.26762     1.19182   0.0072183
        1221     1.26991     1.19188  0.00721267
        1222     1.27211     1.19195  0.00720707
        1223     1.27423     1.19202  0.00720149
        1224     1.27627     1.19209  0.00719594
        1225     1.27821     1.19216  0.00719041
        1226     1.28006     1.19223   0.0071849
        1227     1.28182      1.1923  0.00717941
        1228     1.28348     1.19237  0.00717395
        1229     1.28505     1.19245  0.00716851
        1230     1.28652     1.19253  0.00716309
        1231      1.2879      1.1926  0.00715769
        1232     1.28918     1.19268  0.00715231
        1233     1.29037     1.19276  0.00714695
        1234     1.29146     1.19284   0.0071416
        1235     1.29245     1.19292  0.00713628
        1236     1.29335       1.193  0.00713096
        1237     1.29415     1.19309  0.00712567
        1238     1.29486     1.19317  0.00712039
        1239     1.29547     1.19325  0.00711512
        1240       1.296     1.19333  0.00710986
        1241     1.29643     1.19342  0.00710462
        1242     1.29678      1.1935  0.00709939
        1243     1.29703     1.19358  0.00709416
        1244     1.29721     1.19367  0.00708895
        1245      1.2973     1.19375  0.00708374
        1246     1.29731     1.19383  0.00707855
        1247     1.29725     1.19391  0.00707336
        1248     1.29711       1.194  0.00706817
        1249     1.29691     1.19408  0.00706299
        1250     1.29664     1.19416  0.00705782
        1251      1.2963     1.19424  0.00705265
        1252      1.2959     1.19432  0.00704748
        1253     1.29545     1.19441  0.00704232
        1254     1.29496     1.19449  0.00703716
        1255     1.29441     1.19457  0.00703201
        1256     1.29382     1.19464  0.00702685
        1257     1.29319     1.19472   0.0070217
        1258     1.29252      1.1948  0.00701655
        1259     1.29182     1.19488   0.0070114
        1260      1.2911     1.19495  0.00700625
        1261     1.29035     1.19503   0.0070011
        1262     1.28958      1.1951  0.00699595
        1263      1.2888     1.19518  0.00699081
        1264     1.28802     1.19525  0.00698566
        1265     1.28723     1.19532  0.00698052
        1266     1.28644      1.1954  0.00697538
        1267     1.28565     1.19547  0.00697023
        1268     1.28487     1.19554  0.00696509
        1269      1.2841     1.19561  0.00695995
        1270     1.28335     1.19568  0.00695482
        1271     1.28262     1.19575  0.00694968
        1272     1.28192     1.19581  0.00694455
        1273     1.28124     1.19588  0.00693942
        1274     1.28058     1.19595  0.00693429
        1275     1.27997     1.19601  0.00692916
        1276     1.27938     1.19608  0.00692404
        1277     1.27884     1.19614  0.00691892
        1278     1.27835     1.19621  0.00691381
        1279      1.2779     1.19627   0.0069087
        1280     1.27749     1.19633  0.00690359
        1281     1.27714      1.1964  0.00689849
        1282     1.27685     1.19646  0.00689339
        1283      1.2766     1.19652   0.0068883
        1284     1.27642     1.19659  0.00688322
        1285      1.2763     1.19665  0.00687814
        1286     1.27623     1.19671  0.00687307
        1287     1.27623     1.19677  0.00686801
        1288     1.27629     1.19683  0.00686296
        1289     1.27642     1.19689  0.00685791
        1290     1.27661     1.19696  0.00685287
        1291     1.27686     1.19702  0.00684784
        1292     1.27718     1.19708  0.00684282
        1293     1.27756     1.19714  0.00683781
        1294     1.27801     1.19721  0.00683282
        1295     1.27852     1.19727  0.00682783
        1296      1.2791     1.19733  0.00682285
        1297     1.27974     1.19739  0.00681789
        1298     1.28044     1.19746  0.00681293
        1299      1.2812     1.19752    0.006808
        1300     1.28203     1.19759  0.00680307
        1301     1.28292     1.19765  0.00679816
        1302     1.28386     1.19772  0.00679326
        1303     1.28486     1.19779  0.00678837
        1304     1.28591     1.19785   0.0067835
        1305     1.28702     1.19792  0.00677865
        1306     1.28817     1.19799  0.00677381
        1307     1.28936     1.19806  0.00676899
        1308      1.2906     1.19813  0.00676418
        1309     1.29187      1.1982  0.00675939
        1310     1.29318     1.19828  0.00675462
        1311     1.29452     1.19835  0.00674987
        1312     1.29589     1.19842  0.00674514
        1313     1.29729      1.1985  0.00674042
        1314      1.2987     1.19858  0.00673572
        1315     1.30013     1.19865  0.00673104
        1316     1.30158     1.19873  0.00672638
        1317     1.30303     1.19881  0.00672174
        1318     1.30449     1.19889  0.00671712
        1319     1.30595     1.19897  0.00671251
        1320      1.3074     1.19905  0.00670793
        1321     1.30885     1.19914  0.00670337
        1322     1.31029     1.19922  0.00669883
        1323     1.31171     1.19931   0.0066943
        1324     1.31311     1.19939   0.0066898
        1325     1.31449     1.19948  0.00668531
        1326     1.31584     1.19957  0.00668085
        1327     1.31715     1.19966   0.0066764
        1328     1.31844     1.19974  0.00667197
        1329     1.31968     1.19983  0.00666756
        1330     1.32088     1.19993  0.00666317
        1331     1.32203     1.20002   0.0066588
        1332     1.32313     1.20011  0.00665444
        1333     1.32418      1.2002   0.0066501
        1334     1.32516      1.2003  0.00664577
        1335     1.32609     1.20039  0.00664146
        1336     1.32696     1.20049  0.00663717
        1337     1.32776     1.20058  0.00663288
        1338     1.32849     1.20068  0.00662862
        1339     1.32916     1.20077  0.00662436
        1340     1.32974     1.20087  0.00662011
        1341     1.33025     1.20097  0.00661588
        1342     1.33068     1.20106  0.00661166
        1343     1.33104     1.20116  0.00660744
        1344     1.33131     1.20126  0.00660324
        1345     1.33149     1.20135  0.00659904
        1346     1.33159     1.20145  0.00659484
        1347     1.33161     1.20155  0.00659065
        1348     1.33154     1.20164  0.00658647
        1349     1.33138     1.20174  0.00658229
        1350     1.33112     1.20183  0.00657811
        1351     1.33078     1.20193  0.00657394
        1352     1.33035     1.20202  0.00656976
        1353     1.32983     1.20212  0.00656558
        1354     1.32921     1.20221  0.00656141
        1355     1.32851     1.20231  0.00655722
        1356     1.32771      1.2024  0.00655304
        1357     1.32681     1.20249  0.00654885
        1358     1.32583     1.20258  0.00654466
        1359     1.32475     1.20267  0.00654046
        1360     1.32358     1.20276  0.00653626
        1361     1.32232     1.20285  0.00653205
        1362     1.32097     1.20293  0.00652782
        1363     1.31953     1.20302   0.0065236
        1364       1.318      1.2031  0.00651936
        1365     1.31638     1.20319  0.00651511
        1366     1.31468     1.20327  0.00651085
        1367      1.3129     1.20335  0.00650658
        1368     1.31103     1.20343   0.0065023
        1369     1.30908     1.20351  0.00649801
        1370     1.30704     1.20358  0.00649371
        1371     1.30493     1.20365  0.00648939
        1372     1.30275     1.20373  0.00648506
        1373     1.30048      1.2038  0.00648072
        1374     1.29814     1.20387  0.00647637
        1375     1.29573     1.20393    0.006472
        1376     1.29325       1.204  0.00646763
        1377     1.29069     1.20406  0.00646324
        1378     1.28807     1.20412  0.00645883
        1379     1.28538     1.20418  0.00645442
        1380     1.28264     1.20424  0.00644999
        1381     1.27983     1.20429  0.00644555
        1382     1.27696     1.20434   0.0064411
        1383     1.27403      1.2044  0.00643664
        1384     1.27105     1.20444  0.00643217
        1385     1.26801     1.20449  0.00642769
        1386     1.26493     1.20453   0.0064232
        1387      1.2618     1.20457   0.0064187
        1388     1.25863     1.20461   0.0064142
        1389     1.25541     1.20465  0.00640968
        1390     1.25215     1.20468  0.00640516
        1391     1.24886     1.20472  0.00640064
        1392     1.24553     1.20474  0.00639611
        1393     1.24216     1.20477  0.00639157
        1394     1.23877      1.2048  0.00638703
        1395     1.23534     1.20482  0.00638249
        1396     1.23189     1.20484  0.00637795
        1397     1.22841     1.20485  0.00637341
        1398     1.22491     1.20487  0.00636886
        1399      1.2214     1.20488  0.00636432
        1400     1.21786     1.20489  0.00635978
        1401     1.21432      1.2049  0.00635525
        1402     1.21076      1.2049  0.00635072
        1403     1.20718      1.2049  0.00634619
        1404     1.20361      1.2049  0.00634167
        1405     1.20003      1.2049  0.00633716
        1406     1.19644     1.20489  0.00633265
        1407     1.19286     1.20488  0.00632816
        1408     1.18927     1.20487  0.00632367
        1409     1.18569     1.20486   0.0063192
        1410     1.18212     1.20484  0.00631474
        1411     1.17855     1.20482  0.00631029
        1412       1.175      1.2048  0.00630586
        1413     1.17146     1.20478  0.00630144
        1414     1.16793     1.20475  0.00629704
        1415     1.16442     1.20472  0.00629265
        1416     1.16093     1.20469  0.00628828
        1417     1.15747     1.20466  0.00628393
        1418     1.15403     1.20462   0.0062796
        1419     1.15062     1.20459  0.00627529
        1420     1.14723     1.20455    0.006271
        1421     1.14388      1.2045  0.00626674
        1422     1.14057     1.20446  0.00626249
        1423     1.13729     1.20441  0.00625827
        1424     1.13405     1.20436  0.00625407
        1425     1.13085     1.20431  0.00624989
        1426     1.12769     1.20426  0.00624574
        1427     1.12459      1.2042  0.00624161
        1428     1.12153     1.20414  0.00623751
        1429     1.11852     1.20408  0.00623343
        1430     1.11556     1.20402  0.00622938
        1431     1.11265     1.20396  0.00622535
        1432     1.10981     1.20389  0.00622135
        1433     1.10702     1.20382  0.00621738
        1434     1.10429     1.20375  0.00621343
        1435     1.10163     1.20368  0.00620951
        1436     1.09903     1.20361  0.00620561
        1437      1.0965     1.20354  0.00620174
        1438     1.09405     1.20346   0.0061979
        1439     1.09166     1.20338  0.00619408
        1440     1.08935      1.2033  0.00619028
        1441     1.08712     1.20322  0.00618651
        1442     1.08496     1.20314  0.00618276
        1443     1.08288     1.20306  0.00617904
        1444     1.08089     1.20297  0.00617534
        1445     1.07898     1.20289  0.00617166
        1446     1.07715      1.2028  0.00616801
        1447     1.07541     1.20271  0.00616437
        1448     1.07376     1.20262  0.00616076
        1449     1.07219     1.20253  0.00615717
        1450     1.07072     1.20244  0.00615359
        1451     1.06935     1.20235  0.00615003
        1452     1.06806     1.20226  0.00614649
        1453     1.06687     1.20216  0.00614297
        1454     1.06578     1.20207  0.00613946
        1455     1.06479     1.20198  0.00613597
        1456     1.06388     1.20188  0.00613248
        1457     1.06308     1.20179  0.00612902
        1458     1.06238     1.20169  0.00612556
        1459     1.06177     1.20159  0.00612211
        1460     1.06126      1.2015  0.00611867
        1461     1.06086      1.2014  0.00611524
        1462     1.06055     1.20131  0.00611182
        1463     1.06034     1.20121   0.0061084
        1464     1.06022     1.20111  0.00610498
        1465     1.06021     1.20102  0.00610157
        1466     1.06029     1.20092  0.00609817
        1467     1.06047     1.20082  0.00609476
        1468     1.06075     1.20073  0.00609136
        1469     1.06112     1.20063  0.00608795
        1470     1.06158     1.20054  0.00608455
        1471     1.06214     1.20045  0.00608114
        1472     1.06279     1.20035  0.00607772
        1473     1.06353     1.20026  0.00607431
        1474     1.06435     1.20017  0.00607089
        1475     1.06527     1.20008  0.00606746
        1476     1.06627     1.19999  0.00606403
        1477     1.06735      1.1999  0.00606059
        1478     1.06852     1.19981  0.00605714
        1479     1.06977     1.19972  0.00605368
        1480      1.0711     1.19963  0.00605021
        1481     1.07251     1.19955  0.00604674
        1482     1.07399     1.19946  0.00604325
        1483     1.07555     1.19938  0.00603975
        1484     1.07717      1.1993  0.00603624
        1485     1.07886     1.19921  0.00603272
        1486     1.08062     1.19913  0.00602919
        1487     1.08245     1.19906  0.00602565
        1488     1.08434     1.19898  0.00602209
        1489     1.08628      1.1989  0.00601852
        1490     1.08829     1.19883  0.00601494
        1491     1.09035     1.19876  0.00601135
        1492     1.09246     1.19868  0.00600774
        1493     1.09463     1.19862  0.00600412
        1494     1.09684     1.19855  0.00600049
        1495      1.0991     1.19848  0.00599684
        1496     1.10141     1.19842  0.00599319
        1497     1.10376     1.19835  0.00598952
        1498     1.10616     1.19829  0.00598583
        1499     1.10859     1.19823  0.00598214
        1500     1.11106     1.19817  0.00597843
        1501     1.11357     1.19812  0.00597472
        1502     1.11611     1.19806  0.00597099
        1503     1.11869     1.19801  0.00596725
        1504     1.12129     1.19796   0.0059635
        1505     1.12393     1.19791  0.00595974
        1506     1.12659     1.19786  0.00595597
        1507     1.12928     1.19782  0.00595219
        1508     1.13199     1.19777  0.00594841
        1509     1.13472     1.19773  0.00594461
        1510     1.13748     1.19769  0.00594081
        1511     1.14025     1.19765    0.005937
        1512     1.14304     1.19762  0.00593318
        1513     1.14585     1.19758  0.00592936
        1514     1.14867     1.19755  0.00592553
        1515     1.15151     1.19752   0.0059217
        1516     1.15435     1.19749  0.00591786
        1517     1.15721     1.19746  0.00591402
        1518     1.16007     1.19744  0.00591017
        1519     1.16294     1.19742  0.00590633
        1520     1.16581      1.1974  0.00590248
        1521     1.16868     1.19738  0.00589863
        1522     1.17155     1.19736  0.00589477
        1523     1.17442     1.19735  0.00589092
        1524     1.17728     1.19733  0.00588707
        1525     1.18014     1.19732  0.00588322
        1526     1.18299     1.19731  0.00587937
        1527     1.18583      1.1973  0.00587553
        1528     1.18866      1.1973  0.00587169
        1529     1.19147     1.19729  0.00586785
        1530     1.19426     1.19729  0.00586401
        1531     1.19704     1.19729  0.00586018
        1532     1.19979     1.19729  0.00585636
        1533     1.20251      1.1973  0.00585254
        1534     1.20521      1.1973  0.00584873
        1535     1.20788     1.19731  0.00584492
        1536     1.21052     1.19732  0.00584112
        1537     1.21312     1.19733  0.00583733
        1538     1.21568     1.19734  0.00583355
        1539     1.21821     1.19735  0.00582977
        1540     1.22069     1.19737  0.00582601
        1541     1.22313     1.19739  0.00582225
        1542     1.22552      1.1974   0.0058185
        1543     1.22787     1.19742  0.00581476
        1544     1.23016     1.19744  0.00581104
        1545      1.2324     1.19747  0.00580732
        1546     1.23458     1.19749  0.00580361
        1547     1.23671     1.19752  0.00579992
        1548     1.23878     1.19754  0.00579623
        1549     1.24079     1.19757  0.00579256
        1550     1.24273      1.1976  0.00578889
        1551     1.24461     1.19763  0.00578524
        1552     1.24642     1.19766   0.0057816
        1553     1.24816     1.19769  0.00577797
        1554     1.24984     1.19773  0.00577435
        1555     1.25144     1.19776  0.00577074
        1556     1.25298      1.1978  0.00576714
        1557     1.25443     1.19783  0.00576355
        1558     1.25582     1.19787  0.00575997
        1559     1.25712     1.19791   0.0057564
        1560     1.25835     1.19795  0.00575284
        1561      1.2595     1.19799  0.00574929
        1562     1.26056     1.19803  0.00574575
        1563     1.26155     1.19807  0.00574221
        1564     1.26246     1.19811  0.00573869
        1565     1.26328     1.19815  0.00573518
        1566     1.26402     1.19819  0.00573167
        1567     1.26468     1.19824  0.00572817
        1568     1.26525     1.19828  0.00572467
        1569     1.26574     1.19832  0.00572119
        1570     1.26615     1.19837   0.0057177
        1571     1.26647     1.19841  0.00571423
        1572     1.26671     1.19845  0.00571076
        1573     1.26687      1.1985  0.00570729
        1574     1.26694     1.19854  0.00570383
        1575     1.26693     1.19858  0.00570038
        1576     1.26684     1.19863  0.00569693
        1577     1.26667     1.19867  0.00569348
        1578     1.26642     1.19871  0.00569003
        1579     1.26609     1.19875  0.00568659
        1580     1.26568      1.1988  0.00568315
        1581     1.26519     1.19884  0.00567971
        1582     1.26462     1.19888  0.00567627
        1583     1.26398     1.19892  0.00567283
        1584     1.26326     1.19896   0.0056694
        1585     1.26246       1.199  0.00566596
        1586      1.2616     1.19904  0.00566252
        1587     1.26067     1.19908  0.00565909
        1588     1.25966     1.19912  0.00565565
        1589     1.25859     1.19916  0.00565222
        1590     1.25746     1.19919  0.00564878
        1591     1.25626     1.19923  0.00564535
        1592     1.25499     1.19926  0.00564191
        1593     1.25367      1.1993  0.00563847
        1594     1.25229     1.19933  0.00563503
        1595     1.25085     1.19936  0.00563159
        1596     1.24937     1.19939  0.00562815
        1597     1.24783     1.19943  0.00562471
        1598     1.24624     1.19945  0.00562126
        1599      1.2446     1.19948  0.00561782
        1600     1.24292     1.19951  0.00561437
        1601      1.2412     1.19954  0.00561093
        1602     1.23943     1.19956  0.00560748
        1603     1.23763     1.19958  0.00560403
        1604     1.23579     1.19961  0.00560058
        1605     1.23392     1.19963  0.00559714
        1606     1.23202     1.19965  0.00559369
        1607     1.23009     1.19967  0.00559024
        1608     1.22814     1.19969  0.00558679
        1609     1.22616      1.1997  0.00558334
        1610     1.22417     1.19972  0.00557989
        1611     1.22215     1.19973  0.00557645
        1612     1.22013     1.19974    0.005573
        1613      1.2181     1.19975  0.00556956
        1614     1.21606     1.19976  0.00556612
        1615     1.21402     1.19977  0.00556268
        1616     1.21198     1.19978  0.00555924
        1617     1.20994     1.19979  0.00555581
        1618     1.20791     1.19979  0.00555238
        1619     1.20588      1.1998  0.00554895
        1620     1.20387      1.1998  0.00554552
        1621     1.20187      1.1998   0.0055421
        1622     1.19989      1.1998  0.00553868
        1623     1.19793      1.1998  0.00553527
        1624     1.19598      1.1998  0.00553186
        1625     1.19406     1.19979  0.00552846
        1626     1.19216     1.19979  0.00552506
        1627     1.19029     1.19978  0.00552167
        1628     1.18845     1.19978  0.00551828
        1629     1.18665     1.19977   0.0055149
        1630     1.18488     1.19976  0.00551153
        1631     1.18314     1.19975  0.00550816
        1632     1.18145     1.19974  0.00550479
        1633     1.17981     1.19972  0.00550143
        1634      1.1782     1.19971  0.00549808
        1635     1.17665      1.1997  0.00549474
        1636     1.17515     1.19968   0.0054914
        1637     1.17369     1.19967  0.00548807
        1638      1.1723     1.19965  0.00548474
        1639     1.17096     1.19963  0.00548143
        1640     1.16968     1.19961  0.00547811
        1641     1.16846      1.1996  0.00547481
        1642      1.1673     1.19958  0.00547151
        1643     1.16621     1.19956  0.00546822
        1644     1.16519     1.19953  0.00546493
        1645     1.16423     1.19951  0.00546165
        1646     1.16335     1.19949  0.00545838
        1647     1.16253     1.19947  0.00545511
        1648     1.16179     1.19945  0.00545185
        1649     1.16113     1.19942  0.00544859
        1650     1.16054      1.1994  0.00544534
        1651     1.16003     1.19937  0.00544209
        1652     1.15959     1.19935  0.00543885
        1653     1.15924     1.19933  0.00543562
        1654     1.15896      1.1993  0.00543238
        1655     1.15877     1.19928  0.00542916
        1656     1.15866     1.19925  0.00542593
        1657     1.15863     1.19923  0.00542271
        1658     1.15868      1.1992   0.0054195
        1659     1.15881     1.19918  0.00541629
        1660     1.15902     1.19916  0.00541308
        1661     1.15932     1.19913  0.00540987
        1662      1.1597     1.19911  0.00540667
        1663     1.16016     1.19908  0.00540347
        1664      1.1607     1.19906  0.00540027
        1665     1.16132     1.19904  0.00539708
        1666     1.16201     1.19902  0.00539388
        1667     1.16279     1.19899  0.00539069
        1668     1.16363     1.19897   0.0053875
        1669     1.16455     1.19895  0.00538431
        1670     1.16555     1.19893  0.00538112
        1671     1.16661     1.19891  0.00537794
        1672     1.16774      1.1989  0.00537475
        1673     1.16893     1.19888  0.00537157
        1674     1.17019     1.19886  0.00536839
        1675     1.17151     1.19884  0.00536521
        1676     1.17288     1.19883  0.00536203
        1677     1.17431     1.19881  0.00535885
        1678     1.17579      1.1988  0.00535568
        1679     1.17733     1.19879   0.0053525
        1680      1.1789     1.19878  0.00534933
        1681     1.18052     1.19876  0.00534616
        1682     1.18218     1.19875  0.00534299
        1683     1.18387     1.19875  0.00533982
        1684     1.18559     1.19874  0.00533666
        1685     1.18734     1.19873  0.00533349
        1686     1.18912     1.19873  0.00533033
        1687     1.19091     1.19872  0.00532718
        1688     1.19273     1.19872  0.00532402
        1689     1.19455     1.19871  0.00532087
        1690     1.19639     1.19871  0.00531772
        1691     1.19822     1.19871  0.00531458
        1692     1.20007     1.19871  0.00531144
        1693     1.20191     1.19872   0.0053083
        1694     1.20374     1.19872  0.00530517
        1695     1.20557     1.19872  0.00530204
        1696     1.20739     1.19873  0.00529891
        1697     1.20919     1.19873  0.00529579
        1698     1.21097     1.19874  0.00529268
        1699     1.21273     1.19875  0.00528957
        1700     1.21447     1.19876  0.00528647
        1701     1.21618     1.19877  0.00528337
        1702     1.21786     1.19878  0.00528028
        1703      1.2195     1.19879  0.00527719
        1704     1.22111     1.19881  0.00527411
        1705     1.22268     1.19882  0.00527104
        1706     1.22422     1.19883  0.00526797
        1707      1.2257     1.19885  0.00526491
        1708     1.22715     1.19887  0.00526185
        1709     1.22855     1.19888   0.0052588
        1710      1.2299      1.1989  0.00525575
        1711      1.2312     1.19892  0.00525272
        1712     1.23245     1.19894  0.00524969
        1713     1.23365     1.19896  0.00524666
        1714      1.2348     1.19898  0.00524364
        1715     1.23589       1.199  0.00524063
        1716     1.23693     1.19903  0.00523762
        1717     1.23791     1.19905  0.00523462
        1718     1.23884     1.19907  0.00523162
        1719     1.23971     1.19909  0.00522863
        1720     1.24053     1.19912  0.00522565
        1721     1.24129     1.19914  0.00522267
        1722     1.24199     1.19917   0.0052197
        1723     1.24264     1.19919  0.00521673
        1724     1.24324     1.19922  0.00521376
        1725     1.24378     1.19924  0.00521081
        1726     1.24426     1.19927  0.00520785
        1727      1.2447      1.1993   0.0052049
        1728     1.24509     1.19932  0.00520196
        1729     1.24542     1.19935  0.00519902
        1730     1.24571     1.19938  0.00519608
        1731     1.24595      1.1994  0.00519315
        1732     1.24614     1.19943  0.00519022
        1733     1.24629     1.19946   0.0051873
        1734     1.24639     1.19949  0.00518438
        1735     1.24646     1.19951  0.00518146
        1736     1.24648     1.19954  0.00517854
        1737     1.24647     1.19957  0.00517563
        1738     1.24642     1.19959  0.00517273
        1739     1.24634     1.19962  0.00516982
        1740     1.24623     1.19965  0.00516692
        1741     1.24608     1.19967  0.00516402
        1742     1.24591      1.1997  0.00516112
        1743     1.24571     1.19973  0.00515823
        1744     1.24548     1.19975  0.00515534
        1745     1.24524     1.19978  0.00515245
        1746     1.24497      1.1998  0.00514956
        1747     1.24468     1.19983  0.00514668
        1748     1.24437     1.19986   0.0051438
        1749     1.24405     1.19988  0.00514092
        1750     1.24371     1.19991  0.00513804
        1751     1.24335     1.19993  0.00513517
        1752     1.24299     1.19996   0.0051323
        1753     1.24261     1.19998  0.00512943
        1754     1.24223         1.2  0.00512656
        1755     1.24184     1.20003  0.00512369
        1756     1.24144     1.20005  0.00512083
        1757     1.24104     1.20007  0.00511797
        1758     1.24063      1.2001  0.00511511
        1759     1.24022     1.20012  0.00511225
        1760     1.23981     1.20014   0.0051094
        1761      1.2394     1.20017  0.00510654
        1762     1.23899     1.20019  0.00510369
        1763     1.23857     1.20021  0.00510085
        1764     1.23816     1.20023    0.005098
        1765     1.23775     1.20025  0.00509516
        1766     1.23734     1.20027  0.00509231
        1767     1.23693     1.20029  0.00508947
        1768     1.23653     1.20031  0.00508664
        1769     1.23613     1.20033   0.0050838
        1770     1.23573     1.20035  0.00508097
        1771     1.23534     1.20037  0.00507814
        1772     1.23495     1.20039  0.00507531
        1773     1.23456     1.20041  0.00507248
        1774     1.23418     1.20043  0.00506966
        1775     1.23381     1.20045  0.00506684
        1776     1.23344     1.20047  0.00506402
        1777     1.23307     1.20049   0.0050612
        1778      1.2327     1.20051  0.00505839
        1779     1.23234     1.20052  0.00505558
        1780     1.23198     1.20054  0.00505277
        1781     1.23163     1.20056  0.00504996
        1782     1.23128     1.20058  0.00504716
        1783     1.23093     1.20059  0.00504435
        1784     1.23058     1.20061  0.00504156
        1785     1.23023     1.20063  0.00503876
        1786     1.22989     1.20064  0.00503596
        1787     1.22954     1.20066  0.00503317
        1788      1.2292     1.20068  0.00503038
        1789     1.22886     1.20069  0.00502759
        1790     1.22852     1.20071  0.00502481
        1791     1.22818     1.20072  0.00502203
        1792     1.22784     1.20074  0.00501925
        1793     1.22751     1.20075  0.00501647
        1794     1.22717     1.20077   0.0050137
        1795     1.22683     1.20078  0.00501092
        1796     1.22649      1.2008  0.00500815
        1797     1.22615     1.20081  0.00500539
        1798     1.22581     1.20082  0.00500262
        1799     1.22547     1.20084  0.00499986
        1800     1.22512     1.20085   0.0049971
        1801     1.22477     1.20086  0.00499434
        1802     1.22443     1.20088  0.00499159
        1803     1.22407     1.20089  0.00498884
        1804     1.22372      1.2009  0.00498609
        1805     1.22336     1.20092  0.00498334
        1806     1.22299     1.20093   0.0049806
        1807     1.22263     1.20094  0.00497786
        1808     1.22225     1.20095  0.00497512
        1809     1.22187     1.20096  0.00497238
        1810     1.22149     1.20097  0.00496965
        1811      1.2211     1.20099  0.00496691
        1812      1.2207       1.201  0.00496418
        1813      1.2203     1.20101  0.00496146
        1814     1.21989     1.20102  0.00495873
        1815     1.21948     1.20103  0.00495601
        1816     1.21905     1.20104  0.00495329
        1817     1.21862     1.20105  0.00495058
        1818     1.21817     1.20106  0.00494786
        1819     1.21772     1.20107  0.00494515
        1820     1.21726     1.20107  0.00494244
        1821     1.21679     1.20108  0.00493973
        1822     1.21631     1.20109  0.00493703
        1823     1.21582      1.2011  0.00493433
        1824     1.21531     1.20111  0.00493163
        1825     1.21479     1.20111  0.00492893
        1826     1.21426     1.20112  0.00492624
        1827     1.21372     1.20113  0.00492355
        1828     1.21316     1.20114  0.00492086
        1829     1.21259     1.20114  0.00491817
        1830       1.212     1.20115  0.00491549
        1831     1.21139     1.20115  0.00491281
        1832     1.21077     1.20116  0.00491013
        1833     1.21012     1.20116  0.00490745
        1834     1.20946     1.20117  0.00490478
        1835     1.20879     1.20117  0.00490211
        1836     1.20809     1.20118  0.00489944
        1837     1.20737     1.20118  0.00489677
        1838     1.20663     1.20118  0.00489411
        1839     1.20587     1.20118  0.00489145
        1840     1.20509     1.20119  0.00488879
        1841     1.20428     1.20119  0.00488614
        1842     1.20345     1.20119  0.00488348
        1843      1.2026     1.20119  0.00488083
        1844     1.20172     1.20119  0.00487819
        1845     1.20082     1.20119  0.00487554
        1846      1.1999     1.20119   0.0048729
        1847     1.19894     1.20119  0.00487026
        1848     1.19796     1.20119  0.00486763
        1849     1.19696     1.20118    0.004865
        1850     1.19593     1.20118  0.00486237
        1851     1.19487     1.20118  0.00485974
        1852     1.19378     1.20117  0.00485712
        1853     1.19267     1.20117   0.0048545
        1854     1.19152     1.20116  0.00485188
        1855     1.19035     1.20116  0.00484927
        1856     1.18915     1.20115  0.00484666
        1857     1.18792     1.20115  0.00484406
        1858     1.18667     1.20114  0.00484146
        1859     1.18539     1.20113  0.00483886
        1860     1.18408     1.20112  0.00483627
        1861     1.18274     1.20111  0.00483368
        1862     1.18138      1.2011   0.0048311
        1863     1.17999     1.20109  0.00482852
        1864     1.17858     1.20108  0.00482594
        1865     1.17714     1.20106  0.00482337
        1866     1.17567     1.20105   0.0048208
        1867     1.17419     1.20103  0.00481824
        1868     1.17267     1.20102  0.00481569
        1869     1.17114       1.201  0.00481314
        1870     1.16959     1.20099  0.00481059
        1871     1.16802     1.20097  0.00480805
        1872     1.16643     1.20095  0.00480552
        1873     1.16482     1.20093  0.00480299
        1874      1.1632     1.20091  0.00480047
        1875     1.16157     1.20089  0.00479796
        1876     1.15992     1.20087  0.00479545
        1877     1.15827     1.20085  0.00479295
        1878      1.1566     1.20082  0.00479046
        1879     1.15494      1.2008  0.00478797
        1880     1.15326     1.20077  0.00478549
        1881     1.15159     1.20075  0.00478302
        1882     1.14992     1.20072  0.00478055
        1883     1.14825     1.20069  0.00477809
        1884     1.14659     1.20066  0.00477564
        1885     1.14493     1.20063   0.0047732
        1886     1.14329      1.2006  0.00477077
        1887     1.14167     1.20057  0.00476834
        1888     1.14006     1.20054  0.00476592
        1889     1.13847     1.20051  0.00476351
        1890     1.13691     1.20047  0.00476111
        1891     1.13536     1.20044  0.00475872
        1892     1.13385      1.2004  0.00475633
        1893     1.13237     1.20037  0.00475396
        1894     1.13092     1.20033  0.00475159
        1895     1.12951     1.20029  0.00474923
        1896     1.12814     1.20026  0.00474688
        1897     1.12681     1.20022  0.00474453
        1898     1.12554     1.20018  0.00474219
        1899     1.12431     1.20014  0.00473987
        1900     1.12313      1.2001  0.00473754
        1901       1.122     1.20006  0.00473523
        1902     1.12094     1.20001  0.00473292
        1903     1.11993     1.19997  0.00473062
        1904     1.11899     1.19993  0.00472833
        1905     1.11811     1.19989  0.00472604
        1906      1.1173     1.19984  0.00472376
        1907     1.11655      1.1998  0.00472149
        1908     1.11588     1.19976  0.00471922
        1909     1.11528     1.19971  0.00471695
        1910     1.11476     1.19967  0.00471469
        1911     1.11431     1.19962  0.00471244
        1912     1.11394     1.19958  0.00471019
        1913     1.11365     1.19953  0.00470794
        1914     1.11345     1.19949  0.00470569
        1915     1.11332     1.19944  0.00470345
        1916     1.11328      1.1994  0.00470121
        1917     1.11332     1.19935  0.00469897
        1918     1.11344     1.19931  0.00469674
        1919     1.11364     1.19926   0.0046945
        1920     1.11393     1.19922  0.00469227
        1921      1.1143     1.19917  0.00469003
        1922     1.11475     1.19913   0.0046878
        1923     1.11528     1.19909  0.00468556
        1924     1.11589     1.19904  0.00468333
        1925     1.11658       1.199  0.00468109
        1926     1.11735     1.19896  0.00467885
        1927      1.1182     1.19892  0.00467661
        1928     1.11912     1.19888  0.00467437
        1929     1.12012     1.19883  0.00467212
        1930     1.12119     1.19879  0.00466988
        1931     1.12233     1.19875  0.00466763
        1932     1.12354     1.19872  0.00466537
        1933     1.12482     1.19868  0.00466312
        1934     1.12615     1.19864  0.00466085
        1935     1.12754      1.1986  0.00465859
        1936     1.12899     1.19857  0.00465632
        1937      1.1305     1.19853  0.00465405
        1938     1.13205      1.1985  0.00465178
        1939     1.13365     1.19846   0.0046495
        1940     1.13529     1.19843  0.00464722
        1941     1.13697      1.1984  0.00464493
        1942     1.13869     1.19837  0.00464264
        1943     1.14044     1.19834  0.00464035
        1944     1.14223     1.19831  0.00463805
        1945     1.14403     1.19828  0.00463575
        1946     1.14586     1.19826  0.00463344
        1947      1.1477     1.19823  0.00463114
        1948     1.14955     1.19821  0.00462883
        1949     1.15142     1.19818  0.00462651
        1950     1.15329     1.19816   0.0046242
        1951     1.15516     1.19814  0.00462188
        1952     1.15703     1.19811  0.00461956
        1953     1.15889     1.19809  0.00461724
        1954     1.16075     1.19808  0.00461492
        1955     1.16258     1.19806  0.00461259
        1956      1.1644     1.19804  0.00461027
        1957      1.1662     1.19802  0.00460794
        1958     1.16797     1.19801  0.00460561
        1959     1.16971     1.19799  0.00460328
        1960     1.17142     1.19798  0.00460095
        1961     1.17309     1.19797  0.00459862
        1962     1.17472     1.19796   0.0045963
        1963      1.1763     1.19795  0.00459397
        1964     1.17784     1.19793  0.00459164
        1965     1.17934     1.19793  0.00458931
        1966     1.18078     1.19792  0.00458699
        1967     1.18217     1.19791  0.00458466
        1968      1.1835      1.1979  0.00458234
        1969     1.18478     1.19789  0.00458002
        1970       1.186     1.19789  0.00457769
        1971     1.18716     1.19788  0.00457538
        1972     1.18825     1.19788  0.00457306
        1973     1.18928     1.19787  0.00457074
        1974     1.19024     1.19787  0.00456843
        1975     1.19114     1.19787  0.00456612
        1976     1.19197     1.19786  0.00456381
        1977     1.19274     1.19786   0.0045615
        1978     1.19344     1.19786  0.00455919
        1979     1.19408     1.19786  0.00455689
        1980     1.19465     1.19786  0.00455459
        1981     1.19516     1.19785  0.00455229
        1982     1.19561     1.19785  0.00454999
        1983     1.19599     1.19785   0.0045477
        1984     1.19632     1.19785  0.00454541
        1985     1.19659     1.19785  0.00454312
        1986     1.19681     1.19785  0.00454083
        1987     1.19697     1.19785  0.00453854
        1988     1.19709     1.19785  0.00453626
        1989     1.19715     1.19785  0.00453398
        1990     1.19718     1.19785   0.0045317
        1991     1.19717     1.19785  0.00452943
        1992     1.19712     1.19785  0.00452715
        1993     1.19704     1.19785  0.00452488
        1994     1.19693     1.19785  0.00452261
        1995     1.19679     1.19785  0.00452034
        1996     1.19664     1.19785  0.00451808
        1997     1.19646     1.19785  0.00451582
        1998     1.19628     1.19784  0.00451356
        1999     1.19608     1.19784   0.0045113
        2000     1.19589     1.19784  0.00450904
