           1      1.5415      1.5415           0
           2     1.54135     1.54143 5.25328e-05
           3     1.54091     1.54125 0.000145729
           4     1.54016     1.54098 0.000259729
           5     1.53913     1.54061 0.000391314
           6     1.53779     1.54014 0.000538366
           7     1.53617     1.53957 0.000699375
           8     1.53425     1.53891 0.000873187
           9     1.53203     1.53814  0.00105889
          10     1.52952     1.53728  0.00125567
          11     1.52673     1.53632  0.00146289
          12     1.52364     1.53526  0.00168004
          13     1.52026     1.53411  0.00190655
          14     1.51659     1.53286  0.00214193
          15     1.51264     1.53151   0.0023858
          16     1.50841     1.53007  0.00263776
          17     1.50389     1.52853  0.00289745
          18     1.49909     1.52689  0.00316455
          19     1.49401     1.52516  0.00343877
          20     1.48865     1.52334  0.00371994
          21     1.48301     1.52142  0.00400786
          22     1.47709      1.5194  0.00430231
          23      1.4709     1.51729   0.0046031
          24     1.46443     1.51509  0.00491006
          25     1.45768     1.51279  0.00522305
          26     1.45066      1.5104  0.00554193
          27     1.44336     1.50792  0.00586658
          28     1.43579     1.50534  0.00619686
          29     1.42795     1.50268  0.00653263
          30     1.41984     1.49991  0.00687376
          31     1.41145     1.49706  0.00722011
          32      1.4028     1.49412  0.00757153
          33     1.39389     1.49108  0.00792789
          34     1.38471     1.48795  0.00828905
          35     1.37527     1.48473  0.00865488
          36     1.36557     1.48142  0.00902525
          37     1.35561     1.47802  0.00940001
          38     1.34541     1.47453  0.00977902
          39     1.33495     1.47095   0.0101621
          40     1.32425     1.46728   0.0105492
          41      1.3133     1.46353     0.01094
          42     1.30212     1.45969   0.0113344
          43     1.29071     1.45576   0.0117323
          44     1.27906     1.45174   0.0121335
          45     1.26719     1.44764   0.0125378
          46      1.2551     1.44345    0.012945
          47      1.2428     1.43918    0.013355
          48     1.23029     1.43483   0.0137676
          49     1.21758      1.4304   0.0141826
          50     1.20467     1.42588   0.0145998
          51     1.19157     1.42129   0.0150191
          52     1.17829     1.41662   0.0154402
          53     1.16483     1.41187   0.0158629
          54      1.1512     1.40704    0.016287
          55     1.13742     1.40214   0.0167123
          56     1.12349     1.39716   0.0171387
          57     1.10941     1.39211   0.0175658
          58      1.0952     1.38699   0.0179934
          59     1.08086      1.3818   0.0184214
          60     1.06641     1.37655   0.0188494
          61     1.05186     1.37122   0.0192773
          62     1.03721     1.36584   0.0197047
          63     1.02248     1.36039   0.0201316
          64     1.00768     1.35488   0.0205575
          65    0.992816     1.34931   0.0209823
          66    0.977904     1.34368   0.0214057
          67    0.962956       1.338   0.0218274
          68    0.947983     1.33226   0.0222472
          69    0.932998     1.32647   0.0226648
          70    0.918014     1.32064     0.02308
          71    0.903043     1.31476   0.0234924
          72    0.888098     1.30883   0.0239018
          73    0.873194     1.30286   0.0243079
          74    0.858343     1.29686   0.0247105
          75    0.843558     1.29081   0.0251093
          76    0.828854     1.28473   0.0255041
          77    0.814244     1.27862   0.0258945
          78    0.799741     1.27248   0.0262802
          79    0.785359     1.26632   0.0266612
          80    0.771112     1.26013   0.0270369
          81    0.757014     1.25392   0.0274073
          82    0.743078     1.24769   0.0277721
          83    0.729317     1.24144    0.028131
          84    0.715744     1.23518   0.0284837
          85    0.702371     1.22892   0.0288301
          86    0.689212     1.22264   0.0291699
          87    0.676279     1.21636   0.0295029
          88    0.663582     1.21008   0.0298288
          89    0.651135      1.2038   0.0301476
          90    0.638948     1.19752   0.0304589
          91    0.627031     1.19125   0.0307626
          92    0.615395     1.18499   0.0310585
          93     0.60405     1.17875   0.0313464
          94    0.593005     1.17252   0.0316262
          95    0.582269      1.1663   0.0318978
          96     0.57185     1.16011   0.0321609
          97    0.561756     1.15394   0.0324155
          98    0.551992      1.1478   0.0326615
          99    0.542567     1.14169   0.0328988
         100    0.533484      1.1356   0.0331272
         101     0.52475     1.12956   0.0333468
         102    0.516369     1.12354   0.0335573
         103    0.508344     1.11757   0.0337589
         104    0.500679     1.11164   0.0339514
         105    0.493376     1.10575   0.0341348
         106    0.486436     1.09991   0.0343092
         107    0.479862     1.09411   0.0344744
         108    0.473652     1.08837   0.0346306
         109    0.467808     1.08268   0.0347777
         110    0.462328     1.07704   0.0349158
         111     0.45721     1.07145    0.035045
         112    0.452454     1.06593   0.0351651
         113    0.448057     1.06046   0.0352765
         114    0.444014     1.05505   0.0353791
         115    0.440324      1.0497   0.0354729
         116    0.436982     1.04442   0.0355582
         117    0.433983     1.03921    0.035635
         118    0.431322     1.03405   0.0357035
         119    0.428994     1.02897   0.0357636
         120    0.426993     1.02395   0.0358157
         121    0.425311     1.01901   0.0358598
         122    0.423944     1.01413    0.035896
         123    0.422883     1.00932   0.0359246
         124    0.422122     1.00459   0.0359457
         125    0.421653    0.999922   0.0359593
         126    0.421468    0.995331   0.0359658
         127    0.421558    0.990813   0.0359652
         128    0.421917    0.986369   0.0359578
         129    0.422536    0.981998   0.0359438
         130    0.423405    0.977701   0.0359232
         131    0.424516    0.973478   0.0358963
         132    0.425861    0.969329   0.0358633
         133     0.42743    0.965255   0.0358243
         134    0.429215    0.961255   0.0357796
         135    0.431207    0.957328   0.0357294
         136    0.433396    0.953476   0.0356738
         137    0.435774    0.949697   0.0356129
         138    0.438332    0.945992   0.0355471
         139    0.441061    0.942359   0.0354765
         140    0.443951    0.938799   0.0354013
         141    0.446995    0.935311   0.0353216
         142    0.450184    0.931895   0.0352377
         143     0.45351    0.928549   0.0351497
         144    0.456963    0.925274   0.0350579
         145    0.460536    0.922069   0.0349623
         146    0.464221    0.918933   0.0348632
         147    0.468009    0.915866   0.0347607
         148    0.471893    0.912866    0.034655
         149    0.475864    0.909933   0.0345463
         150    0.479915    0.907066   0.0344348
         151    0.484039    0.904265   0.0343205
         152     0.48823    0.901528   0.0342037
         153    0.492479    0.898854   0.0340845
         154    0.496781    0.896243    0.033963
         155    0.501128    0.893694   0.0338394
         156    0.505514    0.891206   0.0337138
         157    0.509934    0.888777   0.0335864
         158    0.514381    0.886408   0.0334574
         159    0.518849    0.884096   0.0333267
         160    0.523333    0.881841   0.0331946
         161    0.527828    0.879642   0.0330612
         162    0.532329    0.877499   0.0329265
         163    0.536831    0.875409   0.0327908
         164    0.541328    0.873372    0.032654
         165    0.545817    0.871386   0.0325164
         166    0.550293    0.869452    0.032378
         167    0.554753    0.867568   0.0322389
         168    0.559192    0.865732   0.0320993
         169    0.563607    0.863944   0.0319591
         170    0.567994    0.862203   0.0318185
         171    0.572351    0.860508   0.0316775
         172    0.576673    0.858858   0.0315363
         173    0.580957    0.857252   0.0313949
         174    0.585201    0.855688   0.0312533
         175    0.589402    0.854167   0.0311118
         176    0.593558    0.852686   0.0309702
         177    0.597664    0.851245   0.0308287
         178    0.601721    0.849843   0.0306874
         179    0.605725     0.84848   0.0305463
         180    0.609674    0.847153   0.0304054
         181    0.613567    0.845862   0.0302647
         182    0.617401    0.844607   0.0301245
         183    0.621175    0.843386   0.0299846
         184    0.624887    0.842199   0.0298451
         185    0.628535    0.841044   0.0297062
         186    0.632118     0.83992   0.0295677
         187    0.635635    0.838828   0.0294297
         188    0.639083    0.837765   0.0292924
         189    0.642462    0.836732   0.0291556
         190     0.64577    0.835727   0.0290195
         191    0.649006    0.834749    0.028884
         192     0.65217    0.833799   0.0287492
         193     0.65526    0.832873   0.0286151
         194    0.658275    0.831973   0.0284818
         195    0.661213    0.831098   0.0283492
         196    0.664073    0.830246   0.0282173
         197    0.666853    0.829416   0.0280863
         198    0.669554    0.828609    0.027956
         199    0.672175    0.827823   0.0278266
         200    0.674713    0.827057    0.027698
         201    0.677169    0.826311   0.0275702
         202    0.679541    0.825585   0.0274433
         203     0.68183    0.824877   0.0273173
         204    0.684033    0.824186   0.0271921
         205    0.686151    0.823513   0.0270678
         206    0.688182    0.822856   0.0269444
         207    0.690126    0.822215   0.0268218
         208    0.691983    0.821589   0.0267002
         209    0.693752    0.820977   0.0265794
         210    0.695433    0.820379   0.0264596
         211    0.697026    0.819795   0.0263406
         212    0.698529    0.819223   0.0262226
         213    0.699942    0.818663   0.0261055
         214    0.701265    0.818114   0.0259892
         215    0.702498    0.817576   0.0258739
         216     0.70364    0.817049   0.0257595
         217    0.704693    0.816531    0.025646
         218    0.705655    0.816022   0.0255334
         219    0.706528    0.815522   0.0254217
         220    0.707312    0.815031   0.0253109
         221    0.708008    0.814546    0.025201
         222    0.708616    0.814069    0.025092
         223    0.709138    0.813599   0.0249839
         224    0.709573    0.813134   0.0248767
         225    0.709922    0.812675   0.0247704
         226    0.710188    0.812222   0.0246649
         227    0.710369    0.811773   0.0245603
         228    0.710468    0.811329   0.0244566
         229    0.710486    0.810889   0.0243538
         230    0.710424    0.810452   0.0242518
         231    0.710285    0.810018   0.0241507
         232     0.71007    0.809587   0.0240505
         233     0.70978    0.809159   0.0239511
         234    0.709419    0.808733   0.0238525
         235    0.708988    0.808308   0.0237548
         236    0.708491    0.807885   0.0236579
         237    0.707929    0.807464   0.0235618
         238    0.707306    0.807043   0.0234666
         239    0.706623    0.806623   0.0233721
         240    0.705883    0.806203   0.0232785
         241     0.70509    0.805783   0.0231857
         242    0.704247    0.805364   0.0230937
         243    0.703356    0.804944   0.0230025
         244     0.70242    0.804524    0.022912
         245    0.701445    0.804103   0.0228224
         246    0.700432    0.803682   0.0227335
         247    0.699385    0.803259   0.0226454
         248     0.69831    0.802836    0.022558
         249    0.697209    0.802412   0.0224714
         250    0.696086    0.801987   0.0223856
         251    0.694943     0.80156   0.0223004
         252    0.693785    0.801133   0.0222161
         253    0.692615    0.800704   0.0221324
         254    0.691438    0.800273   0.0220494
         255    0.690256    0.799842   0.0219672
         256    0.689072    0.799409   0.0218856
         257    0.687893    0.798975   0.0218048
         258    0.686723     0.79854   0.0217246
         259    0.685563    0.798104   0.0216451
         260    0.684416    0.797667   0.0215663
         261    0.683287    0.797229   0.0214881
         262    0.682179    0.796789   0.0214106
         263    0.681094     0.79635   0.0213337
         264    0.680038    0.795909   0.0212574
         265    0.679013    0.795468   0.0211818
         266    0.678022    0.795026   0.0211067
         267    0.677068    0.794585   0.0210323
         268    0.676154    0.794143   0.0209585
         269    0.675282    0.793701   0.0208852
         270    0.674454    0.793259   0.0208125
         271    0.673674    0.792818   0.0207404
         272    0.672943    0.792377   0.0206688
         273    0.672264    0.791937   0.0205978
         274    0.671639    0.791498   0.0205273
         275    0.671071     0.79106   0.0204573
         276     0.67056    0.790624   0.0203879
         277    0.670108    0.790189   0.0203189
         278    0.669718    0.789755   0.0202505
         279     0.66939    0.789324   0.0201825
         280    0.669124    0.788894   0.0201149
         281    0.668922    0.788468   0.0200479
         282    0.668785    0.788043   0.0199813
         283    0.668712    0.787621   0.0199151
         284    0.668705    0.787203   0.0198494
         285    0.668764    0.786787   0.0197841
         286    0.668889    0.786375   0.0197192
         287    0.669079    0.785966   0.0196548
         288    0.669336    0.785561   0.0195907
         289     0.66966     0.78516    0.019527
         290    0.670049    0.784763   0.0194637
         291    0.670504    0.784371   0.0194008
         292    0.671024    0.783982   0.0193382
         293    0.671609    0.783599    0.019276
         294    0.672257     0.78322   0.0192142
         295     0.67297    0.782847   0.0191527
         296    0.673745    0.782478   0.0190915
         297    0.674582    0.782115   0.0190307
         298    0.675478    0.781757   0.0189702
         299    0.676433    0.781405     0.01891
         300    0.677444    0.781058   0.0188502
         301    0.678511    0.780717   0.0187906
         302    0.679633    0.780383   0.0187314
         303    0.680806    0.780054   0.0186724
         304    0.682031    0.779732   0.0186138
         305    0.683305    0.779415   0.0185555
         306    0.684628    0.779106   0.0184974
         307    0.685996    0.778802   0.0184396
         308    0.687408    0.778506   0.0183822
         309    0.688862    0.778215    0.018325
         310    0.690356    0.777932    0.018268
         311    0.691887    0.777655   0.0182114
         312    0.693455    0.777386    0.018155
         313    0.695058    0.777122   0.0180989
         314    0.696694    0.776866   0.0180431
         315    0.698359    0.776617   0.0179875
         316    0.700053    0.776375   0.0179322
         317    0.701772    0.776139   0.0178772
         318    0.703514    0.775911   0.0178225
         319    0.705276     0.77569    0.017768
         320    0.707057    0.775475   0.0177137
         321    0.708854    0.775268   0.0176598
         322    0.710664    0.775067   0.0176061
         323    0.712486    0.774873   0.0175526
         324    0.714316    0.774686   0.0174994
         325    0.716153    0.774506   0.0174465
         326    0.717994    0.774333   0.0173939
         327    0.719836    0.774166   0.0173415
         328    0.721677    0.774006   0.0172893
         329    0.723514    0.773853   0.0172375
         330    0.725345    0.773706   0.0171859
         331    0.727168    0.773565   0.0171345
         332    0.728979    0.773431   0.0170834
         333    0.730777    0.773303   0.0170326
         334     0.73256    0.773181   0.0169821
         335    0.734323    0.773065   0.0169318
         336    0.736065    0.772955   0.0168817
         337    0.737782     0.77285    0.016832
         338    0.739472    0.772752   0.0167824
         339    0.741132    0.772658   0.0167332
         340     0.74276     0.77257   0.0166842
         341    0.744353    0.772488   0.0166355
         342    0.745909     0.77241    0.016587
         343    0.747426    0.772337   0.0165388
         344    0.748902    0.772269   0.0164909
         345    0.750335    0.772205   0.0164432
         346    0.751722    0.772146   0.0163958
         347    0.753061    0.772091   0.0163486
         348     0.75435     0.77204   0.0163017
         349    0.755587    0.771993   0.0162551
         350    0.756769     0.77195   0.0162087
         351    0.757897    0.771909   0.0161626
         352    0.758968    0.771873   0.0161167
         353    0.759981    0.771839   0.0160711
         354    0.760936    0.771808   0.0160257
         355    0.761833     0.77178   0.0159806
         356    0.762669    0.771755   0.0159357
         357    0.763445    0.771731   0.0158911
         358     0.76416     0.77171   0.0158467
         359    0.764815    0.771691   0.0158026
         360    0.765409    0.771673   0.0157587
         361    0.765942    0.771658   0.0157151
         362    0.766417    0.771643   0.0156717
         363    0.766834     0.77163   0.0156285
         364    0.767196    0.771618   0.0155856
         365    0.767502    0.771606   0.0155429
         366    0.767756    0.771596   0.0155004
         367    0.767957    0.771586   0.0154582
         368    0.768108    0.771577   0.0154162
         369    0.768212    0.771567   0.0153744
         370    0.768273    0.771559   0.0153329
         371    0.768293     0.77155   0.0152915
         372    0.768275    0.771541   0.0152504
         373    0.768223    0.771532   0.0152095
         374     0.76814    0.771523   0.0151689
         375    0.768029    0.771514   0.0151284
         376    0.767896    0.771504   0.0150882
         377    0.767745    0.771494   0.0150482
         378    0.767579    0.771484   0.0150084
         379    0.767403    0.771473   0.0149688
         380    0.767222    0.771462   0.0149294
         381     0.76704     0.77145   0.0148902
         382    0.766862    0.771438   0.0148512
         383    0.766692    0.771426   0.0148125
         384    0.766535    0.771413   0.0147739
         385    0.766396      0.7714   0.0147355
         386     0.76628    0.771387   0.0146974
         387    0.766191    0.771373   0.0146594
         388    0.766135     0.77136   0.0146216
         389    0.766114    0.771346    0.014584
         390    0.766134    0.771333   0.0145466
         391    0.766198     0.77132   0.0145094
         392     0.76631    0.771307   0.0144724
         393    0.766474    0.771295   0.0144356
         394    0.766693    0.771283    0.014399
         395     0.76697    0.771272   0.0143625
         396    0.767309    0.771262   0.0143263
         397    0.767709    0.771253   0.0142902
         398    0.768175    0.771245   0.0142543
         399    0.768706    0.771239   0.0142186
         400    0.769305    0.771234    0.014183
         401    0.769972    0.771231   0.0141476
         402    0.770709     0.77123   0.0141125
         403    0.771516     0.77123   0.0140774
         404    0.772391    0.771233   0.0140426
         405    0.773334    0.771239   0.0140079
         406    0.774343    0.771246   0.0139734
         407    0.775417    0.771256   0.0139391
         408    0.776556    0.771269   0.0139049
         409    0.777756    0.771285   0.0138709
         410    0.779016    0.771304   0.0138371
         411    0.780333    0.771326   0.0138035
         412    0.781703    0.771351     0.01377
         413    0.783124     0.77138   0.0137367
         414    0.784591    0.771412   0.0137035
         415    0.786101    0.771447   0.0136706
         416    0.787653    0.771486   0.0136378
         417    0.789242    0.771529   0.0136051
         418    0.790863    0.771575   0.0135726
         419    0.792513    0.771625   0.0135403
         420    0.794189    0.771679   0.0135082
         421    0.795885    0.771736   0.0134763
         422    0.797599    0.771797   0.0134445
         423    0.799325    0.771862   0.0134128
         424     0.80106    0.771931   0.0133814
         425      0.8028    0.772004   0.0133501
         426    0.804544     0.77208    0.013319
         427    0.806285     0.77216    0.013288
         428    0.808022    0.772244   0.0132572
         429     0.80975    0.772332   0.0132266
         430    0.811466    0.772423   0.0131962
         431    0.813168    0.772517   0.0131659
         432    0.814852    0.772615   0.0131358
         433    0.816515    0.772717   0.0131058
         434    0.818155    0.772821   0.0130761
         435     0.81977    0.772929   0.0130464
         436    0.821358     0.77304    0.013017
         437    0.822918    0.773154   0.0129877
         438    0.824445    0.773271   0.0129586
         439    0.825939    0.773391   0.0129296
         440    0.827397    0.773514   0.0129008
         441    0.828818     0.77364   0.0128722
         442    0.830201    0.773768   0.0128437
         443    0.831544    0.773898   0.0128154
         444    0.832846    0.774031   0.0127872
         445    0.834107    0.774166   0.0127592
         446    0.835324    0.774303   0.0127313
         447    0.836498    0.774442   0.0127036
         448    0.837628    0.774583    0.012676
         449    0.838714    0.774726   0.0126486
         450    0.839754     0.77487   0.0126213
         451    0.840748    0.775016   0.0125941
         452    0.841695    0.775164   0.0125671
         453    0.842595    0.775313   0.0125403
         454    0.843446    0.775463   0.0125136
         455     0.84425    0.775614    0.012487
         456    0.845007    0.775766   0.0124605
         457    0.845715    0.775919   0.0124342
         458    0.846375    0.776073    0.012408
         459    0.846986    0.776228   0.0123819
         460    0.847549    0.776383    0.012356
         461    0.848062    0.776538   0.0123301
         462    0.848528    0.776694   0.0123044
         463    0.848945     0.77685   0.0122789
         464    0.849314    0.777006   0.0122534
         465    0.849635    0.777162    0.012228
         466    0.849906    0.777319   0.0122028
         467    0.850128    0.777474   0.0121777
         468    0.850301     0.77763   0.0121526
         469    0.850425    0.777785   0.0121277
         470    0.850502     0.77794   0.0121029
         471     0.85053    0.778094   0.0120782
         472     0.85051    0.778248   0.0120536
         473    0.850443      0.7784    0.012029
         474    0.850328    0.778552   0.0120046
         475    0.850166    0.778703   0.0119803
         476    0.849958    0.778852   0.0119561
         477    0.849704    0.779001   0.0119319
         478    0.849403    0.779148   0.0119079
         479    0.849056    0.779294   0.0118839
         480    0.848664    0.779439     0.01186
         481    0.848226    0.779582   0.0118362
         482    0.847745    0.779723   0.0118125
         483     0.84722    0.779863   0.0117889
         484    0.846653    0.780001   0.0117653
         485    0.846043    0.780137   0.0117419
         486    0.845391    0.780271   0.0117185
         487      0.8447    0.780404   0.0116952
         488     0.84397    0.780534   0.0116719
         489    0.843203    0.780662   0.0116487
         490    0.842399    0.780788   0.0116257
         491    0.841559    0.780912   0.0116026
         492    0.840686    0.781033   0.0115797
         493    0.839782    0.781152   0.0115568
         494    0.838848    0.781269    0.011534
         495    0.837887    0.781384   0.0115113
         496    0.836899    0.781495   0.0114886
         497    0.835887    0.781605    0.011466
         498    0.834854    0.781712   0.0114435
         499    0.833802    0.781816    0.011421
         500    0.832731    0.781918   0.0113986
         501    0.831646    0.782017   0.0113763
         502    0.830549    0.782114   0.0113541
         503    0.829441    0.782208   0.0113319
         504    0.828326      0.7823   0.0113098
         505    0.827205    0.782389   0.0112877
         506    0.826083    0.782475   0.0112658
         507    0.824963    0.782559   0.0112438
         508    0.823848     0.78264    0.011222
         509     0.82274    0.782719   0.0112002
         510    0.821643    0.782795   0.0111785
         511    0.820558    0.782869   0.0111569
         512     0.81949     0.78294   0.0111353
         513    0.818442     0.78301   0.0111139
         514    0.817415    0.783077   0.0110924
         515    0.816414    0.783141   0.0110711
         516    0.815442    0.783204   0.0110498
         517    0.814501    0.783264   0.0110286
         518    0.813594    0.783323   0.0110075
         519    0.812726     0.78338   0.0109864
         520    0.811898    0.783435   0.0109654
         521    0.811113    0.783488   0.0109445
         522    0.810373    0.783539   0.0109236
         523    0.809682    0.783589   0.0109029
         524    0.809041    0.783638   0.0108822
         525    0.808452    0.783685   0.0108615
         526    0.807918    0.783731    0.010841
         527    0.807441    0.783776   0.0108205
         528    0.807023     0.78382   0.0108001
         529    0.806667    0.783863   0.0107798
         530    0.806373    0.783906   0.0107595
         531    0.806143    0.783948   0.0107393
         532    0.805979    0.783989   0.0107192
         533    0.805881     0.78403   0.0106992
         534    0.805851    0.784071   0.0106793
         535    0.805889    0.784112   0.0106594
         536    0.805996    0.784153   0.0106396
         537    0.806173    0.784194   0.0106198
         538     0.80642    0.784235   0.0106002
         539    0.806738    0.784277   0.0105806
         540    0.807125    0.784319   0.0105611
         541    0.807582    0.784362   0.0105416
         542    0.808109    0.784406   0.0105223
         543    0.808704    0.784451    0.010503
         544    0.809368    0.784496   0.0104838
         545    0.810099    0.784543   0.0104647
         546    0.810896    0.784592   0.0104456
         547    0.811758    0.784641   0.0104266
         548    0.812684    0.784692   0.0104077
         549    0.813672    0.784745   0.0103889
         550     0.81472      0.7848   0.0103702
         551    0.815826    0.784856   0.0103515
         552    0.816989    0.784914   0.0103329
         553    0.818207    0.784974   0.0103144
         554    0.819478    0.785037    0.010296
         555      0.8208    0.785101   0.0102776
         556     0.82217    0.785168   0.0102593
         557    0.823585    0.785237   0.0102412
         558    0.825044    0.785308    0.010223
         559    0.826542    0.785382    0.010205
         560     0.82808    0.785458   0.0101871
         561    0.829652    0.785537   0.0101692
         562    0.831257    0.785618   0.0101515
         563    0.832891    0.785702   0.0101338
         564    0.834553    0.785789   0.0101162
         565    0.836239    0.785878   0.0100987
         566    0.837946     0.78597   0.0100812
         567    0.839672    0.786065   0.0100639
         568    0.841415    0.786162   0.0100467
         569    0.843171    0.786262   0.0100295
         570    0.844939    0.786365   0.0100124
         571    0.846716    0.786471  0.00999547
         572    0.848498     0.78658  0.00997858
         573    0.850283    0.786691  0.00996178
         574     0.85207    0.786805  0.00994508
         575    0.853855    0.786921  0.00992847
         576    0.855637    0.787041  0.00991195
         577    0.857413    0.787162  0.00989552
         578     0.85918    0.787287  0.00987918
         579    0.860936    0.787414  0.00986294
         580    0.862681    0.787544  0.00984679
         581    0.864413    0.787676  0.00983073
         582    0.866129    0.787811  0.00981476
         583    0.867828    0.787948  0.00979889
         584    0.869509    0.788088   0.0097831
         585    0.871169     0.78823  0.00976741
         586    0.872806    0.788374  0.00975181
         587    0.874418    0.788521   0.0097363
         588    0.876005     0.78867  0.00972088
         589    0.877566    0.788821  0.00970554
         590    0.879099    0.788974   0.0096903
         591    0.880605    0.789129  0.00967514
         592    0.882082    0.789286  0.00966008
         593    0.883529    0.789445  0.00964509
         594    0.884944    0.789605  0.00963019
         595    0.886328    0.789768  0.00961538
         596    0.887679    0.789932  0.00960065
         597    0.888998    0.790098    0.009586
         598    0.890282    0.790266  0.00957144
         599    0.891532    0.790435  0.00955695
         600    0.892746    0.790605  0.00954254
         601    0.893926    0.790777  0.00952821
         602    0.895071    0.790951  0.00951396
         603    0.896181    0.791125  0.00949978
         604    0.897257    0.791301  0.00948568
         605    0.898298    0.791478  0.00947165
         606    0.899302    0.791656  0.00945769
         607    0.900271    0.791834   0.0094438
         608    0.901205    0.792014  0.00942998
         609    0.902105    0.792195  0.00941623
         610    0.902971    0.792377  0.00940255
         611    0.903804    0.792559  0.00938893
         612    0.904601    0.792742  0.00937537
         613    0.905363    0.792926  0.00936188
         614    0.906091     0.79311  0.00934844
         615    0.906785    0.793295  0.00933507
         616    0.907445     0.79348  0.00932175
         617    0.908071    0.793666   0.0093085
         618    0.908665    0.793852  0.00929529
         619    0.909225    0.794039  0.00928214
         620    0.909752    0.794225  0.00926905
         621    0.910247    0.794412  0.00925601
         622    0.910709    0.794599  0.00924301
         623    0.911137    0.794786  0.00923007
         624    0.911532    0.794973  0.00921717
         625    0.911894     0.79516  0.00920433
         626    0.912223    0.795347  0.00919152
         627    0.912518    0.795534  0.00917876
         628    0.912781    0.795721  0.00916604
         629    0.913012    0.795907  0.00915337
         630    0.913209    0.796093  0.00914073
         631    0.913373    0.796279  0.00912814
         632    0.913505    0.796465  0.00911558
         633    0.913605     0.79665  0.00910305
         634     0.91367    0.796834  0.00909057
         635    0.913703    0.797018  0.00907811
         636    0.913703    0.797202  0.00906569
         637    0.913671    0.797385  0.00905331
         638    0.913604    0.797567  0.00904095
         639    0.913505    0.797748  0.00902862
         640    0.913372    0.797929  0.00901632
         641    0.913206    0.798109  0.00900405
         642    0.913007    0.798288   0.0089918
         643    0.912775    0.798466  0.00897958
         644    0.912509    0.798643  0.00896738
         645    0.912207    0.798819  0.00895521
         646    0.911872    0.798994  0.00894305
         647    0.911502    0.799168  0.00893092
         648    0.911097    0.799341  0.00891881
         649    0.910656    0.799512  0.00890672
         650     0.91018    0.799682  0.00889464
         651    0.909668    0.799851  0.00888258
         652     0.90912    0.800019  0.00887054
         653    0.908538    0.800185  0.00885851
         654     0.90792     0.80035   0.0088465
         655    0.907265    0.800513   0.0088345
         656    0.906575    0.800675  0.00882251
         657    0.905849    0.800835  0.00881053
         658    0.905086    0.800993  0.00879857
         659    0.904288     0.80115  0.00878661
         660    0.903454    0.801305  0.00877467
         661    0.902583    0.801458  0.00876273
         662    0.901676     0.80161   0.0087508
         663    0.900733    0.801759  0.00873888
         664    0.899754    0.801907  0.00872697
         665    0.898739    0.802052  0.00871506
         666     0.89769    0.802196  0.00870315
         667    0.896606    0.802338  0.00869126
         668    0.895488    0.802477  0.00867936
         669    0.894338    0.802614  0.00866748
         670    0.893155    0.802749  0.00865559
         671     0.89194    0.802882  0.00864371
         672    0.890694    0.803013  0.00863184
         673    0.889417    0.803141  0.00861997
         674    0.888111    0.803267   0.0086081
         675    0.886778    0.803391  0.00859624
         676     0.88542    0.803513  0.00858438
         677    0.884036    0.803631  0.00857252
         678    0.882629    0.803748  0.00856067
         679      0.8812    0.803862  0.00854882
         680     0.87975    0.803974  0.00853698
         681    0.878279    0.804083  0.00852514
         682     0.87679    0.804189  0.00851331
         683    0.875285    0.804293  0.00850148
         684    0.873764    0.804395  0.00848966
         685    0.872232    0.804494  0.00847784
         686    0.870688    0.804591  0.00846603
         687    0.869135    0.804685  0.00845423
         688    0.867576    0.804776  0.00844243
         689    0.866012    0.804865  0.00843065
         690    0.864444    0.804951  0.00841887
         691    0.862876    0.805035  0.00840711
         692    0.861309    0.805116  0.00839535
         693    0.859744    0.805195  0.00838361
         694    0.858184    0.805271  0.00837187
         695     0.85663    0.805345  0.00836015
         696    0.855084    0.805417  0.00834845
         697    0.853549    0.805486  0.00833676
         698    0.852025    0.805553  0.00832508
         699    0.850515    0.805617  0.00831342
         700     0.84902    0.805679  0.00830177
         701    0.847543    0.805739  0.00829014
         702    0.846083    0.805796  0.00827853
         703    0.844643    0.805851  0.00826694
         704    0.843222    0.805904  0.00825537
         705    0.841822    0.805955  0.00824382
         706    0.840445    0.806004  0.00823229
         707     0.83909    0.806051  0.00822077
         708     0.83776    0.806096  0.00820928
         709    0.836455    0.806139  0.00819782
         710    0.835175     0.80618  0.00818637
         711    0.833921    0.806219  0.00817495
         712    0.832692    0.806256  0.00816356
         713    0.831489    0.806291  0.00815218
         714     0.83031    0.806325  0.00814083
         715    0.829156    0.806357  0.00812951
         716    0.828026    0.806387  0.00811821
         717     0.82692    0.806416  0.00810694
         718    0.825837    0.806443   0.0080957
         719    0.824777    0.806468  0.00808448
         720    0.823739    0.806492  0.00807328
         721    0.822722    0.806515  0.00806212
         722    0.821725    0.806536  0.00805098
         723    0.820747    0.806555  0.00803987
         724    0.819787    0.806574  0.00802878
         725    0.818844    0.806591  0.00801773
         726    0.817916    0.806606   0.0080067
         727    0.817003     0.80662   0.0079957
         728    0.816102    0.806633  0.00798473
         729    0.815212    0.806645  0.00797378
         730    0.814331    0.806656  0.00796286
         731    0.813459    0.806665  0.00795198
         732    0.812593    0.806673  0.00794112
         733     0.81173     0.80668  0.00793029
         734    0.810871    0.806686  0.00791948
         735    0.810012     0.80669  0.00790871
         736    0.809152    0.806694  0.00789797
         737    0.808291    0.806696  0.00788725
         738    0.807426    0.806697  0.00787656
         739    0.806556    0.806697   0.0078659
         740     0.80568    0.806695  0.00785528
         741    0.804798    0.806693  0.00784467
         742    0.803905    0.806689   0.0078341
         743    0.803002    0.806684  0.00782356
         744    0.802088    0.806678  0.00781305
         745     0.80116     0.80667  0.00780256
         746    0.800218    0.806662  0.00779211
         747     0.79926    0.806652  0.00778168
         748    0.798286    0.806641  0.00777129
         749    0.797295    0.806628  0.00776092
         750    0.796287    0.806614  0.00775059
         751     0.79526    0.806599  0.00774028
         752    0.794213    0.806583  0.00773001
         753    0.793146    0.806565  0.00771976
         754     0.79206    0.806546  0.00770955
         755    0.790953    0.806525  0.00769936
         756    0.789826    0.806503  0.00768921
         757    0.788677    0.806479  0.00767909
         758    0.787506    0.806454    0.007669
         759    0.786314    0.806428  0.00765894
         760      0.7851      0.8064  0.00764892
         761    0.783866     0.80637  0.00763892
         762     0.78261    0.806339  0.00762896
         763    0.781333    0.806306  0.00761903
         764    0.780035    0.806272  0.00760914
         765    0.778717    0.806236  0.00759928
         766    0.777378    0.806198  0.00758945
         767     0.77602    0.806159  0.00757966
         768    0.774642    0.806118   0.0075699
         769    0.773246    0.806075  0.00756017
         770    0.771833    0.806031  0.00755049
         771    0.770404    0.805984  0.00754084
         772    0.768958    0.805936  0.00753122
         773    0.767498    0.805887  0.00752164
         774    0.766024    0.805835   0.0075121
         775    0.764539    0.805782   0.0075026
         776    0.763043    0.805727  0.00749313
         777    0.761537     0.80567   0.0074837
         778    0.760024    0.805611  0.00747431
         779    0.758505    0.805551  0.00746496
         780    0.756982    0.805489  0.00745565
         781    0.755455    0.805424  0.00744638
         782    0.753927    0.805359  0.00743715
         783    0.752399    0.805291  0.00742796
         784    0.750873    0.805222  0.00741881
         785     0.74935     0.80515   0.0074097
         786    0.747833    0.805077  0.00740063
         787    0.746322    0.805003   0.0073916
         788     0.74482    0.804926  0.00738262
         789    0.743328    0.804848  0.00737367
         790    0.741848    0.804769  0.00736477
         791    0.740382    0.804687  0.00735591
         792    0.738934    0.804604  0.00734709
         793    0.737504     0.80452  0.00733831
         794    0.736094    0.804433  0.00732958
         795    0.734705    0.804346  0.00732088
         796    0.733339    0.804256  0.00731223
         797    0.731999    0.804166  0.00730362
         798    0.730687    0.804074  0.00729504
         799    0.729405     0.80398  0.00728651
         800    0.728154    0.803885  0.00727802
         801    0.726937    0.803789  0.00726957
         802    0.725754    0.803692  0.00726116
         803    0.724608    0.803594  0.00725278
         804    0.723501    0.803494  0.00724444
         805    0.722434    0.803393  0.00723614
         806    0.721408    0.803292  0.00722788
         807    0.720425    0.803189  0.00721965
         808    0.719488    0.803085  0.00721146
         809    0.718597    0.802981   0.0072033
         810    0.717756    0.802876  0.00719518
         811    0.716964     0.80277  0.00718709
         812    0.716223    0.802663  0.00717903
         813    0.715536    0.802556    0.007171
         814    0.714903    0.802448    0.007163
         815    0.714327     0.80234  0.00715502
         816    0.713808    0.802232  0.00714708
         817    0.713346    0.802123  0.00713916
         818    0.712944    0.802014  0.00713126
         819    0.712602    0.801905  0.00712339
         820    0.712321    0.801795  0.00711554
         821    0.712103    0.801686  0.00710771
         822    0.711947    0.801577   0.0070999
         823    0.711855    0.801468  0.00709211
         824    0.711828    0.801359  0.00708434
         825    0.711864    0.801251  0.00707658
         826    0.711964    0.801143  0.00706884
         827    0.712129    0.801035  0.00706111
         828    0.712359    0.800928   0.0070534
         829    0.712653    0.800821  0.00704569
         830    0.713013    0.800716    0.007038
         831    0.713438    0.800611  0.00703031
         832    0.713927    0.800506  0.00702264
         833     0.71448    0.800403  0.00701496
         834    0.715099    0.800301   0.0070073
         835    0.715781      0.8002  0.00699964
         836    0.716526      0.8001  0.00699198
         837    0.717332    0.800001  0.00698433
         838    0.718199    0.799903  0.00697667
         839    0.719127    0.799807  0.00696902
         840    0.720114    0.799712  0.00696137
         841    0.721158    0.799619  0.00695372
         842    0.722256    0.799527  0.00694607
         843    0.723409    0.799436  0.00693842
         844    0.724615    0.799348  0.00693076
         845    0.725869    0.799261  0.00692311
         846    0.727171    0.799176  0.00691545
         847    0.728518    0.799092  0.00690779
         848    0.729909    0.799011  0.00690012
         849    0.731341    0.798931  0.00689245
         850    0.732812    0.798853  0.00688478
         851    0.734319    0.798777  0.00687711
         852    0.735859    0.798703  0.00686944
         853    0.737429    0.798632  0.00686176
         854    0.739027    0.798562  0.00685408
         855     0.74065    0.798494   0.0068464
         856    0.742295    0.798428  0.00683871
         857    0.743961    0.798365  0.00683103
         858    0.745644    0.798303  0.00682334
         859     0.74734    0.798244  0.00681566
         860    0.749045    0.798187  0.00680797
         861    0.750758    0.798132  0.00680029
         862    0.752474    0.798079  0.00679261
         863    0.754192    0.798028  0.00678493
         864    0.755908    0.797979  0.00677725
         865    0.757621    0.797932  0.00676957
         866    0.759327    0.797888   0.0067619
         867    0.761023    0.797845  0.00675424
         868    0.762707    0.797805  0.00674658
         869    0.764377    0.797766  0.00673892
         870    0.766029     0.79773  0.00673128
         871    0.767662    0.797695  0.00672364
         872    0.769274    0.797663  0.00671601
         873    0.770863    0.797632  0.00670838
         874    0.772428    0.797603  0.00670077
         875    0.773966    0.797576  0.00669317
         876    0.775475    0.797551  0.00668557
         877    0.776955    0.797528  0.00667799
         878    0.778403    0.797506  0.00667042
         879    0.779819    0.797486  0.00666286
         880      0.7812    0.797467  0.00665532
         881    0.782545     0.79745  0.00664778
         882    0.783856    0.797435  0.00664026
         883    0.785128    0.797421  0.00663276
         884    0.786362    0.797408  0.00662527
         885    0.787557    0.797397  0.00661779
         886    0.788712    0.797387  0.00661033
         887    0.789828    0.797379  0.00660288
         888    0.790904    0.797372  0.00659545
         889    0.791938    0.797366  0.00658803
         890    0.792931    0.797361  0.00658063
         891    0.793881    0.797357  0.00657325
         892    0.794789    0.797354  0.00656588
         893    0.795656    0.797352  0.00655853
         894    0.796481    0.797351  0.00655119
         895    0.797264    0.797351  0.00654387
         896    0.798004    0.797352  0.00653657
         897    0.798702    0.797353  0.00652928
         898    0.799359    0.797355  0.00652201
         899    0.799975    0.797358  0.00651476
         900    0.800549    0.797362  0.00650752
         901    0.801083    0.797366   0.0065003
         902    0.801576     0.79737  0.00649309
         903    0.802029    0.797376  0.00648591
         904    0.802443    0.797381  0.00647873
         905    0.802817    0.797387  0.00647158
         906    0.803152    0.797394  0.00646444
         907    0.803447      0.7974  0.00645731
         908    0.803705    0.797407  0.00645021
         909    0.803925    0.797414  0.00644311
         910    0.804109    0.797422  0.00643604
         911    0.804256    0.797429  0.00642898
         912    0.804368    0.797437  0.00642193
         913    0.804445    0.797445   0.0064149
         914    0.804489    0.797452  0.00640789
         915      0.8045     0.79746  0.00640089
         916    0.804478    0.797468  0.00639391
         917    0.804426    0.797475  0.00638694
         918    0.804343    0.797483  0.00637999
         919    0.804232     0.79749  0.00637305
         920    0.804092    0.797497  0.00636612
         921    0.803925    0.797504  0.00635922
         922    0.803732    0.797511  0.00635232
         923    0.803513    0.797517  0.00634544
         924    0.803269    0.797524  0.00633858
         925    0.803003     0.79753  0.00633173
         926    0.802715    0.797535  0.00632489
         927    0.802406     0.79754  0.00631807
         928    0.802077    0.797545  0.00631127
         929     0.80173     0.79755  0.00630448
         930    0.801366    0.797554   0.0062977
         931    0.800985    0.797558  0.00629093
         932     0.80059    0.797561  0.00628418
         933    0.800181    0.797564  0.00627745
         934     0.79976    0.797566  0.00627073
         935    0.799326    0.797568  0.00626402
         936    0.798883    0.797569  0.00625733
         937     0.79843     0.79757  0.00625065
         938    0.797969    0.797571  0.00624399
         939    0.797503    0.797571  0.00623734
         940    0.797031     0.79757   0.0062307
         941    0.796554    0.797569  0.00622408
         942    0.796073    0.797567  0.00621748
         943     0.79559    0.797565  0.00621088
         944    0.795107    0.797563   0.0062043
         945    0.794622     0.79756  0.00619774
         946    0.794138    0.797556  0.00619119
         947    0.793655    0.797552  0.00618465
         948    0.793174    0.797547  0.00617813
         949    0.792696    0.797542  0.00617162
         950    0.792222    0.797536  0.00616513
         951    0.791753     0.79753  0.00615865
         952     0.79129    0.797524  0.00615218
         953    0.790832    0.797517  0.00614573
         954     0.79038    0.797509  0.00613929
         955    0.789936    0.797501  0.00613287
         956    0.789499    0.797493  0.00612646
         957    0.789068    0.797484  0.00612007
         958    0.788644    0.797475  0.00611368
         959    0.788227    0.797465  0.00610732
         960    0.787816    0.797455  0.00610096
         961    0.787413    0.797445  0.00609462
         962    0.787018    0.797434   0.0060883
         963     0.78663    0.797423  0.00608199
         964     0.78625    0.797411  0.00607569
         965    0.785878    0.797399   0.0060694
         966    0.785514    0.797387  0.00606313
         967    0.785156    0.797374  0.00605688
         968    0.784805    0.797361  0.00605063
         969    0.784461    0.797348   0.0060444
         970    0.784124    0.797334  0.00603819
         971    0.783793     0.79732  0.00603199
         972    0.783468    0.797306   0.0060258
         973     0.78315    0.797292  0.00601962
         974    0.782838    0.797277  0.00601346
         975    0.782531    0.797262  0.00600731
         976    0.782228    0.797246  0.00600117
         977    0.781931    0.797231  0.00599505
         978    0.781638    0.797215  0.00598894
         979    0.781349    0.797198  0.00598285
         980    0.781064    0.797182  0.00597677
         981    0.780782    0.797165   0.0059707
         982    0.780505    0.797148  0.00596464
         983    0.780231    0.797131   0.0059586
         984     0.77996    0.797114  0.00595257
         985    0.779692    0.797096  0.00594655
         986    0.779427    0.797078  0.00594055
         987    0.779167     0.79706  0.00593456
         988    0.778909    0.797042  0.00592858
         989    0.778656    0.797023  0.00592261
         990    0.778406    0.797004  0.00591666
         991     0.77816    0.796985  0.00591072
         992    0.777918    0.796966  0.00590479
         993     0.77768    0.796946  0.00589888
         994    0.777446    0.796927  0.00589298
         995    0.777216    0.796907  0.00588709
         996    0.776992    0.796887  0.00588121
         997    0.776774    0.796867  0.00587535
         998    0.776561    0.796847  0.00586949
         999    0.776354    0.796826  0.00586366
        1000    0.776155    0.796805  0.00585783
        1001    0.775964    0.796785  0.00585201
        1002     0.77578    0.796764  0.00584621
        1003    0.775605    0.796742  0.00584042
        1004    0.775439    0.796721  0.00583464
        1005    0.775282      0.7967  0.00582887
        1006    0.775136    0.796678  0.00582312
        1007       0.775    0.796657  0.00581738
        1008    0.774876    0.796635  0.00581165
        1009    0.774766    0.796614  0.00580593
        1010    0.774668    0.796592  0.00580022
        1011    0.774585     0.79657  0.00579452
        1012    0.774518    0.796548  0.00578884
        1013    0.774467    0.796527  0.00578316
        1014    0.774432    0.796505   0.0057775
        1015    0.774415    0.796483  0.00577185
        1016    0.774416    0.796461  0.00576621
        1017    0.774437     0.79644  0.00576058
        1018    0.774478    0.796418  0.00575496
        1019     0.77454    0.796397  0.00574936
        1020    0.774627    0.796375  0.00574376
        1021    0.774738    0.796354  0.00573817
        1022    0.774872    0.796333   0.0057326
        1023    0.775031    0.796312  0.00572703
        1024    0.775216    0.796292  0.00572147
        1025    0.775427    0.796271  0.00571593
        1026    0.775664    0.796251  0.00571039
        1027    0.775929    0.796231  0.00570487
        1028    0.776224    0.796212  0.00569935
        1029    0.776547    0.796193  0.00569384
        1030    0.776901    0.796174  0.00568835
        1031    0.777283    0.796156  0.00568286
        1032    0.777694    0.796138  0.00567738
        1033    0.778134     0.79612  0.00567191
        1034    0.778604    0.796104  0.00566645
        1035    0.779102    0.796087    0.005661
        1036    0.779629    0.796071  0.00565556
        1037    0.780183    0.796056  0.00565012
        1038    0.780765    0.796041   0.0056447
        1039    0.781373    0.796027  0.00563929
        1040    0.782008    0.796014  0.00563388
        1041    0.782668    0.796001  0.00562848
        1042    0.783353    0.795989  0.00562309
        1043    0.784061    0.795977  0.00561771
        1044    0.784791    0.795966  0.00561234
        1045     0.78554    0.795956  0.00560698
        1046    0.786308    0.795947  0.00560163
        1047    0.787094    0.795939  0.00559628
        1048    0.787895    0.795931  0.00559095
        1049     0.78871    0.795924  0.00558562
        1050    0.789537    0.795918  0.00558031
        1051    0.790373    0.795913    0.005575
        1052    0.791217    0.795908   0.0055697
        1053    0.792066    0.795905  0.00556441
        1054     0.79292    0.795902  0.00555914
        1055    0.793776      0.7959  0.00555387
        1056    0.794631    0.795899  0.00554861
        1057    0.795483    0.795898  0.00554336
        1058    0.796329    0.795899  0.00553812
        1059    0.797167      0.7959  0.00553289
        1060    0.797995    0.795902  0.00552767
        1061    0.798812    0.795905  0.00552246
        1062    0.799613    0.795908  0.00551726
        1063    0.800398    0.795912  0.00551207
        1064    0.801163    0.795917   0.0055069
        1065    0.801907    0.795923  0.00550173
        1066    0.802629    0.795929  0.00549657
        1067    0.803327    0.795936  0.00549142
        1068    0.803997    0.795944  0.00548629
        1069    0.804638    0.795952  0.00548116
        1070    0.805247    0.795961  0.00547604
        1071    0.805823     0.79597  0.00547094
        1072    0.806364    0.795979  0.00546584
        1073     0.80687     0.79599  0.00546076
        1074    0.807338       0.796  0.00545569
        1075    0.807766    0.796011  0.00545062
        1076    0.808154    0.796022  0.00544557
        1077    0.808501    0.796034  0.00544052
        1078    0.808805    0.796046  0.00543549
        1079    0.809065    0.796058  0.00543047
        1080    0.809279     0.79607  0.00542545
        1081    0.809447    0.796082  0.00542045
        1082    0.809568    0.796095  0.00541545
        1083    0.809641    0.796107  0.00541046
        1084    0.809665     0.79612  0.00540549
        1085    0.809642    0.796132  0.00540052
        1086    0.809571    0.796145  0.00539556
        1087    0.809449    0.796157  0.00539061
        1088    0.809277    0.796169  0.00538567
        1089    0.809055    0.796181  0.00538074
        1090    0.808782    0.796192  0.00537581
        1091     0.80846    0.796204   0.0053709
        1092    0.808087    0.796215  0.00536599
        1093    0.807664    0.796225  0.00536109
        1094    0.807191    0.796235   0.0053562
        1095    0.806667    0.796245  0.00535132
        1096    0.806094    0.796254  0.00534644
        1097    0.805472    0.796262  0.00534158
        1098    0.804802     0.79627  0.00533672
        1099    0.804084    0.796277  0.00533187
        1100    0.803321    0.796283  0.00532702
        1101    0.802514    0.796289  0.00532219
        1102    0.801662    0.796294  0.00531736
        1103    0.800766    0.796298  0.00531254
        1104    0.799828    0.796301  0.00530773
        1105    0.798848    0.796303  0.00530293
        1106    0.797828    0.796305  0.00529813
        1107     0.79677    0.796305  0.00529335
        1108    0.795674    0.796305  0.00528857
        1109    0.794543    0.796303   0.0052838
        1110    0.793378      0.7963  0.00527904
        1111    0.792181    0.796297  0.00527429
        1112    0.790954    0.796292  0.00526955
        1113    0.789698    0.796286  0.00526482
        1114    0.788416    0.796279   0.0052601
        1115    0.787111    0.796271  0.00525539
        1116    0.785784    0.796261  0.00525068
        1117    0.784438    0.796251  0.00524599
        1118    0.783074    0.796239  0.00524132
        1119    0.781695    0.796226  0.00523665
        1120    0.780303    0.796212  0.00523199
        1121    0.778901    0.796196  0.00522735
        1122    0.777491     0.79618  0.00522271
        1123    0.776075    0.796162  0.00521809
        1124    0.774657    0.796143  0.00521349
        1125    0.773238    0.796122  0.00520889
        1126    0.771822    0.796101  0.00520431
        1127    0.770412    0.796078  0.00519974
        1128     0.76901    0.796054  0.00519519
        1129    0.767621    0.796029  0.00519065
        1130    0.766246    0.796002  0.00518612
        1131    0.764888    0.795975  0.00518161
        1132     0.76355    0.795946  0.00517711
        1133    0.762236    0.795916  0.00517263
        1134    0.760947    0.795886  0.00516816
        1135    0.759687    0.795854   0.0051637
        1136    0.758459    0.795821  0.00515926
        1137    0.757265    0.795787  0.00515484
        1138    0.756109    0.795752  0.00515042
        1139    0.754994    0.795716  0.00514603
        1140    0.753923     0.79568  0.00514164
        1141    0.752897    0.795642  0.00513727
        1142    0.751919    0.795604  0.00513292
        1143    0.750992    0.795565  0.00512858
        1144    0.750118    0.795525  0.00512425
        1145    0.749299    0.795485  0.00511993
        1146    0.748537    0.795444  0.00511563
        1147    0.747836    0.795402  0.00511133
        1148    0.747197     0.79536  0.00510705
        1149    0.746621    0.795318  0.00510279
        1150    0.746112    0.795275  0.00509853
        1151    0.745671    0.795232  0.00509428
        1152    0.745301    0.795188  0.00509004
        1153    0.745001    0.795145  0.00508581
        1154    0.744774    0.795101  0.00508159
        1155    0.744621    0.795058  0.00507738
        1156    0.744542    0.795014  0.00507318
        1157    0.744539     0.79497  0.00506898
        1158    0.744613    0.794927  0.00506479
        1159    0.744763    0.794884  0.00506061
        1160    0.744991    0.794841  0.00505643
        1161    0.745296    0.794798  0.00505225
        1162    0.745679    0.794756  0.00504808
        1163     0.74614    0.794714  0.00504391
        1164    0.746679    0.794672  0.00503975
        1165    0.747296    0.794632  0.00503559
        1166    0.747991    0.794592  0.00503143
        1167    0.748762    0.794553  0.00502727
        1168    0.749609    0.794514  0.00502311
        1169     0.75053    0.794476  0.00501896
        1170    0.751526     0.79444   0.0050148
        1171    0.752595    0.794404  0.00501064
        1172    0.753736    0.794369  0.00500649
        1173    0.754947    0.794336  0.00500233
        1174    0.756227    0.794303  0.00499818
        1175    0.757574    0.794272  0.00499402
        1176    0.758987    0.794242  0.00498987
        1177    0.760463    0.794213  0.00498571
        1178       0.762    0.794186  0.00498155
        1179    0.763597     0.79416  0.00497739
        1180    0.765249    0.794135  0.00497324
        1181    0.766956    0.794112  0.00496908
        1182    0.768713    0.794091  0.00496492
        1183     0.77052    0.794071  0.00496076
        1184    0.772373    0.794053  0.00495661
        1185    0.774269    0.794036  0.00495245
        1186    0.776205    0.794021   0.0049483
        1187     0.77818    0.794008  0.00494415
        1188     0.78019    0.793996     0.00494
        1189    0.782232    0.793986  0.00493586
        1190    0.784304    0.793978  0.00493172
        1191    0.786402    0.793972  0.00492758
        1192    0.788524    0.793967  0.00492345
        1193    0.790667    0.793964  0.00491932
        1194    0.792826    0.793963   0.0049152
        1195    0.794998    0.793964  0.00491109
        1196     0.79718    0.793967  0.00490698
        1197    0.799369    0.793971  0.00490289
        1198    0.801563    0.793978   0.0048988
        1199    0.803758    0.793986  0.00489472
        1200    0.805951    0.793996  0.00489065
        1201    0.808139    0.794008  0.00488659
        1202     0.81032    0.794021  0.00488254
        1203     0.81249    0.794037  0.00487851
        1204    0.814647    0.794054  0.00487449
        1205    0.816786    0.794073  0.00487048
        1206    0.818906    0.794093  0.00486648
        1207    0.821004    0.794115   0.0048625
        1208    0.823077    0.794139  0.00485854
        1209    0.825123    0.794165  0.00485459
        1210    0.827139    0.794192  0.00485065
        1211    0.829122    0.794221  0.00484673
        1212    0.831068    0.794252  0.00484283
        1213    0.832977    0.794283  0.00483894
        1214    0.834845    0.794317  0.00483507
        1215     0.83667    0.794352  0.00483122
        1216     0.83845    0.794388  0.00482738
        1217    0.840182    0.794426  0.00482356
        1218    0.841867    0.794465  0.00481976
        1219      0.8435    0.794505  0.00481597
        1220    0.845081    0.794546   0.0048122
        1221    0.846606    0.794589  0.00480845
        1222    0.848076    0.794633  0.00480471
        1223     0.84949    0.794678  0.00480099
        1224    0.850845    0.794723  0.00479729
        1225     0.85214     0.79477   0.0047936
        1226    0.853374    0.794818  0.00478993
        1227    0.854546    0.794867  0.00478628
        1228    0.855654    0.794916  0.00478263
        1229    0.856699    0.794967  0.00477901
        1230     0.85768    0.795018  0.00477539
        1231    0.858598    0.795069  0.00477179
        1232    0.859452    0.795121  0.00476821
        1233    0.860244    0.795174  0.00476463
        1234    0.860972    0.795228  0.00476107
        1235    0.861635    0.795281  0.00475752
        1236    0.862233    0.795336  0.00475398
        1237    0.862767     0.79539  0.00475045
        1238    0.863239    0.795445  0.00474692
        1239     0.86365      0.7955  0.00474341
        1240    0.863999    0.795555  0.00473991
        1241    0.864288     0.79561  0.00473641
        1242    0.864518    0.795666  0.00473292
        1243    0.864689    0.795722  0.00472944
        1244    0.864805    0.795777  0.00472597
        1245    0.864867    0.795833   0.0047225
        1246    0.864876    0.795888  0.00471903
        1247    0.864834    0.795943  0.00471557
        1248    0.864743    0.795998  0.00471211
        1249    0.864605    0.796053  0.00470866
        1250    0.864424    0.796108  0.00470521
        1251    0.864199    0.796162  0.00470177
        1252    0.863936    0.796217  0.00469832
        1253    0.863637     0.79627  0.00469488
        1254    0.863303    0.796324  0.00469144
        1255    0.862939    0.796377    0.004688
        1256    0.862545     0.79643  0.00468457
        1257    0.862125    0.796482  0.00468113
        1258    0.861681    0.796534   0.0046777
        1259    0.861215    0.796585  0.00467426
        1260    0.860731    0.796636  0.00467083
        1261    0.860233    0.796686   0.0046674
        1262    0.859722    0.796736  0.00466397
        1263    0.859203    0.796786  0.00466054
        1264    0.858679    0.796835  0.00465711
        1265    0.858151    0.796883  0.00465368
        1266    0.857624    0.796931  0.00465025
        1267    0.857099    0.796979  0.00464682
        1268     0.85658    0.797026   0.0046434
        1269    0.856069    0.797072  0.00463997
        1270    0.855569    0.797118  0.00463655
        1271    0.855082    0.797164  0.00463312
        1272    0.854611    0.797209   0.0046297
        1273    0.854157    0.797254  0.00462628
        1274    0.853723    0.797298  0.00462286
        1275     0.85331    0.797342  0.00461944
        1276    0.852923    0.797386  0.00461603
        1277    0.852563    0.797429  0.00461261
        1278    0.852232    0.797472  0.00460921
        1279    0.851932    0.797514   0.0046058
        1280    0.851663    0.797557  0.00460239
        1281    0.851428    0.797599  0.00459899
        1282    0.851231     0.79764   0.0045956
        1283     0.85107    0.797682   0.0045922
        1284    0.850948    0.797724  0.00458881
        1285    0.850865    0.797765  0.00458543
        1286    0.850823    0.797806  0.00458205
        1287    0.850821    0.797847  0.00457867
        1288    0.850862    0.797889   0.0045753
        1289    0.850944     0.79793  0.00457194
        1290     0.85107    0.797971  0.00456858
        1291    0.851239    0.798012  0.00456523
        1292    0.851451    0.798054  0.00456188
        1293    0.851707    0.798095  0.00455854
        1294    0.852006    0.798137  0.00455521
        1295    0.852348    0.798179  0.00455189
        1296    0.852732    0.798221  0.00454857
        1297    0.853159    0.798263  0.00454526
        1298    0.853627    0.798306  0.00454196
        1299    0.854136    0.798349  0.00453866
        1300    0.854687    0.798392  0.00453538
        1301    0.855278    0.798436   0.0045321
        1302    0.855907     0.79848  0.00452884
        1303    0.856574    0.798524  0.00452558
        1304    0.857277    0.798569  0.00452234
        1305    0.858012    0.798615   0.0045191
        1306    0.858778    0.798661  0.00451587
        1307    0.859574    0.798708  0.00451266
        1308    0.860398    0.798755  0.00450946
        1309    0.861247    0.798803  0.00450626
        1310    0.862119    0.798851  0.00450308
        1311    0.863013      0.7989  0.00449991
        1312    0.863927    0.798949  0.00449676
        1313    0.864857       0.799  0.00449361
        1314    0.865801     0.79905  0.00449048
        1315    0.866756    0.799102  0.00448736
        1316    0.867719    0.799154  0.00448425
        1317    0.868688    0.799207  0.00448116
        1318     0.86966     0.79926  0.00447808
        1319    0.870632    0.799314  0.00447501
        1320    0.871602    0.799369  0.00447195
        1321    0.872567    0.799425  0.00446891
        1322    0.873526    0.799481  0.00446588
        1323    0.874474    0.799537  0.00446287
        1324    0.875408    0.799595  0.00445987
        1325    0.876326    0.799653  0.00445688
        1326    0.877226    0.799711   0.0044539
        1327    0.878103     0.79977  0.00445093
        1328    0.878957     0.79983  0.00444798
        1329    0.879785     0.79989  0.00444504
        1330    0.880584    0.799951  0.00444211
        1331    0.881352    0.800012   0.0044392
        1332    0.882086    0.800073  0.00443629
        1333    0.882784    0.800135   0.0044334
        1334    0.883443    0.800198  0.00443051
        1335    0.884062    0.800261  0.00442764
        1336     0.88464    0.800324  0.00442478
        1337    0.885174    0.800387  0.00442192
        1338    0.885663    0.800451  0.00441908
        1339    0.886104    0.800515  0.00441624
        1340    0.886495    0.800579  0.00441341
        1341    0.886835    0.800644  0.00441059
        1342    0.887122    0.800708  0.00440777
        1343    0.887357    0.800772  0.00440496
        1344    0.887537    0.800837  0.00440216
        1345    0.887662    0.800902  0.00439936
        1346     0.88773    0.800966  0.00439656
        1347    0.887739    0.801031  0.00439377
        1348    0.887691    0.801095  0.00439098
        1349    0.887584    0.801159  0.00438819
        1350    0.887416    0.801223  0.00438541
        1351    0.887188    0.801286  0.00438262
        1352      0.8869     0.80135  0.00437984
        1353    0.886552    0.801413  0.00437706
        1354    0.886142    0.801475  0.00437427
        1355    0.885671    0.801537  0.00437148
        1356    0.885137    0.801599  0.00436869
        1357    0.884542     0.80166   0.0043659
        1358    0.883885    0.801721  0.00436311
        1359    0.883167    0.801781  0.00436031
        1360    0.882387     0.80184   0.0043575
        1361    0.881546    0.801899   0.0043547
        1362    0.880644    0.801956  0.00435188
        1363    0.879684    0.802013  0.00434906
        1364    0.878666     0.80207  0.00434624
        1365     0.87759    0.802125  0.00434341
        1366    0.876456    0.802179  0.00434057
        1367    0.875266    0.802233  0.00433772
        1368    0.874019    0.802285  0.00433487
        1369    0.872717    0.802337  0.00433201
        1370    0.871363    0.802387  0.00432914
        1371    0.869956    0.802436  0.00432626
        1372    0.868497    0.802485  0.00432338
        1373    0.866987    0.802532  0.00432048
        1374    0.865428    0.802577  0.00431758
        1375     0.86382    0.802622  0.00431467
        1376    0.862164    0.802665  0.00431175
        1377    0.860462    0.802707  0.00430882
        1378    0.858714    0.802748  0.00430589
        1379    0.856923    0.802787  0.00430295
        1380    0.855091    0.802825  0.00429999
        1381    0.853217    0.802861  0.00429704
        1382    0.851304    0.802896  0.00429407
        1383    0.849352     0.80293   0.0042911
        1384    0.847364    0.802962  0.00428812
        1385    0.845342    0.802993  0.00428513
        1386    0.843287    0.803022  0.00428214
        1387    0.841202    0.803049  0.00427914
        1388    0.839086    0.803075  0.00427613
        1389    0.836941      0.8031  0.00427312
        1390     0.83477    0.803122  0.00427011
        1391    0.832574    0.803144  0.00426709
        1392    0.830352    0.803163  0.00426407
        1393    0.828109    0.803181  0.00426105
        1394    0.825845    0.803197  0.00425802
        1395    0.823561    0.803212    0.004255
        1396    0.821259    0.803225  0.00425197
        1397    0.818941    0.803236  0.00424894
        1398    0.816609    0.803246  0.00424591
        1399    0.814265    0.803254  0.00424288
        1400    0.811909     0.80326  0.00423986
        1401    0.809544    0.803264  0.00423683
        1402     0.80717    0.803267  0.00423381
        1403     0.80479    0.803268  0.00423079
        1404    0.802405    0.803268  0.00422778
        1405    0.800018    0.803265  0.00422477
        1406    0.797628    0.803261  0.00422177
        1407    0.795238    0.803255  0.00421877
        1408    0.792849    0.803248  0.00421578
        1409    0.790462    0.803239   0.0042128
        1410    0.788079    0.803228  0.00420983
        1411    0.785702    0.803216  0.00420686
        1412    0.783332    0.803202   0.0042039
        1413    0.780971    0.803186  0.00420096
        1414    0.778621    0.803169  0.00419802
        1415    0.776282     0.80315   0.0041951
        1416    0.773956    0.803129  0.00419219
        1417    0.771646    0.803107  0.00418929
        1418    0.769352    0.803083   0.0041864
        1419    0.767077    0.803058  0.00418353
        1420    0.764822    0.803031  0.00418067
        1421    0.762588    0.803002  0.00417782
        1422    0.760377    0.802972  0.00417499
        1423    0.758191    0.802941  0.00417218
        1424    0.756031    0.802908  0.00416938
        1425    0.753899    0.802873  0.00416659
        1426    0.751796    0.802838  0.00416383
        1427    0.749724      0.8028  0.00416107
        1428    0.747684    0.802762  0.00415834
        1429    0.745677    0.802722  0.00415562
        1430    0.743705    0.802681  0.00415292
        1431    0.741768    0.802638  0.00415024
        1432    0.739871    0.802594  0.00414757
        1433    0.738013    0.802549  0.00414492
        1434    0.736195    0.802503  0.00414229
        1435     0.73442    0.802455  0.00413967
        1436    0.732689    0.802407  0.00413708
        1437    0.731003    0.802357  0.00413449
        1438    0.729364    0.802306  0.00413193
        1439    0.727774    0.802255  0.00412938
        1440    0.726234    0.802202  0.00412685
        1441    0.724745    0.802148  0.00412434
        1442    0.723307    0.802093  0.00412184
        1443    0.721923    0.802038  0.00411936
        1444    0.720592    0.801981  0.00411689
        1445    0.719317    0.801924  0.00411444
        1446    0.718098    0.801866  0.00411201
        1447    0.716938    0.801808  0.00410958
        1448    0.715838    0.801748  0.00410717
        1449    0.714796    0.801688  0.00410478
        1450    0.713816    0.801628  0.00410239
        1451    0.712898    0.801566  0.00410002
        1452    0.712042    0.801505  0.00409766
        1453     0.71125    0.801443  0.00409531
        1454    0.710521     0.80138  0.00409297
        1455    0.709857    0.801317  0.00409064
        1456    0.709257    0.801254  0.00408832
        1457    0.708722     0.80119  0.00408601
        1458    0.708252    0.801127   0.0040837
        1459    0.707848    0.801063  0.00408141
        1460     0.70751    0.800999  0.00407911
        1461    0.707238    0.800935  0.00407683
        1462    0.707032     0.80087  0.00407454
        1463    0.706891    0.800806  0.00407227
        1464    0.706816    0.800742  0.00406999
        1465    0.706806    0.800678  0.00406772
        1466    0.706861    0.800614  0.00406545
        1467    0.706981     0.80055  0.00406317
        1468    0.707164    0.800486  0.00406091
        1469    0.707411    0.800423  0.00405863
        1470    0.707721     0.80036  0.00405636
        1471    0.708092    0.800297  0.00405409
        1472    0.708525    0.800235  0.00405182
        1473    0.709017    0.800173  0.00404954
        1474    0.709569    0.800111  0.00404726
        1475    0.710178     0.80005  0.00404497
        1476    0.710845     0.79999  0.00404268
        1477    0.711569     0.79993  0.00404039
        1478    0.712348    0.799871  0.00403809
        1479    0.713181    0.799812  0.00403579
        1480    0.714068    0.799754  0.00403348
        1481    0.715006    0.799697  0.00403116
        1482    0.715994    0.799641  0.00402883
        1483     0.71703    0.799585   0.0040265
        1484    0.718114     0.79953  0.00402416
        1485    0.719243    0.799476  0.00402182
        1486    0.720416    0.799423  0.00401946
        1487    0.721633     0.79937   0.0040171
        1488    0.722891    0.799319  0.00401473
        1489    0.724189    0.799269  0.00401235
        1490    0.725526    0.799219  0.00400996
        1491    0.726899    0.799171  0.00400757
        1492    0.728308    0.799123  0.00400516
        1493    0.729751    0.799077  0.00400275
        1494    0.731227    0.799031  0.00400033
        1495    0.732735    0.798987   0.0039979
        1496    0.734274    0.798944  0.00399546
        1497    0.735842    0.798901  0.00399301
        1498    0.737438     0.79886  0.00399056
        1499    0.739061    0.798821  0.00398809
        1500    0.740709    0.798782  0.00398562
        1501    0.742381    0.798744  0.00398314
        1502    0.744076    0.798708  0.00398066
        1503    0.745792    0.798673  0.00397817
        1504    0.747528    0.798639  0.00397567
        1505    0.749285    0.798606  0.00397316
        1506    0.751059    0.798574  0.00397065
        1507    0.752851    0.798544  0.00396813
        1508    0.754658    0.798515   0.0039656
        1509    0.756481    0.798487  0.00396307
        1510    0.758317     0.79846  0.00396054
        1511    0.760166    0.798435    0.003958
        1512    0.762028    0.798411  0.00395545
        1513    0.763899    0.798388  0.00395291
        1514    0.765781    0.798367  0.00395035
        1515    0.767672    0.798346   0.0039478
        1516     0.76957    0.798327  0.00394524
        1517    0.771473     0.79831  0.00394268
        1518    0.773381    0.798293  0.00394011
        1519    0.775292    0.798278  0.00393755
        1520    0.777205    0.798264  0.00393498
        1521    0.779119    0.798252  0.00393242
        1522    0.781033     0.79824  0.00392985
        1523    0.782945     0.79823  0.00392728
        1524    0.784855    0.798222  0.00392471
        1525    0.786761    0.798214  0.00392215
        1526    0.788661    0.798208  0.00391958
        1527    0.790554    0.798203  0.00391702
        1528    0.792438    0.798199  0.00391446
        1529    0.794313    0.798196   0.0039119
        1530    0.796175    0.798195  0.00390934
        1531    0.798025    0.798195  0.00390679
        1532    0.799859    0.798196  0.00390424
        1533    0.801675    0.798198  0.00390169
        1534    0.803473    0.798202  0.00389915
        1535    0.805253    0.798206  0.00389661
        1536     0.80701    0.798212  0.00389408
        1537    0.808745    0.798219  0.00389155
        1538    0.810455    0.798227  0.00388903
        1539    0.812139    0.798236  0.00388651
        1540    0.813795    0.798246    0.003884
        1541    0.815421    0.798257   0.0038815
        1542    0.817016    0.798269    0.003879
        1543    0.818577    0.798283  0.00387651
        1544    0.820106    0.798297  0.00387402
        1545    0.821599    0.798312  0.00387155
        1546    0.823055    0.798328  0.00386908
        1547    0.824473    0.798345  0.00386661
        1548    0.825851    0.798362  0.00386415
        1549     0.82719    0.798381   0.0038617
        1550    0.828487      0.7984  0.00385926
        1551    0.829739    0.798421  0.00385683
        1552    0.830947    0.798442   0.0038544
        1553    0.832109    0.798463  0.00385198
        1554    0.833226    0.798486  0.00384956
        1555    0.834295    0.798509  0.00384716
        1556    0.835317    0.798532  0.00384476
        1557     0.83629    0.798557  0.00384236
        1558    0.837211    0.798581  0.00383998
        1559    0.838081    0.798607   0.0038376
        1560    0.838899    0.798633  0.00383523
        1561    0.839663    0.798659  0.00383286
        1562    0.840375    0.798686   0.0038305
        1563    0.841033    0.798713  0.00382814
        1564    0.841637     0.79874  0.00382579
        1565    0.842185    0.798768  0.00382345
        1566    0.842679    0.798796  0.00382111
        1567    0.843117    0.798824  0.00381878
        1568    0.843501    0.798853  0.00381645
        1569    0.843829    0.798881  0.00381412
        1570      0.8441     0.79891   0.0038118
        1571    0.844316    0.798939  0.00380949
        1572    0.844476    0.798968  0.00380717
        1573     0.84458    0.798997  0.00380486
        1574    0.844628    0.799026  0.00380256
        1575    0.844621    0.799055  0.00380025
        1576     0.84456    0.799084  0.00379795
        1577    0.844446    0.799113  0.00379565
        1578    0.844279    0.799141  0.00379335
        1579    0.844058     0.79917  0.00379106
        1580    0.843784    0.799198  0.00378876
        1581    0.843458    0.799226  0.00378647
        1582    0.843079    0.799254  0.00378418
        1583    0.842651    0.799281  0.00378189
        1584    0.842171    0.799308   0.0037796
        1585    0.841643    0.799335  0.00377731
        1586    0.841067    0.799361  0.00377502
        1587    0.840444    0.799387  0.00377273
        1588    0.839776    0.799412  0.00377044
        1589    0.839062    0.799437  0.00376815
        1590    0.838304    0.799462  0.00376586
        1591    0.837504    0.799486  0.00376356
        1592    0.836662    0.799509  0.00376127
        1593     0.83578    0.799532  0.00375898
        1594     0.83486    0.799554  0.00375669
        1595    0.833903    0.799576  0.00375439
        1596     0.83291    0.799596   0.0037521
        1597    0.831885    0.799617  0.00374981
        1598    0.830826    0.799636  0.00374751
        1599    0.829735    0.799655  0.00374521
        1600    0.828614    0.799673  0.00374292
        1601    0.827465     0.79969  0.00374062
        1602    0.826289    0.799707  0.00373832
        1603    0.825087    0.799723  0.00373602
        1604    0.823862    0.799738  0.00373372
        1605    0.822614    0.799752  0.00373142
        1606    0.821346    0.799766  0.00372912
        1607     0.82006    0.799778  0.00372683
        1608    0.818758     0.79979  0.00372453
        1609     0.81744    0.799801  0.00372223
        1610     0.81611    0.799811  0.00371993
        1611     0.81477     0.79982  0.00371763
        1612    0.813421    0.799829  0.00371534
        1613    0.812066    0.799837  0.00371304
        1614    0.810708    0.799843  0.00371075
        1615    0.809348    0.799849  0.00370845
        1616    0.807987    0.799854  0.00370616
        1617    0.806628    0.799858  0.00370387
        1618    0.805272    0.799862  0.00370158
        1619    0.803923    0.799864   0.0036993
        1620    0.802582    0.799866  0.00369701
        1621     0.80125    0.799867  0.00369473
        1622    0.799928    0.799867  0.00369246
        1623    0.798617    0.799866  0.00369018
        1624     0.79732    0.799864  0.00368791
        1625    0.796038    0.799862  0.00368564
        1626    0.794773    0.799859  0.00368338
        1627    0.793527    0.799855  0.00368111
        1628    0.792301     0.79985  0.00367886
        1629    0.791097    0.799845   0.0036766
        1630    0.789917    0.799839  0.00367435
        1631    0.788763    0.799832   0.0036721
        1632    0.787636    0.799825  0.00366986
        1633    0.786537    0.799817  0.00366762
        1634    0.785469    0.799808  0.00366539
        1635    0.784433    0.799798  0.00366316
        1636    0.783431    0.799788  0.00366093
        1637    0.782463    0.799778  0.00365871
        1638     0.78153    0.799767   0.0036565
        1639    0.780637    0.799755  0.00365428
        1640    0.779784    0.799743  0.00365208
        1641    0.778971     0.79973  0.00364987
        1642    0.778201    0.799717  0.00364767
        1643    0.777474    0.799703  0.00364548
        1644    0.776791     0.79969  0.00364329
        1645    0.776155    0.799675   0.0036411
        1646    0.775566    0.799661  0.00363892
        1647    0.775023    0.799646  0.00363674
        1648     0.77453     0.79963  0.00363456
        1649    0.774086    0.799615  0.00363239
        1650    0.773694    0.799599  0.00363023
        1651    0.773352    0.799583  0.00362806
        1652    0.773063    0.799567   0.0036259
        1653    0.772826    0.799551  0.00362374
        1654    0.772643    0.799535  0.00362159
        1655    0.772514    0.799518  0.00361944
        1656    0.772439    0.799502  0.00361729
        1657    0.772418    0.799486  0.00361514
        1658    0.772452    0.799469    0.003613
        1659     0.77254    0.799453  0.00361086
        1660    0.772683    0.799437  0.00360872
        1661    0.772881    0.799421  0.00360658
        1662    0.773135    0.799405  0.00360445
        1663    0.773441     0.79939  0.00360231
        1664      0.7738    0.799374  0.00360018
        1665    0.774212    0.799359  0.00359805
        1666    0.774676    0.799344  0.00359592
        1667    0.775191     0.79933  0.00359379
        1668    0.775756    0.799316  0.00359167
        1669     0.77637    0.799302  0.00358954
        1670     0.77703    0.799289  0.00358742
        1671    0.777738    0.799276  0.00358529
        1672    0.778491    0.799263  0.00358317
        1673    0.779287    0.799251  0.00358105
        1674    0.780126     0.79924  0.00357893
        1675    0.781003    0.799229  0.00357681
        1676     0.78192    0.799219  0.00357469
        1677    0.782874    0.799209  0.00357257
        1678    0.783863      0.7992  0.00357045
        1679    0.784884    0.799191  0.00356834
        1680    0.785935    0.799183  0.00356622
        1681    0.787014    0.799176  0.00356411
        1682    0.788119     0.79917  0.00356199
        1683    0.789247    0.799164  0.00355988
        1684    0.790395    0.799159  0.00355777
        1685    0.791562    0.799154  0.00355566
        1686    0.792745     0.79915  0.00355356
        1687    0.793942    0.799147  0.00355145
        1688     0.79515    0.799145  0.00354935
        1689    0.796367    0.799143  0.00354725
        1690     0.79759    0.799142  0.00354515
        1691    0.798817    0.799142  0.00354305
        1692    0.800044    0.799143  0.00354096
        1693    0.801271    0.799144  0.00353887
        1694    0.802495    0.799146  0.00353678
        1695    0.803713    0.799149  0.00353469
        1696    0.804924    0.799152  0.00353261
        1697    0.806124    0.799156  0.00353053
        1698    0.807313    0.799161  0.00352845
        1699    0.808488    0.799166  0.00352638
        1700    0.809646    0.799172  0.00352431
        1701    0.810786    0.799179  0.00352225
        1702    0.811905    0.799187  0.00352019
        1703    0.813002    0.799195  0.00351813
        1704    0.814075    0.799204  0.00351607
        1705    0.815123    0.799213  0.00351402
        1706    0.816143    0.799223  0.00351198
        1707    0.817135    0.799233  0.00350994
        1708    0.818099    0.799244   0.0035079
        1709    0.819031    0.799256  0.00350587
        1710    0.819932    0.799268  0.00350384
        1711      0.8208    0.799281  0.00350181
        1712    0.821635    0.799294  0.00349979
        1713    0.822435    0.799307  0.00349777
        1714      0.8232    0.799321  0.00349576
        1715    0.823928    0.799336  0.00349375
        1716    0.824621     0.79935  0.00349175
        1717    0.825276    0.799365  0.00348975
        1718    0.825894    0.799381  0.00348775
        1719    0.826476    0.799397  0.00348575
        1720    0.827019    0.799413  0.00348377
        1721    0.827525    0.799429  0.00348178
        1722    0.827995    0.799446   0.0034798
        1723    0.828428    0.799462  0.00347782
        1724    0.828824    0.799479  0.00347584
        1725    0.829185    0.799497  0.00347387
        1726     0.82951    0.799514   0.0034719
        1727      0.8298    0.799532  0.00346993
        1728    0.830057    0.799549  0.00346797
        1729    0.830281    0.799567  0.00346601
        1730    0.830473    0.799585  0.00346405
        1731    0.830632    0.799603   0.0034621
        1732     0.83076    0.799621  0.00346015
        1733    0.830859    0.799639   0.0034582
        1734     0.83093    0.799657  0.00345625
        1735    0.830973    0.799675  0.00345431
        1736    0.830989    0.799693  0.00345236
        1737     0.83098    0.799711  0.00345042
        1738    0.830949    0.799729  0.00344848
        1739    0.830894    0.799747  0.00344655
        1740    0.830818    0.799765  0.00344461
        1741    0.830721    0.799782  0.00344268
        1742    0.830606      0.7998  0.00344075
        1743    0.830473    0.799818  0.00343882
        1744    0.830323    0.799835  0.00343689
        1745    0.830157    0.799853  0.00343497
        1746    0.829978     0.79987  0.00343304
        1747    0.829785    0.799887  0.00343112
        1748     0.82958    0.799904   0.0034292
        1749    0.829364    0.799921  0.00342728
        1750    0.829138    0.799938  0.00342536
        1751    0.828902    0.799954  0.00342345
        1752    0.828659     0.79997  0.00342153
        1753    0.828409    0.799987  0.00341962
        1754    0.828153    0.800003  0.00341771
        1755    0.827893    0.800019   0.0034158
        1756    0.827628    0.800034  0.00341389
        1757     0.82736     0.80005  0.00341198
        1758    0.827088    0.800065  0.00341007
        1759    0.826815    0.800081  0.00340817
        1760    0.826542    0.800096  0.00340627
        1761    0.826267     0.80011  0.00340436
        1762    0.825992    0.800125  0.00340246
        1763    0.825716     0.80014  0.00340056
        1764    0.825441    0.800154  0.00339867
        1765    0.825166    0.800168  0.00339677
        1766    0.824892    0.800182  0.00339488
        1767     0.82462    0.800196  0.00339298
        1768     0.82435     0.80021  0.00339109
        1769    0.824083    0.800223   0.0033892
        1770    0.823819    0.800236  0.00338731
        1771    0.823558     0.80025  0.00338543
        1772      0.8233    0.800263  0.00338354
        1773    0.823043    0.800275  0.00338166
        1774    0.822789    0.800288  0.00337977
        1775    0.822539    0.800301  0.00337789
        1776    0.822291    0.800313  0.00337601
        1777    0.822045    0.800325  0.00337414
        1778    0.821802    0.800337  0.00337226
        1779    0.821561    0.800349  0.00337039
        1780    0.821321    0.800361  0.00336851
        1781    0.821085    0.800373  0.00336664
        1782     0.82085    0.800384  0.00336477
        1783    0.820617    0.800396   0.0033629
        1784    0.820385    0.800407  0.00336104
        1785    0.820154    0.800418  0.00335917
        1786    0.819924    0.800429  0.00335731
        1787    0.819696     0.80044  0.00335545
        1788    0.819468     0.80045  0.00335359
        1789     0.81924    0.800461  0.00335173
        1790    0.819014    0.800471  0.00334987
        1791    0.818788    0.800481  0.00334802
        1792    0.818563    0.800491  0.00334617
        1793    0.818338    0.800501  0.00334431
        1794    0.818113    0.800511  0.00334246
        1795    0.817888    0.800521  0.00334062
        1796    0.817662     0.80053  0.00333877
        1797    0.817436     0.80054  0.00333693
        1798    0.817208    0.800549  0.00333508
        1799    0.816979    0.800558  0.00333324
        1800    0.816749    0.800567   0.0033314
        1801    0.816517    0.800576  0.00332956
        1802    0.816284    0.800585  0.00332773
        1803    0.816049    0.800593  0.00332589
        1804    0.815812    0.800602  0.00332406
        1805    0.815572     0.80061  0.00332223
        1806    0.815329    0.800618   0.0033204
        1807    0.815084    0.800626  0.00331857
        1808    0.814835    0.800634  0.00331674
        1809    0.814582    0.800642  0.00331492
        1810    0.814326    0.800649   0.0033131
        1811    0.814066    0.800657  0.00331128
        1812    0.813803    0.800664  0.00330946
        1813    0.813535    0.800671  0.00330764
        1814    0.813262    0.800678  0.00330582
        1815    0.812984    0.800685  0.00330401
        1816      0.8127    0.800691   0.0033022
        1817    0.812411    0.800698  0.00330038
        1818    0.812116    0.800704  0.00329857
        1819    0.811815     0.80071  0.00329677
        1820    0.811507    0.800716  0.00329496
        1821    0.811194    0.800722  0.00329316
        1822    0.810873    0.800728  0.00329135
        1823    0.810544    0.800733  0.00328955
        1824    0.810207    0.800738  0.00328775
        1825    0.809863    0.800743  0.00328596
        1826    0.809509    0.800748  0.00328416
        1827    0.809146    0.800753  0.00328237
        1828    0.808773    0.800757  0.00328057
        1829     0.80839    0.800761  0.00327878
        1830    0.807997    0.800765  0.00327699
        1831    0.807593    0.800769   0.0032752
        1832    0.807177    0.800772  0.00327342
        1833     0.80675    0.800776  0.00327163
        1834     0.80631    0.800779  0.00326985
        1835    0.805857    0.800781  0.00326807
        1836    0.805392    0.800784  0.00326629
        1837    0.804913    0.800786  0.00326452
        1838     0.80442    0.800788  0.00326274
        1839    0.803912     0.80079  0.00326097
        1840     0.80339    0.800791  0.00325919
        1841    0.802854    0.800792  0.00325742
        1842    0.802302    0.800793  0.00325566
        1843    0.801733    0.800794  0.00325389
        1844    0.801149    0.800794  0.00325212
        1845    0.800549    0.800794  0.00325036
        1846    0.799931    0.800793   0.0032486
        1847    0.799296    0.800792  0.00324684
        1848    0.798643    0.800791  0.00324509
        1849    0.797973     0.80079  0.00324333
        1850    0.797285    0.800788  0.00324158
        1851    0.796579    0.800786  0.00323983
        1852    0.795854    0.800783  0.00323808
        1853     0.79511     0.80078  0.00323633
        1854    0.794347    0.800776  0.00323459
        1855    0.793566    0.800772  0.00323285
        1856    0.792767    0.800768  0.00323111
        1857    0.791949    0.800763  0.00322937
        1858    0.791113    0.800758  0.00322764
        1859    0.790258    0.800753  0.00322591
        1860    0.789386    0.800746  0.00322418
        1861    0.788495     0.80074  0.00322245
        1862    0.787586    0.800733  0.00322073
        1863    0.786661    0.800725  0.00321901
        1864    0.785718    0.800717  0.00321729
        1865    0.784759    0.800709  0.00321558
        1866    0.783783      0.8007  0.00321387
        1867     0.78279     0.80069  0.00321216
        1868    0.781782     0.80068  0.00321046
        1869     0.78076    0.800669  0.00320876
        1870    0.779725    0.800658  0.00320706
        1871    0.778677    0.800646  0.00320537
        1872    0.777617    0.800634  0.00320368
        1873    0.776547    0.800621    0.003202
        1874    0.775466    0.800608  0.00320032
        1875    0.774377    0.800594  0.00319864
        1876    0.773281    0.800579  0.00319697
        1877    0.772178    0.800564   0.0031953
        1878    0.771069    0.800548  0.00319364
        1879    0.769957    0.800532  0.00319198
        1880    0.768843    0.800515  0.00319033
        1881    0.767727    0.800498  0.00318868
        1882    0.766612     0.80048  0.00318703
        1883      0.7655    0.800461   0.0031854
        1884    0.764391    0.800442  0.00318376
        1885    0.763289    0.800422  0.00318213
        1886    0.762195    0.800402  0.00318051
        1887    0.761111    0.800381  0.00317889
        1888    0.760039     0.80036  0.00317728
        1889    0.758981    0.800338  0.00317568
        1890    0.757937    0.800315  0.00317408
        1891     0.75691    0.800292  0.00317248
        1892    0.755901    0.800269  0.00317089
        1893    0.754913    0.800245   0.0031693
        1894    0.753947    0.800221  0.00316773
        1895    0.753007    0.800196  0.00316615
        1896    0.752093     0.80017  0.00316458
        1897    0.751209    0.800145  0.00316302
        1898    0.750357    0.800118  0.00316146
        1899    0.749537    0.800092  0.00315991
        1900    0.748752    0.800065  0.00315836
        1901    0.748002    0.800037  0.00315682
        1902    0.747292     0.80001  0.00315528
        1903    0.746621    0.799981  0.00315375
        1904    0.745992    0.799953  0.00315222
        1905    0.745406    0.799924   0.0031507
        1906    0.744865    0.799896  0.00314917
        1907     0.74437    0.799866  0.00314766
        1908    0.743921    0.799837  0.00314615
        1909    0.743521    0.799808  0.00314464
        1910     0.74317    0.799778  0.00314313
        1911    0.742872    0.799748  0.00314162
        1912    0.742626    0.799718  0.00314012
        1913    0.742435    0.799688  0.00313863
        1914    0.742298    0.799658  0.00313713
        1915    0.742215    0.799628  0.00313563
        1916    0.742186    0.799598  0.00313414
        1917    0.742213    0.799569  0.00313265
        1918    0.742294    0.799539  0.00313116
        1919     0.74243    0.799509  0.00312967
        1920     0.74262    0.799479  0.00312818
        1921    0.742865     0.79945  0.00312669
        1922    0.743165    0.799421   0.0031252
        1923    0.743519    0.799391  0.00312371
        1924    0.743925    0.799363  0.00312222
        1925    0.744386    0.799334  0.00312073
        1926      0.7449    0.799306  0.00311923
        1927    0.745467    0.799278  0.00311774
        1928    0.746083     0.79925  0.00311625
        1929    0.746749    0.799223  0.00311475
        1930    0.747462    0.799196  0.00311325
        1931    0.748223     0.79917  0.00311175
        1932    0.749028    0.799144  0.00311025
        1933    0.749877    0.799118  0.00310874
        1934    0.750766    0.799093  0.00310724
        1935    0.751695    0.799069  0.00310573
        1936    0.752662    0.799045  0.00310422
        1937    0.753663    0.799021   0.0031027
        1938    0.754699    0.798999  0.00310118
        1939    0.755766    0.798976  0.00309967
        1940    0.756861    0.798955  0.00309814
        1941    0.757983    0.798933  0.00309662
        1942    0.759129    0.798913  0.00309509
        1943    0.760297    0.798893  0.00309356
        1944    0.761484    0.798874  0.00309203
        1945    0.762687    0.798855   0.0030905
        1946    0.763904    0.798837  0.00308896
        1947    0.765132     0.79882  0.00308742
        1948    0.766369    0.798803  0.00308588
        1949    0.767612    0.798787  0.00308434
        1950    0.768859    0.798772   0.0030828
        1951    0.770108    0.798757  0.00308125
        1952    0.771354    0.798743  0.00307971
        1953    0.772596     0.79873  0.00307816
        1954    0.773831    0.798717  0.00307661
        1955    0.775056    0.798705  0.00307506
        1956    0.776269    0.798694  0.00307351
        1957    0.777467    0.798683  0.00307196
        1958    0.778647    0.798672  0.00307041
        1959    0.779807    0.798663  0.00306885
        1960    0.780945    0.798654   0.0030673
        1961    0.782058    0.798645  0.00306575
        1962    0.783144    0.798637   0.0030642
        1963    0.784202     0.79863  0.00306265
        1964    0.785229    0.798623  0.00306109
        1965    0.786224    0.798617  0.00305954
        1966    0.787185    0.798611  0.00305799
        1967    0.788112    0.798606  0.00305644
        1968    0.789002    0.798601  0.00305489
        1969    0.789854    0.798596  0.00305334
        1970    0.790666    0.798592   0.0030518
        1971    0.791437    0.798589  0.00305025
        1972    0.792165    0.798586  0.00304871
        1973    0.792851    0.798583  0.00304716
        1974    0.793495     0.79858  0.00304562
        1975    0.794094    0.798578  0.00304408
        1976    0.794649    0.798576  0.00304254
        1977     0.79516    0.798574    0.003041
        1978    0.795628    0.798573  0.00303946
        1979    0.796053    0.798571  0.00303793
        1980    0.796435     0.79857  0.00303639
        1981    0.796774    0.798569  0.00303486
        1982    0.797071    0.798569  0.00303333
        1983    0.797328    0.798568   0.0030318
        1984    0.797546    0.798567  0.00303027
        1985    0.797726    0.798567  0.00302874
        1986     0.79787    0.798567  0.00302722
        1987     0.79798    0.798566   0.0030257
        1988    0.798057    0.798566  0.00302417
        1989    0.798103    0.798566  0.00302265
        1990     0.79812    0.798566  0.00302113
        1991    0.798112    0.798565  0.00301962
        1992     0.79808    0.798565   0.0030181
        1993    0.798026    0.798565  0.00301659
        1994    0.797953    0.798565  0.00301507
        1995    0.797863    0.798564  0.00301356
        1996    0.797758    0.798564  0.00301205
        1997    0.797642    0.798563  0.00301055
        1998    0.797518    0.798563  0.00300904
        1999    0.797389    0.798562  0.00300753
        2000    0.797257    0.798562  0.00300603
