0     5505.54     317.747
1     579.365     33.5168
2           0           0
3           0           0
4           0           0
5           0           0
6           0           0
7           0           0
8           0           0
9           0           0
10           0           0
11           0           0
12           0           0
13           0           0
14           0           0
15           0           0
16           0           0
17           0           0
18           0           0
19           0           0
20           0           0
21           0           0
22           0           0
23           0           0
24           0           0
25           0           0
26           0           0
27           0           0
28           0           0
29           0           0
30           0           0
31           0           0
32           0           0
33           0           0
34           0           0
35           0           0
36           0           0
37           0           0
38           0           0
39           0           0
40           0           0
41           0           0
42           0           0
43           0           0
44           0           0
45           0           0
46           0           0
47           0           0
48           0           0
49           0           0
50           0           0
51           0           0
52           0           0
53           0           0
54           0           0
55           0           0
56           0           0
57           0           0
58           0           0
59           0           0
60           0           0
61           0           0
62           0           0
63           0           0
64           0           0
65           0           0
66           0           0
67           0           0
68           0           0
69           0           0
70           0           0
71           0           0
72           0           0
73           0           0
74           0           0
75           0           0
76           0           0
77           0           0
78           0           0
79           0           0
80           0           0
81           0           0
82           0           0
83           0           0
84           0           0
85           0           0
86           0           0
87           0           0
88           0           0
89           0           0
90           0           0
91           0           0
92           0           0
93           0           0
94           0           0
95           0           0
96           0           0
97           0           0
98           0           0
99           0           0
100           0           0
101           0           0
102           0           0
103           0           0
104           0           0
105           0           0
106           0           0
107           0           0
108           0           0
109           0           0
110           0           0
111           0           0
112           0           0
113           0           0
114           0           0
115           0           0
116           0           0
117           0           0
118           0           0
119           0           0
120           0           0
121           0           0
122           0           0
123           0           0
124           0           0
125           0           0
126           0           0
127           0           0
128           0           0
129           0           0
130           0           0
131           0           0
132           0           0
133           0           0
134           0           0
135           0           0
136           0           0
137           0           0
138           0           0
139           0           0
140           0           0
141           0           0
142           0           0
143           0           0
144           0           0
145           0           0
146           0           0
147           0           0
148           0           0
149           0           0
150           0           0
151           0           0
152           0           0
153           0           0
154           0           0
155           0           0
156           0           0
157           0           0
158           0           0
159           0           0
160           0           0
161           0           0
162           0           0
163           0           0
164           0           0
165           0           0
166           0           0
167           0           0
168           0           0
169           0           0
170           0           0
171           0           0
172           0           0
173           0           0
174           0           0
175           0           0
176           0           0
177           0           0
178           0           0
179           0           0
180           0           0
181           0           0
182           0           0
183           0           0
184           0           0
185           0           0
186           0           0
187           0           0
188           0           0
189           0           0
190           0           0
191           0           0
192           0           0
193           0           0
194           0           0
195           0           0
196           0           0
197           0           0
198           0           0
199           0           0
200           0           0
201           0           0
202           0           0
203           0           0
204           0           0
205           0           0
206           0           0
207           0           0
208           0           0
209           0           0
210           0           0
211           0           0
212           0           0
213           0           0
214           0           0
215           0           0
216           0           0
217           0           0
218           0           0
219           0           0
220           0           0
221           0           0
222           0           0
223           0           0
224           0           0
225           0           0
226           0           0
227           0           0
228           0           0
229           0           0
230           0           0
231           0           0
232           0           0
233           0           0
234           0           0
235           0           0
236           0           0
237           0           0
238           0           0
239           0           0
240           0           0
241           0           0
242           0           0
243           0           0
244           0           0
245           0           0
246           0           0
247           0           0
248           0           0
249           0           0
250           0           0
251           0           0
252           0           0
253           0           0
254           0           0
255           0           0
256           0           0
257           0           0
258           0           0
259           0           0
260           0           0
261           0           0
262           0           0
263           0           0
264           0           0
265           0           0
266           0           0
267           0           0
268           0           0
269           0           0
270           0           0
271           0           0
272           0           0
273           0           0
274           0           0
275           0           0
276           0           0
277           0           0
278           0           0
279           0           0
280           0           0
281           0           0
282           0           0
283           0           0
284           0           0
285           0           0
286           0           0
287           0           0
288           0           0
289           0           0
290           0           0
291           0           0
292           0           0
293           0           0
294           0           0
295           0           0
296           0           0
297           0           0
298           0           0
299           0           0
300           0           0
301           0           0
302           0           0
303           0           0
304           0           0
305           0           0
306           0           0
307           0           0
308           0           0
309           0           0
310           0           0
311           0           0
312           0           0
313           0           0
314           0           0
315           0           0
316           0           0
317           0           0
318           0           0
319           0           0
320           0           0
321           0           0
322           0           0
323           0           0
324           0           0
325           0           0
326           0           0
327           0           0
328           0           0
329           0           0
330           0           0
331           0           0
332           0           0
333           0           0
334           0           0
335           0           0
336           0           0
337           0           0
338           0           0
339           0           0
340           0           0
341           0           0
342           0           0
343           0           0
344           0           0
345           0           0
346           0           0
347           0           0
348           0           0
349           0           0
350           0           0
351           0           0
352           0           0
353           0           0
354           0           0
355           0           0
356           0           0
357           0           0
358           0           0
359           0           0
360           0           0
361           0           0
362           0           0
363           0           0
364           0           0
365           0           0
366           0           0
367           0           0
368           0           0
369           0           0
370           0           0
371           0           0
372           0           0
373           0           0
374           0           0
375           0           0
376           0           0
377           0           0
378           0           0
379           0           0
380           0           0
381           0           0
382           0           0
383           0           0
384           0           0
385           0           0
386           0           0
387           0           0
388           0           0
389           0           0
390           0           0
391           0           0
392           0           0
393           0           0
394           0           0
395           0           0
396           0           0
397           0           0
398           0           0
399           0           0
400           0           0
401           0           0
402           0           0
403           0           0
404           0           0
405           0           0
406           0           0
407 4.01929e-09 1.75542e-17
408           0           0
409           0           0
410           0           0
411           0           0
412           0           0
413           0           0
414           0           0
415           0           0
416           0           0
417           0           0
418           0           0
419           0           0
420           0           0
421           0           0
422           0           0
423           0           0
424           0           0
425 3.68681e-09           0
426 3.66956e-09 2.18548e-17
427           0           0
428 3.63543e-09 1.46869e-17
429           0           0
430           0           0
431           0           0
432           0           0
433 3.55214e-09 2.18548e-17
434           0           0
435           0           0
436           0           0
437           0           0
438 6.94338e-09 4.29988e-17
439 1.03678e-08 7.28022e-17
440 3.44027e-09 1.66533e-17
441 3.42472e-09 2.22045e-17
442 3.40928e-09 1.79877e-17
443           0           0
444  3.3787e-09 1.57009e-17
445           0           0
446 6.69707e-09 3.42194e-17
447  3.3336e-09 3.92523e-18
448           0           0
449 6.60808e-09 2.71948e-17
450  3.2894e-09 1.79877e-17
451 3.27486e-09 1.30185e-17
452 9.78127e-09 4.96507e-17
453 3.24607e-09 1.41526e-17
454           0           0
455 3.21766e-09 1.35974e-17
456 9.61079e-09 4.71028e-17
457 6.37924e-09 3.04047e-17
458 6.35148e-09 3.59753e-17
459 9.48584e-09 3.84593e-17
460 3.14824e-09 1.66533e-17
461 1.25385e-08 1.57009e-17
462 9.36331e-09  7.5299e-17
463   9.323e-09 5.66105e-17
464           0           0
465 3.08105e-09  6.7987e-18
466 3.06787e-09  6.7987e-18
467           0           0
468 6.08352e-09 2.83052e-17
469 6.05766e-09 4.00297e-17
470 6.03196e-09 1.75542e-17
471 1.94909e-06 1.13687e-14
472 2.99053e-09 1.88247e-17
473 1.19117e-08 6.08094e-17
474           0           0
475           0           0
476 5.88117e-09 2.71948e-17
477 2.92829e-09 1.17757e-17
478 2.91608e-09 1.11022e-17
479           0           0
480 2.89188e-09 3.92523e-18
481 8.63968e-09 3.51083e-17
482 5.73596e-09 2.22045e-17
483 8.56842e-09 2.71948e-17
484           0           0
485 2.83268e-09 9.61481e-18
486 8.46318e-09 4.83935e-17
487 8.42853e-09 3.51083e-17
488 2.79803e-09 2.07704e-17
489 2.78662e-09 9.61481e-18
490           0           0
491 2.76401e-09 3.92523e-18
492           0           0
493           0           0
494 2.73061e-09 3.92523e-18
495 5.43923e-09  4.2276e-17
496 2.70868e-09 5.55112e-18
497           0           0
498 2.68701e-09 5.55112e-18
499 5.35255e-09 2.93737e-17
500  2.6656e-09  1.8411e-17
501           0           0
502 2.64445e-09 1.46869e-17
503 5.26792e-09 1.92296e-17
504           0           0
505           0           0
506           0           0
507 2.59265e-09 1.00074e-17
508 5.16494e-09 2.71948e-17
509  5.1447e-09 3.76495e-17
510           0           0
511 7.65688e-09           0
512           0           0
513 5.06494e-09 2.71948e-17
514           0           0
515           0           0
516           0           0
517           0           0
518 2.48391e-09  6.7987e-18
519 2.47437e-09 1.03852e-17
520           0           0
521           0           0
522           0           0
523           0           0
524 2.42746e-09           0
525 2.41824e-09 1.14439e-17
526           0           0
527 2.39995e-09 1.77722e-17
528           0           0
529           0           0
530           0           0
531           0           0
532           0           0
533           0           0
534 2.33756e-09 2.03961e-17
535           0           0
536           0           0
537           0           0
538           0           0
539           0           0
540           0           0
541           0           0
542           0           0
543 2.26086e-09 5.55112e-18
544           0           0
545           0           0
546           0           0
547           0           0
548           0           0
549           0           0
550           0           0
551           0           0
552 2.18787e-09 1.59444e-17
553           0           0
554           0           0
555           0           0
556           0           0
557           0           0
558           0           0
559           0           0
560           0           0
561           0           0
562           0           0
563           0           0
564           0           0
565           0           0
566 2.08116e-09 1.14439e-17
567           0           0
568           0           0
569           0           0
570           0           0
571           0           0
572           0           0
573           0           0
574           0           0
575           0           0
576           0           0
577           0           0
578           0           0
579           0           0
580           0           0
581           0           0
582           0           0
583           0           0
584           0           0
585           0           0
586           0           0
587           0           0
588           0           0
589           0           0
590           0           0
591           0           0
592           0           0
593           0           0
594 1.88989e-09 1.03852e-17
595           0           0
596           0           0
597           0           0
598           0           0
599           0           0
600           0           0
601           0           0
602           0           0
603           0           0
604           0           0
605           0           0
606 1.81591e-09 1.17757e-17
607           0           0
608   1.804e-09 9.20548e-18
609           0           0
610           0           0
611 1.78636e-09 1.00074e-17
612           0           0
613           0           0
614 1.76897e-09 1.11022e-17
615           0           0
616           0           0
617 1.75184e-09 1.28697e-17
618 1.74618e-09 7.60118e-18
619           0           0
620           0           0
621 1.72938e-09 1.37383e-17
622           0           0
623 1.71831e-09 4.80741e-18
624           0           0
625           0           0
626 1.70191e-09 1.96262e-18
627           0           0
628           0           0
629           0           0
630           0           0
631           0           0
632  1.6698e-09 5.19259e-18
633           0           0
634           0           0
635           0           0
636           0           0
637           0           0
638 1.63859e-09  1.0569e-17
639 1.63347e-09 6.50926e-18
640 1.62838e-09 5.19259e-18
641 1.62331e-09 7.60118e-18
642           0           0
643           0           0
644           0           0
645           0           0
646           0           0
647 1.59339e-09 7.07631e-18
648           0           0
649 4.75079e-09 3.09073e-17
650           0           0
651  1.5739e-09  1.0569e-17
652           0           0
653           0           0
654 1.55951e-09  1.0569e-17
655           0           0
656 3.10006e-09           0
657 1.54532e-09 5.88785e-18
658           0           0
659 1.53597e-09 7.07631e-18
660 3.06266e-09 8.77708e-18
661           0           0
662           0           0
663 3.03504e-09 1.71097e-17
664           0           0
665           0           0
666 4.88768e-07 2.46139e-15
667           0           0
668 2.98985e-09 7.85046e-18
669           0           0
670 1.48603e-09 7.60118e-18
671           0           0
672           0           0
673 2.94565e-09 1.61841e-17
674           0           0
675           0           0
676           0           0
677           0           0
678 1.45122e-09 7.07631e-18
679           0           0
680  1.4427e-09 6.20634e-18
681 2.87695e-09 1.30185e-17
682           0           0
683           0           0
684           0           0
685           0           0
686 1.41761e-09 4.80741e-18
687           0           0
688 2.81879e-09           0
689           0           0
690           0           0
691           0           0
692           0           0
693           0           0
694           0           0
695           0           0
696           0           0
697           0           0
698           0           0
699           0           0
700 1.36156e-09 3.92523e-18
701 1.35768e-09 4.38854e-18
702           0           0
703           0           0
704           0           0
705           0           0
706 1.33854e-09 8.32667e-18
707 1.33477e-09 9.20548e-18
708   1.331e-09  1.0569e-17
709 1.32726e-09 8.09207e-18
710           0           0
711           0           0
712           0           0
713           0           0
714           0           0
715           0           0
716           0           0
717 1.29784e-09 5.72196e-18
718           0           0
719           0           0
720 1.28707e-09 6.65555e-18
721           0           0
722 1.27996e-09 5.72196e-18
723 1.27642e-09 1.96262e-18
724           0           0
725  1.2694e-09 5.55112e-18
726           0           0
727           0           0
728           0           0
729           0           0
730           0           0
731           0           0
732 1.24527e-09 5.19259e-18
733           0           0
734           0           0
735           0           0
736           0           0
737           0           0
738           0           0
739 1.22182e-09  6.7987e-18
740 1.21853e-09 9.20548e-18
741           0           0
742 1.21198e-09 6.65555e-18
743 1.20872e-09 4.38854e-18
744           0           0
745 1.20225e-09 3.67172e-18
746           0           0
747 1.19583e-09 5.55112e-18
748 1.19264e-09 9.20548e-18
749           0           0
750           0           0
751           0           0
752           0           0
753           0           0
754 1.17376e-09 7.34344e-18
755           0           0
756 1.16756e-09 7.60118e-18
757 2.32897e-09 1.17757e-17
758 1.16142e-09  6.7987e-18
759 1.15836e-09 8.21021e-18
760 1.15532e-09 4.80741e-18
761 2.30458e-09 1.38778e-17
762 1.14927e-09 8.55484e-18
763 1.14626e-09 4.80741e-18
764 1.14327e-09 5.37484e-18
765           0           0
766           0           0
767           0           0
768 1.13141e-09 5.19259e-18
769           0           0
770 2.25109e-09 5.55112e-18
771           0           0
772 2.23946e-09 1.46869e-17
773 1.11684e-09 3.10317e-18
774 3.34187e-09 1.11022e-17
775 1.11109e-09 5.88785e-18
776 1.10823e-09 3.92523e-18
777 2.21076e-09 8.77708e-18
778 2.20509e-09 1.35974e-17
779 1.09972e-09 5.55112e-18
780 2.19381e-09 1.64204e-17
781 2.18821e-09 8.77708e-18
782 1.09131e-09 5.72196e-18
783 1.08853e-09  6.7987e-18
784 1.08576e-09 8.32667e-18
785   1.083e-09 5.72196e-18
786 2.16049e-09 1.00074e-17
787 5.38752e-09  2.6037e-17
788 1.07478e-09 5.00371e-18
789 3.21617e-09 1.03852e-17
790           0           0
791  2.1333e-09 1.68831e-17
792           0           0
793 3.18384e-09 1.46869e-17
794 6.35168e-09 1.11022e-17
795 3.16787e-09 1.17757e-17
796 7.37315e-09           0
797 1.05067e-09 6.20634e-18
798 1.04804e-09 3.92523e-18
799 4.18169e-09 1.57009e-17
800 1.04281e-09 6.65555e-18
801 4.16086e-09 2.77556e-17
802 5.18813e-09 7.85046e-18
803 3.10514e-09 1.03852e-17
804 3.09743e-09 9.61481e-18
805 4.11966e-09 7.85046e-18
806 5.13682e-09 9.61481e-18
807 3.07447e-09 1.57009e-17
808 2.04458e-09 1.61841e-17
809 1.01977e-09 2.77556e-18
810 2.03451e-09 1.35974e-17
811 5.07376e-09  1.8411e-17
812 3.03677e-09 1.66533e-17
813 4.03908e-09 2.07704e-17
814           0           0
815 4.01931e-09 1.24127e-17
816 1.30308e-06 4.71321e-15
817 1.99984e-09 1.30185e-17
818 3.98992e-09  2.6037e-17
819  1.9901e-09 1.14439e-17
820 9.92625e-10 2.77556e-18
821 5.94127e-09 7.85046e-18
822 2.96342e-09 1.11022e-17
823 3.94164e-09 2.98937e-17
824 4.91512e-09 2.66222e-17
825 6.86451e-09 3.42194e-17
826 5.86965e-09 1.75542e-17
827 9.75913e-10 7.85046e-18
828 2.92068e-09 1.88247e-17
829 2.91365e-09 1.75542e-17
830 1.93776e-09 8.32667e-18
831 9.66552e-10  2.4037e-18
832 3.85693e-09 1.57009e-17
833 9.61921e-10 1.38778e-18
834 9.59619e-10 3.67172e-18
835 2.87197e-09 1.30185e-17
836 3.82015e-09 1.57009e-17
837 3.81104e-09 1.75542e-17
838 3.80196e-09 2.71948e-17
839 9.48229e-10 3.92523e-18
840           0           0
841 1.88746e-09 1.11022e-17
842 1.88298e-09 1.46869e-17
843 9.39262e-10 6.20634e-18
844  9.3704e-10 5.55112e-18
845 1.86965e-09 1.24127e-17
846 2.79786e-09 1.96262e-17
847 3.72169e-09 2.74766e-17
848 3.71293e-09 2.07704e-17
849  3.7042e-09 2.18548e-17
850 1.84775e-09 1.42881e-17
851 9.21706e-10 5.72196e-18
852 1.83909e-09 8.32667e-18
853 2.75218e-09 1.92296e-17
854  9.1525e-10           0
855 1.82622e-09 4.80741e-18
856 9.10983e-10 9.81308e-19
857 1.81772e-09 9.61481e-18
858 9.06746e-10 4.27742e-18
859           0           0
860           0           0
861           0           0
862 2.69508e-09 1.75542e-17
863 3.58512e-09 1.46869e-17
864  8.9421e-10 4.27742e-18
865 2.67644e-09           0
866 8.90089e-10 3.92523e-18
867           0           0
868           0           0
869 8.83961e-10 3.25463e-18
870 1.76387e-09 1.19381e-17
871 8.79911e-10  5.2845e-18
872 1.75579e-09  6.7987e-18
873           0           0
874           0           0
875 1.74379e-09 6.20634e-18
876 8.69907e-10 4.70619e-18
877           0           0
878 8.65952e-10 4.49692e-18
879 8.63985e-10 4.38854e-18
880           0           0
881           0           0
882           0           0
883 8.56184e-10 4.27742e-18
884 8.54251e-10 2.94392e-18
885 8.52323e-10  5.8055e-18
886 8.50403e-10 4.38854e-18
887 3.39395e-09  2.3222e-17
888 8.46581e-10 2.77556e-18
889 8.44679e-10  2.5963e-18
890 8.42784e-10 3.53816e-18
891           0           0
892 8.39013e-10 5.63718e-18
893           0           0
894 1.67054e-09 1.00074e-17
895 8.33404e-10 4.04604e-18
896 8.31547e-10 3.53816e-18
897 8.29696e-10 4.60274e-18
898  1.6557e-09  1.0198e-17
899           0           0
900  8.2418e-10 9.81308e-19
901 8.22354e-10 3.39935e-18
902 8.20533e-10  2.5963e-18
903           0           0
904 2.45073e-09 1.24127e-17
905 3.26043e-09 1.35974e-17
906 8.13312e-10 2.94392e-18
907           0           0
908 1.61947e-09 9.81308e-18
909           0           0
910 8.06186e-10 1.96262e-18
911 8.04419e-10 3.80059e-18
912 2.40797e-09 9.20548e-18
913 8.00902e-10 4.70619e-18
914           0           0
915 1.59482e-09 8.77708e-18
916 1.59134e-09 5.19259e-18
917           0           0
918 1.58442e-09 1.00074e-17
919  7.9049e-10 3.67172e-18
920           0           0
921 7.87064e-10 3.67172e-18
922 1.57072e-09 4.80741e-18
923  7.8366e-10 4.16334e-18
924 7.81967e-10 4.80741e-18
925 1.56056e-09 5.55112e-18
926 7.78596e-10 3.39935e-18
927 2.33076e-09 1.54537e-17
928           0           0
929 7.73581e-10 1.69967e-18
930 1.54384e-09 5.55112e-18
931 1.54053e-09 5.19259e-18
932 3.07446e-09 1.35974e-17
933 1.53394e-09 8.32667e-18
934  7.6533e-10 1.96262e-18
935 1.52739e-09 5.19259e-18
936  2.2862e-09  6.7987e-18
937 7.60442e-10 9.81308e-19
938 7.58823e-10  2.4037e-18
939 1.51442e-09 1.96262e-18
940  1.5112e-09 7.60118e-18
941           0           0
942 4.87555e-07 1.42109e-15
943 1.50161e-09 5.55112e-18
944 1.49844e-09 1.09274e-17
945 7.47635e-10  2.5963e-18
946 1.49211e-09 9.41237e-18
947           0           0
948           0           0
949  1.4827e-09 1.12744e-17
950 7.39794e-10 3.80059e-18
951           0           0
952 2.21008e-09 1.52024e-17
953  1.4703e-09 4.38854e-18
954           0           0
955 2.19623e-09 1.14439e-17
956 7.30547e-10 2.77556e-18
957           0           0
958 7.27503e-10 3.25463e-18
959 2.90395e-09 9.61481e-18
960 1.44896e-09 3.92523e-18
961 7.22972e-10 1.38778e-18
962 1.44294e-09           0
963 1.43995e-09 6.20634e-18
964 7.18484e-10 1.69967e-18
965   1.434e-09 5.19259e-18
966 7.15515e-10  2.5963e-18
967           0           0
968 1.42513e-09 6.20634e-18
969 1.42219e-09 6.50926e-18
970 7.09632e-10 3.53816e-18
971 1.41635e-09 5.55112e-18
972 7.06718e-10  2.4037e-18
973 7.05268e-10 3.92523e-18
974 1.40764e-09 6.20634e-18
975 2.10714e-09 1.00074e-17
976           0           0
977           0           0
978 2.79233e-09 1.03852e-17
979 6.96658e-10 1.38778e-18
980           0           0
981 2.08147e-09           0
982 6.92412e-10 1.96262e-18
983           0           0
984 2.06881e-09 1.14439e-17
985 2.06462e-09 3.92523e-18
986 1.37362e-09 7.60118e-18
987 1.37084e-09 3.39935e-18
988 1.36807e-09 2.77556e-18
989           0           0
990           0           0
991           0           0
992 6.78537e-10 4.38854e-18
993 2.03152e-09 1.03852e-17
994         108     10.7998
995       51.02     5.10122
996           1   0.0447214
997           0    0.234232
998    -722.666     72.2666
999         0.8     0.31091
1000       129.6     10.6257
1001    -593.066     59.2578
