           1    0.200178    0.200178           0
           2    0.191527    0.195853  0.00432566
           3    0.191858    0.194521  0.00283029
           4    0.189223    0.193197  0.00239994
           5    0.199242    0.194406  0.00221759
           6    0.193446    0.194246   0.0018177
           7    0.195167    0.194377  0.00154186
           8    0.191498    0.194017  0.00138293
           9    0.193019    0.193906  0.00122466
          10    0.192765    0.193792   0.0011013
          11    0.197778    0.194155  0.00106003
          12    0.195584    0.194274 0.000974967
          13    0.203228    0.194963  0.00113082
          14    0.200051    0.195326  0.00110823
          15    0.194232    0.195253  0.00103428
          16    0.199669    0.195529  0.00100608
          17    0.199868    0.195784 0.000978911
          18    0.202121    0.196136 0.000987785
          19    0.195726    0.196115   0.0009346
          20    0.191591    0.195889  0.00091504
          21    0.196963     0.19594 0.000871879
          22    0.198122    0.196039 0.000837202
          23    0.194161    0.195957 0.000804132
          24    0.196889    0.195996 0.000770876
          25    0.197465    0.196055 0.000741729
          26    0.194077    0.195979 0.000716678
          27    0.205257    0.196322 0.000770496
          28    0.195352    0.196288 0.000743277
          29    0.198271    0.196356 0.000720441
          30    0.200233    0.196485 0.000707909
          31    0.198342    0.196545 0.000687306
          32    0.196611    0.196547 0.000665484
          33    0.196523    0.196547 0.000645003
          34    0.194225    0.196478 0.000629459
          35    0.201675    0.196627 0.000628987
          36    0.194413    0.196565  0.00061435
          37    0.189877    0.196385  0.00062426
          38    0.198446    0.196439 0.000610026
          39    0.200507    0.196543 0.000603268
          40    0.195324    0.196513 0.000588783
          41    0.203739    0.196689 0.000600686
          42    0.199865    0.196764 0.000591068
          43    0.197516    0.196782 0.000577424
          44    0.193924    0.196717 0.000567874
          45    0.192265    0.196618 0.000563856
          46    0.192598    0.196531 0.000558344
          47     0.19883     0.19658  0.00054852
          48    0.192367    0.196492 0.000544096
          49    0.191447    0.196389 0.000542733
          50    0.195501    0.196371 0.000532064
          51    0.195424    0.196353 0.000521857
          52    0.199229    0.196408 0.000514705
          53    0.191616    0.196317 0.000512931
          54    0.190171    0.196204 0.000516052
          55    0.193633    0.196157 0.000508734
          56    0.198554      0.1962 0.000501398
          57    0.191101     0.19611 0.000500581
          58    0.193704    0.196069 0.000493621
          59    0.202151    0.196172 0.000496013
          60     0.19287    0.196117  0.00049077
          61    0.198837    0.196161 0.000484713
          62    0.198851    0.196205   0.0004788
          63    0.191916    0.196137 0.000476033
          64    0.187613    0.196004 0.000487097
          65    0.194695    0.195983 0.000479967
          66     0.19504    0.195969 0.000472855
          67    0.195504    0.195962 0.000465796
          68    0.195669    0.195958 0.000458915
          69    0.197161    0.195975 0.000452551
          70    0.192949    0.195932  0.00044813
          71    0.192817    0.195888 0.000443946
          72    0.202012    0.195973 0.000445924
          73    0.201792    0.196053 0.000446938
          74    0.194674    0.196034  0.00044125
          75    0.190686    0.195963  0.00044113
          76    0.192062    0.195912 0.000438303
          77    0.192966    0.195873 0.000434262
          78     0.20223    0.195955 0.000436336
          79    0.191853    0.195903 0.000433895
          80     0.19496    0.195891 0.000428599
          81    0.200247    0.195945 0.000426677
          82    0.191666    0.195893  0.00042466
          83    0.193993     0.19587 0.000420137
          84     0.19472    0.195856 0.000415331
          85    0.200011    0.195905 0.000413316
          86    0.201612    0.195971 0.000413837
          87    0.202334    0.196045 0.000415539
          88    0.196406    0.196049  0.00041081
          89    0.193878    0.196024   0.0004069
          90    0.194884    0.196012 0.000402553
          91    0.190272    0.195949  0.00040307
          92    0.199904    0.195992 0.000400976
          93    0.198692    0.196021 0.000397702
          94    0.191334    0.195971 0.000396595
          95    0.194017     0.19595 0.000392936
          96    0.199622    0.195988 0.000390698
          97    0.202539    0.196056 0.000392502
          98    0.193648    0.196031 0.000389253
          99    0.199863     0.19607  0.00038724
         100    0.197011    0.196079 0.000383463
           1    0.223839    0.223839           0
           2    0.212975    0.218407  0.00543185
           3    0.212132    0.216315  0.00376969
           4    0.221944    0.217723  0.00301422
           5    0.214054    0.216989  0.00244741
           6    0.218587    0.217255  0.00201598
           7    0.222361    0.217985  0.00185338
           8    0.218054    0.217993   0.0016051
           9     0.22544    0.218821  0.00163965
          10    0.226402    0.219579   0.0016509
          11    0.224944    0.220066  0.00157092
          12     0.21154    0.219356  0.00160044
          13    0.226391    0.219897   0.0015685
          14    0.219244     0.21985   0.0014529
          15    0.215914    0.219588  0.00137779
          16    0.218835    0.219541  0.00128967
          17    0.219853    0.219559  0.00121157
          18    0.225655    0.219898  0.00119143
          19    0.226716    0.220257  0.00118273
          20    0.225267    0.220507  0.00114966
          21    0.224435    0.220694  0.00110943
          22    0.215064    0.220438  0.00108832
          23    0.216423    0.220264  0.00105448
          24    0.218043    0.220171  0.00101381
          25    0.219957    0.220163 0.000972455
          26    0.224768     0.22034 0.000950944
          27    0.225053    0.220514 0.000931547
          28    0.225274    0.220684 0.000913616
          29    0.217257    0.220566 0.000889436
          30    0.219204    0.220521 0.000860475
          31     0.22334    0.220612  0.00083721
          32    0.234661    0.221051  0.00092188
          33    0.221248    0.221057 0.000893528
          34    0.218342    0.220977 0.000870518
          35    0.226552    0.221136  0.00086016
          36    0.229973    0.221382 0.000871223
          37    0.220989    0.221371 0.000847416
          38    0.216585    0.221245 0.000834377
          39    0.228226    0.221424 0.000832181
          40    0.221797    0.221433 0.000811163
          41    0.220825    0.221419 0.000791271
          42     0.23377    0.221713 0.000826305
          43    0.218655    0.221642 0.000809987
          44    0.206057    0.221287 0.000867017
          45    0.223537    0.221337 0.000849004
          46    0.220453    0.221318 0.000830564
          47    0.216409    0.221214 0.000819384
          48    0.218745    0.221162 0.000803779
          49    0.220466    0.221148 0.000787333
          50    0.221559    0.221156 0.000771469
          51    0.219613    0.221126 0.000756796
          52     0.21362    0.220982 0.000756009
          53    0.228239    0.221119 0.000754141
          54    0.217916    0.221059 0.000742416
          55    0.219297    0.221027 0.000729497
          56    0.222671    0.221057 0.000716953
          57    0.221453    0.221064 0.000704297
          58    0.216288    0.220981 0.000696927
          59    0.225517    0.221058 0.000689313
          60    0.217329    0.220996  0.00068057
          61    0.226328    0.221083 0.000675004
          62    0.221134    0.221084 0.000664028
          63    0.212824    0.220953 0.000666427
          64    0.216749    0.220887 0.000659213
          65    0.226059    0.220967  0.00065385
          66    0.217303    0.220911 0.000646256
          67    0.226982    0.221002 0.000642954
          68    0.225567    0.221069 0.000636975
          69    0.228596    0.221178 0.000637085
          70    0.216445    0.221111 0.000631548
          71    0.218707    0.221077 0.000623509
          72    0.220683    0.221071 0.000614813
          73    0.224535    0.221119 0.000608186
          74    0.217097    0.221064 0.000602368
          75    0.218551    0.221031 0.000595226
          76    0.222281    0.221047 0.000587572
          77    0.215354    0.220973 0.000584586
          78    0.222095    0.220988 0.000577221
          79    0.208524     0.22083 0.000591304
          80    0.214097    0.220746   0.0005899
          81    0.230272    0.220863 0.000594325
          82    0.223453    0.220895 0.000587881
          83    0.215865    0.220834 0.000583908
          84    0.221016    0.220837 0.000576919
          85    0.221311    0.220842 0.000570119
          86    0.223151    0.220869 0.000564089
          87    0.225186    0.220919 0.000559771
          88     0.21824    0.220888 0.000554211
          89    0.214681    0.220818 0.000552369
          90    0.223379    0.220847 0.000546938
          91    0.215496    0.220788 0.000544081
          92     0.22143    0.220795  0.00053818
          93     0.21544    0.220737 0.000535467
          94    0.222806     0.22076 0.000530197
          95    0.225493    0.220809 0.000526947
          96    0.225363    0.220857 0.000523582
          97    0.226358    0.220913 0.000521251
          98    0.218147    0.220885 0.000516677
          99    0.230326    0.220981 0.000520246
         100    0.215745    0.220928 0.000517671
           1    0.258487    0.258487           0
           2    0.249346    0.253917  0.00457041
           3    0.243401    0.250412  0.00438738
           4    0.250739    0.250493  0.00310343
           5    0.241065    0.248608  0.00305531
           6    0.248509    0.248591  0.00249471
           7    0.248753    0.248614  0.00210854
           8     0.24852    0.248603  0.00182609
           9     0.24674    0.248396   0.0016237
          10    0.257902    0.249346  0.00173573
          11     0.24838    0.249258  0.00157248
          12    0.241313    0.248596  0.00158082
          13    0.254603    0.249058  0.00152579
          14    0.245756    0.248823  0.00143216
          15    0.241623    0.248343  0.00141704
          16    0.253416     0.24866  0.00136292
          17     0.24335    0.248347   0.0013178
          18    0.240335    0.247902  0.00131977
          19    0.249655    0.247994  0.00125178
          20    0.248134    0.248001  0.00118756
          21    0.246622    0.247936  0.00113151
          22    0.250098    0.248034  0.00108332
          23    0.256644    0.248408  0.00110075
          24    0.245958    0.248306  0.00105882
          25     0.25411    0.248538  0.00104179
          26    0.247353    0.248493  0.00100195
          27    0.258124     0.24885    0.001028
          28    0.246213    0.248755 0.000995067
          29    0.245536    0.248644 0.000966536
          30    0.243612    0.248477  0.00094871
          31    0.245659    0.248386 0.000922088
          32    0.249595    0.248424 0.000893607
          33    0.255339    0.248633   0.0008911
          34     0.25961    0.248956 0.000922816
          35    0.260222    0.249278 0.000952121
          36    0.252886    0.249378 0.000930708
          37    0.262098    0.249722  0.00096829
          38    0.253209    0.249814 0.000946921
          39    0.251116    0.249847 0.000922926
          40    0.242477    0.249663 0.000918231
          41    0.249795    0.249666 0.000895561
          42    0.254691    0.249786 0.000882129
          43    0.242449    0.249615 0.000878105
          44    0.237742    0.249345 0.000899351
          45    0.254455    0.249459 0.000886442
          46    0.245248    0.249367 0.000871776
          47    0.250843    0.249399 0.000853604
          48    0.254746     0.24951 0.000843026
          49    0.247198    0.249463 0.000826988
          50    0.254201    0.249558 0.000815802
          51    0.245009    0.249468 0.000804604
          52    0.244801    0.249379 0.000794068
          53    0.258125    0.249544  0.00079623
          54    0.241543    0.249396 0.000795268
          55    0.252318    0.249449 0.000782482
          56     0.24423    0.249355 0.000774011
          57    0.253852    0.249434 0.000764393
          58    0.243438    0.249331  0.00075818
          59    0.254019     0.24941 0.000749442
          60    0.239649    0.249248 0.000754591
          61    0.254259     0.24933 0.000746651
          62    0.243376    0.249234 0.000740761
          63    0.240001    0.249087 0.000743493
          64    0.241301    0.248966 0.000741828
          65    0.248874    0.248964 0.000730327
          66    0.252359    0.249016 0.000721014
          67    0.254671      0.2491  0.00071517
          68    0.254364    0.249177 0.000708814
          69    0.255485    0.249269 0.000704423
          70    0.249091    0.249266 0.000694292
          71    0.247519    0.249242 0.000684886
          72    0.246464    0.249203 0.000676408
          73    0.255666    0.249292 0.000672927
          74    0.240807    0.249177 0.000673601
          75    0.242738    0.249091 0.000670082
          76    0.244355    0.249029 0.000664137
          77    0.245106    0.248978 0.000657432
          78    0.250141    0.248993  0.00064912
          79    0.253574    0.249051 0.000643469
          80     0.23945    0.248931 0.000646609
          81    0.248171    0.248921 0.000638645
          82    0.250168    0.248937 0.000630992
          83    0.241413    0.248846 0.000629899
          84    0.244392    0.248793 0.000624609
          85     0.25258    0.248838 0.000618823
          86    0.247548    0.248823 0.000611769
          87     0.25665    0.248913 0.000611353
          88    0.243193    0.248848 0.000607851
          89    0.241206    0.248762 0.000607085
          90    0.242187    0.248689 0.000604731
          91    0.251441    0.248719 0.000598812
          92    0.250232    0.248735 0.000592496
          93    0.244287    0.248687 0.000588039
          94    0.252685     0.24873 0.000583302
          95    0.253601    0.248781 0.000579403
          96    0.252341    0.248818 0.000574533
          97    0.253054    0.248862 0.000570254
          98    0.242858    0.248801 0.000567721
          99     0.25826    0.248896 0.000570022
         100    0.252827    0.248936  0.00056566
           1    0.282836    0.282836           0
           2    0.284145    0.283491  0.00065438
           3    0.275321    0.280767   0.0027494
           4    0.273045    0.278837  0.00273983
           5    0.275847    0.278239  0.00220492
           6    0.272543    0.277289   0.0020353
           7    0.275828    0.277081  0.00173277
           8    0.286057    0.278203  0.00187374
           9     0.28519    0.278979   0.0018258
          10    0.280445    0.279126  0.00163961
          11    0.280829    0.279281  0.00149115
          12     0.28409    0.279681    0.001419
          13    0.271855    0.279079  0.00143743
          14    0.275799    0.278845  0.00135128
          15     0.27457     0.27856  0.00128985
          16    0.286414    0.279051  0.00130259
          17    0.285994    0.279459  0.00128994
          18    0.279924    0.279485  0.00121644
          19    0.269415    0.278955  0.00126684
          20    0.279389    0.278977  0.00120202
          21     0.27797    0.278929  0.00114436
          22    0.271118    0.278574  0.00114741
          23    0.282827    0.278759  0.00111187
          24    0.289822     0.27922  0.00116005
          25    0.276198    0.279099  0.00111923
          26    0.267994    0.278672  0.00115704
          27     0.28186     0.27879  0.00111961
          28    0.287014    0.279084  0.00111815
          29    0.272429    0.278854  0.00110304
          30    0.280859    0.278921  0.00106773
          31    0.286366    0.279161  0.00106027
          32    0.278897    0.279153  0.00102663
          33     0.28497    0.279329  0.00101053
          34    0.285547    0.279512 0.000997271
          35    0.277132    0.279444 0.000970743
          36    0.286125     0.27963 0.000961472
          37    0.280159    0.279644 0.000935234
          38    0.275417    0.279533 0.000917061
          39    0.289801    0.279796 0.000931237
          40    0.284473    0.279913 0.000915158
          41    0.278529    0.279879 0.000893195
          42    0.276869    0.279807 0.000874611
          43    0.285566    0.279941 0.000864465
          44    0.263309    0.279563  0.00092532
          45    0.272957    0.279417  0.00091636
          46    0.290076    0.279648 0.000925693
          47      0.2917    0.279905 0.000941377
          48    0.279782    0.279902  0.00092156
          49    0.287275    0.280053 0.000915013
          50    0.278134    0.280014 0.000897347
          51    0.274754    0.279911 0.000885603
          52    0.280495    0.279922 0.000868478
          53    0.280997    0.279943 0.000852175
          54    0.275538    0.279861 0.000840214
          55    0.276727    0.279804 0.000826762
          56     0.27543    0.279726 0.000815613
          57    0.284751    0.279814 0.000806012
          58    0.267054    0.279594  0.00082198
          59    0.287888    0.279735 0.000820066
          60    0.292749    0.279952 0.000834948
          61    0.278214    0.279923 0.000821641
          62    0.280263    0.279929 0.000808298
          63    0.260742    0.279624 0.000851674
          64    0.271838    0.279502 0.000847043
          65    0.275105    0.279435  0.00083665
          66    0.273241    0.279341 0.000829204
          67    0.284133    0.279412 0.000819859
          68    0.282873    0.279463 0.000809315
          69    0.281843    0.279498 0.000798244
          70    0.270066    0.279363 0.000798212
          71    0.289936    0.279512 0.000800857
          72    0.282251     0.27955 0.000790571
          73    0.284322    0.279615 0.000782402
          74    0.285644    0.279697 0.000776044
          75    0.274892    0.279633 0.000768303
          76    0.275601     0.27958  0.00075998
          77    0.276905    0.279545 0.000750849
          78    0.294709    0.279739 0.000766235
          79    0.287194    0.279834 0.000762337
          80    0.272652    0.279744 0.000758082
          81    0.287285    0.279837 0.000754431
          82    0.293474    0.280003 0.000763506
          83    0.281065    0.280016 0.000754359
          84    0.281254    0.280031  0.00074547
          85    0.299441    0.280259 0.000771231
          86    0.272019    0.280163  0.00076821
          87     0.28947     0.28027 0.000766826
          88    0.272482    0.280182 0.000763211
          89    0.281631    0.280198 0.000754763
          90    0.277843    0.280172 0.000746788
          91    0.278788    0.280157 0.000738693
          92     0.28158    0.280172 0.000730783
          93    0.276505    0.280133 0.000723957
          94     0.27966    0.280128 0.000716232
          95    0.287359    0.280204 0.000712729
          96    0.277103    0.280172 0.000706005
          97    0.285459    0.280226 0.000700812
          98    0.273271    0.280155 0.000697245
          99    0.285696    0.280211 0.000692432
         100    0.278764    0.280197 0.000685626
           1    0.323641    0.323641           0
           2    0.318114    0.320878   0.0027637
           3    0.317124    0.319626  0.00202783
           4    0.297821    0.314175  0.00563665
           5    0.321175    0.315575  0.00458508
           6    0.313845    0.315287  0.00375479
           7    0.307477    0.314171  0.00336377
           8    0.316792    0.314499  0.00293147
           9    0.333064    0.316561  0.00330739
          10    0.304231    0.315328   0.0032049
          11    0.315312    0.315327  0.00289894
          12    0.321631    0.315852    0.002698
          13    0.306329     0.31512  0.00258765
          14    0.311582    0.314867  0.00240899
          15    0.310665    0.314587  0.00226007
          16    0.310198    0.314313  0.00213183
          17    0.311449    0.314144  0.00200957
          18    0.313876    0.314129   0.0018947
          19    0.307396    0.313775  0.00182691
          20    0.310884     0.31363  0.00173917
          21    0.327606    0.314296  0.00178313
          22    0.323203    0.314701  0.00174769
          23    0.325108    0.315153  0.00173019
          24    0.314457    0.315124  0.00165679
          25    0.313977    0.315078   0.0015898
          26    0.311459    0.314939  0.00153376
          27    0.316536    0.314998  0.00147704
          28    0.320678    0.315201   0.0014377
          29    0.313402    0.315139  0.00138862
          30     0.32451    0.315451  0.00137742
          31    0.327293    0.315833  0.00138593
          32     0.31407    0.315778  0.00134305
          33    0.313472    0.315708  0.00130359
          34    0.317706    0.315767  0.00126603
          35    0.315044    0.315747   0.0012295
          36    0.312209    0.315648  0.00119889
          37    0.323251    0.315854  0.00118401
          38    0.314008    0.315805  0.00115345
          39     0.31171      0.3157  0.00112838
          40     0.31448     0.31567  0.00110023
          41    0.318161     0.31573  0.00107478
          42    0.317113    0.315763   0.0010494
          43     0.30787     0.31558  0.00104101
          44    0.317129    0.315615  0.00101769
          45    0.309276    0.315474  0.00100474
          46    0.316698    0.315501 0.000983013
          47    0.303693     0.31525 0.000994136
          48    0.325359     0.31546 0.000995733
          49     0.32608    0.315677 0.000998994
          50    0.308045    0.315524 0.000990641
          51    0.303433    0.315287 0.000999548
          52    0.320158    0.315381 0.000984603
          53    0.327744    0.315614 0.000993616
          54    0.320732    0.315709 0.000979638
          55    0.330524    0.315978 0.000998673
          56    0.309703    0.315866 0.000987059
          57    0.325974    0.316043  0.00098567
          58    0.317611    0.316071 0.000968903
          59    0.325505     0.31623 0.000965672
          60    0.312059    0.316161 0.000951982
          61    0.315143    0.316144 0.000936395
          62    0.317319    0.316163 0.000921363
          63    0.311491    0.316089 0.000909648
          64    0.306469    0.315939 0.000907854
          65    0.317051    0.315956 0.000893941
          66     0.30751    0.315828 0.000889545
          67    0.309961     0.31574 0.000880531
          68    0.324926    0.315875 0.000877941
          69    0.309969     0.31579 0.000869348
          70    0.312747    0.315746 0.000857941
          71    0.326459    0.315897 0.000859123
          72    0.334813     0.31616 0.000886912
          73    0.312666    0.316112 0.000875987
          74    0.324056    0.316219  0.00087071
          75    0.303644    0.316052 0.000875232
          76    0.327161    0.316198 0.000875922
          77    0.327026    0.316338 0.000875834
          78    0.316127    0.316336 0.000864537
          79    0.317379    0.316349 0.000853625
          80     0.31075    0.316279 0.000845788
          81    0.332482    0.316479 0.000858898
          82    0.327323    0.316611 0.000858605
          83    0.309987    0.316531 0.000851944
          84    0.327806    0.316666 0.000852375
          85      0.3246    0.316759 0.000847444
          86    0.317224    0.316764  0.00083755
          87    0.334887    0.316973 0.000853671
          88    0.325244    0.317067 0.000849132
          89    0.324537    0.317151 0.000843723
          90    0.322525     0.31721  0.00083643
          91    0.315277    0.317189 0.000827461
          92    0.317524    0.317193 0.000818425
          93    0.308158    0.317096 0.000815385
          94     0.32051    0.317132 0.000807482
          95    0.321508    0.317178 0.000800264
          96    0.312028    0.317124 0.000793699
          97    0.331418    0.317272 0.000799177
          98    0.316418    0.317263 0.000791028
          99    0.320287    0.317294 0.000783593
         100    0.324738    0.317368 0.000779281
           1    0.362586    0.362586           0
           2    0.372968    0.367777   0.0051913
           3    0.387638    0.374397  0.00726705
           4    0.353755    0.369237  0.00728261
           5    0.345816    0.364552  0.00733233
           6    0.351618    0.362397  0.00636313
           7    0.355163    0.361363  0.00547621
           8    0.371282    0.362603  0.00490192
           9     0.36439    0.362802  0.00432764
          10    0.337035    0.360225  0.00464994
          11    0.355503    0.359796  0.00422788
          12    0.377274    0.361252   0.0041252
          13    0.349518     0.36035  0.00390052
          14    0.343919    0.359176  0.00379709
          15    0.355844    0.358954  0.00354187
          16    0.354618    0.358683  0.00332419
          17    0.360468    0.358788  0.00312429
          18    0.355809    0.358622  0.00295026
          19    0.343079    0.357804   0.0029081
          20    0.357381    0.357783  0.00275894
          21    0.366033    0.358176  0.00265352
          22    0.368683    0.358654  0.00257471
          23    0.364066    0.358889  0.00247145
          24    0.355149    0.358733  0.00237136
          25    0.368796    0.359136  0.00230987
          26    0.348877    0.358741  0.00225405
          27    0.358021    0.358714  0.00216913
          28     0.35347    0.358527   0.0020986
          29    0.334332    0.357693  0.00219009
          30    0.352227    0.357511  0.00212366
          31    0.367949    0.357847  0.00208143
          32    0.330232    0.356984  0.00219233
          33    0.361662    0.357126  0.00212958
          34    0.360494    0.357225  0.00206837
          35    0.361979    0.357361  0.00201299
          36    0.346448    0.357058  0.00197962
          37    0.361307    0.357173   0.0019288
          38    0.373309    0.357597  0.00192478
          39     0.36466    0.357778   0.0018835
          40     0.36331    0.357917  0.00184101
          41    0.354586    0.357835  0.00179739
          42    0.347582    0.357591  0.00177098
          43    0.353761    0.357502  0.00173159
          44    0.362601    0.357618  0.00169575
          45    0.342493    0.357282  0.00169137
          46    0.344634    0.357007  0.00167688
          47    0.342882    0.356706  0.00166811
          48     0.36168     0.35681  0.00163627
          49    0.358858    0.356852  0.00160308
          50    0.343735     0.35659  0.00159245
          51    0.339312    0.356251  0.00159725
          52    0.355068    0.356228   0.0015664
          53    0.363895    0.356373  0.00154335
          54     0.34273     0.35612  0.00153543
          55    0.377526    0.356509   0.0015567
          56    0.378461    0.356901  0.00157811
          57    0.351083    0.356799  0.00155353
          58     0.36077    0.356868  0.00152805
          59     0.36862    0.357067  0.00151508
          60    0.346481     0.35689  0.00150002
          61    0.353903    0.356841  0.00147604
          62    0.347523    0.356691   0.0014598
          63    0.349721     0.35658  0.00144069
          64    0.357686    0.356598  0.00141811
          65    0.375734    0.356892  0.00142682
          66    0.356249    0.356882  0.00140507
          67    0.374439    0.357144  0.00140853
          68    0.368774    0.357315  0.00139816
          69    0.341876    0.357092   0.0013958
          70    0.364473    0.357197  0.00137975
          71    0.362315    0.357269  0.00136209
          72      0.3605    0.357314  0.00134379
          73    0.360062    0.357352  0.00132579
          74    0.358147    0.357362  0.00130779
          75    0.361939    0.357423  0.00129168
          76    0.355036    0.357392  0.00127496
          77    0.355042    0.357362  0.00125866
          78    0.358747    0.357379  0.00124255
          79    0.347457    0.357254  0.00123313
          80     0.34115    0.357052  0.00123415
          81    0.362373    0.357118  0.00122058
          82    0.361794    0.357175  0.00120695
          83    0.347287    0.357056  0.00119826
          84    0.358768    0.357076  0.00118409
          85     0.35251    0.357023   0.0011713
          86    0.349203    0.356932  0.00116117
          87    0.361051    0.356979  0.00114872
          88    0.350599    0.356907   0.0011379
          89    0.363415     0.35698  0.00112742
          90    0.343516     0.35683  0.00112482
          91    0.360965    0.356876  0.00111331
          92    0.353327    0.356837  0.00110182
          93    0.340342     0.35666  0.00110425
          94    0.361574    0.356712  0.00109369
          95    0.355022    0.356694  0.00108226
          96    0.348246    0.356606  0.00107454
          97     0.37452    0.356791  0.00107932
          98    0.373045    0.356957  0.00108105
          99    0.363096    0.357019  0.00107187
         100    0.366869    0.357117  0.00106566
           1    0.395179    0.395179           0
           2    0.386645    0.390912  0.00426726
           3     0.40223    0.394684  0.00450581
           4    0.396917    0.395243  0.00323463
           5    0.392763    0.394747  0.00255414
           6    0.381127    0.392477  0.00308252
           7    0.409228     0.39487  0.00353745
           8    0.394489    0.394822  0.00306389
           9    0.430487    0.398785  0.00479632
          10    0.377187    0.396625  0.00480296
          11    0.400048    0.396936  0.00435556
          12    0.415281    0.398465  0.00425982
          13    0.388561    0.397703  0.00399183
          14    0.400955    0.397935  0.00370301
          15     0.37839    0.396632  0.00368537
          16    0.414992     0.39778   0.0036333
          17    0.394997    0.397616  0.00341681
          18    0.416566    0.398669  0.00338907
          19     0.37732    0.397545  0.00339695
          20    0.383541    0.396845  0.00329782
          21    0.402662    0.397122  0.00314906
          22    0.397715    0.397149  0.00300263
          23    0.382519    0.396513  0.00293878
          24    0.392622    0.396351  0.00281834
          25    0.391813    0.396169  0.00270934
          26    0.383906    0.395698  0.00264544
          27     0.40579    0.396071  0.00257287
          28    0.416685    0.396808  0.00258628
          29    0.381677    0.396286  0.00254946
          30    0.378535    0.395694  0.00253309
          31    0.401429    0.395879  0.00245699
          32    0.408144    0.396262  0.00240965
          33     0.40526    0.396535  0.00235135
          34    0.383425     0.39615  0.00231351
          35    0.382851     0.39577  0.00227834
          36    0.409646    0.396155  0.00224745
          37     0.41965     0.39679  0.00227623
          38     0.41242    0.397201  0.00225337
          39    0.399491     0.39726  0.00219562
          40    0.414969    0.397703  0.00218534
          41    0.413076    0.398078   0.0021641
          42    0.383643    0.397734  0.00213973
          43    0.369456    0.397076  0.00219043
          44     0.36369    0.396318   0.0022706
          45    0.398386    0.396364  0.00222005
          46    0.397741    0.396394  0.00217146
          47    0.387944    0.396214  0.00213234
          48    0.400652    0.396306   0.0020895
          49    0.388011    0.396137   0.0020534
          50     0.37892    0.395793  0.00204116
          51    0.389874    0.395677   0.0020041
          52    0.394377    0.395652  0.00196535
          53    0.405298    0.395834  0.00193648
          54    0.379654    0.395534  0.00192376
          55    0.403575     0.39568  0.00189411
          56    0.423034    0.396169  0.00192305
          57    0.394587    0.396141  0.00188921
          58    0.392249    0.396074  0.00185757
          59    0.405457    0.396233  0.00183272
          60    0.407553    0.396421  0.00181177
          61    0.410794    0.396657  0.00179733
          62    0.412513    0.396913  0.00178651
          63      0.4217    0.397306  0.00180141
          64    0.379026    0.397021   0.0017959
          65    0.431143    0.397546  0.00184434
          66    0.385186    0.397358  0.00182581
          67    0.381241    0.397118  0.00181437
          68    0.402013     0.39719  0.00178894
          69    0.374243    0.396857  0.00179392
          70    0.402436    0.396937   0.0017699
          71    0.392608    0.396876  0.00174586
          72    0.399088    0.396907  0.00172171
          73     0.39349     0.39686  0.00169861
          74    0.414883    0.397103  0.00169311
          75    0.390276    0.397012  0.00167286
          76    0.407159    0.397146  0.00165609
          77    0.399291    0.397174  0.00163468
          78    0.402843    0.397246  0.00161522
          79    0.379151    0.397017  0.00161101
          80     0.38971    0.396926  0.00159337
          81    0.409295    0.397079  0.00158096
          82    0.396262    0.397069   0.0015616
          83    0.380606     0.39687  0.00155537
          84    0.395316    0.396852  0.00153685
          85    0.401443    0.396906  0.00151962
          86    0.409861    0.397057  0.00150938
          87    0.395112    0.397034   0.0014921
          88    0.389123    0.396944  0.00147779
          89    0.427271    0.397285  0.00150029
          90    0.377078    0.397061  0.00150042
          91    0.377391    0.396844   0.0014995
          92    0.404986    0.396933  0.00148575
          93    0.399471     0.39696  0.00146994
          94    0.394079     0.39693  0.00145455
          95    0.411919    0.397087  0.00144778
          96    0.404829    0.397168  0.00143488
          97    0.380348    0.396995  0.00143056
          98    0.399576    0.397021  0.00141614
          99    0.392103    0.396971  0.00140264
         100    0.408138    0.397083  0.00139302
           1    0.445756    0.445756           0
           2    0.397062    0.421409   0.0243469
           3    0.448382      0.4304   0.0166861
           4    0.397111    0.422078   0.0144386
           5    0.398728    0.417408   0.0121199
           6    0.462366    0.424901   0.0124126
           7    0.423909    0.424759   0.0104915
           8     0.43992    0.426654  0.00928145
           9    0.427536    0.426752  0.00818606
          10    0.394854    0.423562  0.00798651
          11    0.418373     0.42309  0.00723946
          12    0.417372    0.422614  0.00662585
          13    0.454942    0.425101  0.00658269
          14    0.408466    0.423912  0.00620914
          15    0.451289    0.425738  0.00606167
          16    0.410033    0.424756   0.0057545
          17    0.420035    0.424478  0.00541254
          18    0.450866    0.425944   0.0053094
          19     0.39669    0.424405  0.00525291
          20    0.420243    0.424197  0.00498769
          21    0.421158    0.424052  0.00474644
          22    0.428543    0.424256  0.00453016
          23    0.429775    0.424496  0.00433536
          24    0.418362     0.42424  0.00415865
          25    0.440729      0.4249    0.004043
          26    0.453499       0.426  0.00403712
          27    0.453146    0.427005  0.00401272
          28    0.387724    0.425602  0.00411339
          29    0.407672    0.424984  0.00401689
          30    0.404884    0.424314  0.00393809
          31    0.407614    0.423775  0.00384685
          32    0.450117    0.424599  0.00381457
          33    0.409638    0.424145  0.00372487
          34    0.434833     0.42446   0.0036273
          35    0.398304    0.423712  0.00360054
          36    0.412802    0.423409   0.0035122
          37    0.456513    0.424304  0.00353118
          38    0.419718    0.424183  0.00343912
          39    0.428176    0.424286  0.00335134
          40    0.424866      0.4243  0.00326651
          41    0.429262    0.424421  0.00318814
          42    0.394696    0.423713  0.00319079
          43    0.452266    0.424377  0.00318567
          44    0.404164    0.423918  0.00314615
          45    0.455001    0.424609  0.00315206
          46    0.438989    0.424921  0.00309858
          47    0.404623    0.424489  0.00306254
          48    0.428825     0.42458  0.00299942
          49    0.386127    0.423795  0.00304058
          50    0.430437    0.423928  0.00298211
          51    0.384425    0.423153  0.00302394
          52     0.42014    0.423095  0.00296578
          53    0.449216    0.423588  0.00295073
          54    0.422679    0.423571  0.00289562
          55    0.448097    0.424017  0.00287725
          56    0.393127    0.423466  0.00287875
          57    0.440222     0.42376  0.00284303
          58    0.427653    0.423827  0.00279439
          59    0.446334    0.424208  0.00277298
          60    0.472472    0.425013  0.00284257
          61    0.408982     0.42475   0.0028079
          62    0.393476    0.424245  0.00280792
          63    0.416856    0.424128  0.00276548
          64     0.42403    0.424127  0.00272193
          65    0.428381    0.424192  0.00268052
          66     0.45505     0.42466  0.00268069
          67    0.418214    0.424563  0.00264213
          68    0.425678     0.42458  0.00260303
          69    0.443935     0.42486  0.00258032
          70    0.426555    0.424884  0.00254331
          71    0.440325    0.425102  0.00251665
          72    0.449987    0.425448   0.0025054
          73    0.406377    0.425186  0.00248461
          74    0.430236    0.425255  0.00245176
          75    0.432525    0.425352  0.00242079
          76    0.450861    0.425687  0.00241219
          77    0.462621    0.426167   0.0024285
          78    0.451194    0.426488  0.00241854
          79    0.461871    0.426936  0.00242937
          80    0.422525     0.42688  0.00239945
          81    0.416827    0.426756  0.00237289
          82    0.418794    0.426659  0.00234578
          83     0.43027    0.426703  0.00231775
          84    0.458221    0.427078  0.00232053
          85    0.399284    0.426751  0.00231626
          86    0.440346    0.426909  0.00229462
          87    0.433215    0.426982  0.00226925
          88     0.41767    0.426876  0.00224581
          89    0.413485    0.426725  0.00222553
          90    0.405486    0.426489  0.00221328
          91    0.430643    0.426535   0.0021893
          92    0.413096    0.426389  0.00217029
          93    0.412445    0.426239  0.00215206
          94     0.43131    0.426293  0.00212972
          95    0.421535    0.426243  0.00210778
          96    0.414957    0.426125  0.00208902
          97    0.397581    0.425831  0.00208821
          98    0.399535    0.425563  0.00208414
          99    0.424368    0.425551  0.00206301
         100     0.42659    0.425561   0.0020423
           1    0.440457    0.440457           0
           2    0.420149    0.430303   0.0101543
           3    0.435065     0.43189  0.00607372
           4    0.412099    0.426943  0.00655181
           5    0.421336    0.425821  0.00519741
           6    0.417983    0.424515  0.00444019
           7    0.394401    0.420213  0.00570873
           8    0.458137    0.424953  0.00684941
           9    0.463613    0.429249  0.00741219
          10    0.440209    0.430345  0.00671965
          11    0.440818    0.431297  0.00615228
          12    0.485586    0.435821  0.00721175
          13     0.49605    0.440454  0.00809153
          14     0.37475    0.435761  0.00883998
          15    0.458056    0.437247  0.00836271
          16    0.433848    0.437035  0.00782549
          17    0.482163    0.439689  0.00781541
          18    0.421069    0.438655   0.0074407
          19    0.410862    0.437192   0.0071886
          20    0.432473    0.436956  0.00682379
          21    0.477757    0.438899  0.00677526
          22    0.424629     0.43825  0.00649244
          23    0.424592    0.437657   0.0062321
          24     0.43553    0.437568  0.00596744
          25    0.478235    0.439195  0.00595043
          26    0.412348    0.438162  0.00580949
          27    0.460012    0.438971  0.00564845
          28    0.493222    0.440909  0.00577755
          29    0.406947    0.439738  0.00569644
          30    0.419008    0.439047   0.0055465
          31     0.47286    0.440138  0.00547436
          32     0.46067    0.440779  0.00533922
          33    0.439132    0.440729  0.00517514
          34    0.450182    0.441007  0.00502831
          35    0.414788    0.440258  0.00493967
          36    0.442152    0.440311  0.00480079
          37    0.432015    0.440087  0.00467461
          38    0.423284    0.439644  0.00457137
          39    0.409288    0.438866  0.00452013
          40    0.430221     0.43865  0.00441098
          41    0.466141     0.43932  0.00435399
          42    0.377647    0.437852  0.00449563
          43    0.442117    0.437951  0.00439096
          44    0.439682    0.437991  0.00429018
          45    0.433992    0.437902  0.00419471
          46    0.456805    0.438313  0.00412303
          47    0.373691    0.436938  0.00426221
          48    0.440072    0.437003  0.00417298
          49     0.45985    0.437469  0.00411344
          50    0.464482     0.43801  0.00406639
          51    0.391408    0.437096  0.00408925
          52    0.455272    0.437445  0.00402505
          53    0.494887    0.438529  0.00409442
          54    0.404716    0.437903  0.00406638
          55    0.410878    0.437412  0.00402189
          56    0.458042     0.43778  0.00396657
          57    0.501309    0.438895  0.00405263
          58    0.476148    0.439537  0.00403361
          59    0.428276    0.439346  0.00396924
          60    0.418238    0.438994  0.00391835
          61    0.422874     0.43873  0.00386263
          62    0.407646    0.438229  0.00383276
          63    0.411241      0.4378  0.00379568
          64    0.447256    0.437948  0.00373882
          65    0.439176    0.437967   0.0036809
          66    0.429528    0.437839  0.00362695
          67    0.442384    0.437907  0.00357305
          68    0.439964    0.437937  0.00352025
          69    0.428234    0.437796   0.0034717
          70     0.44795    0.437941  0.00342482
          71    0.443479    0.438019  0.00337714
          72    0.501875    0.438906  0.00344599
          73       0.448    0.439031  0.00340074
          74    0.464184    0.439371  0.00337164
          75    0.404676    0.438908   0.0033584
          76     0.45696    0.439146  0.00332242
          77     0.48042    0.439682  0.00332251
          78    0.482571    0.440232  0.00332541
          79    0.438119    0.440205  0.00328316
          80    0.414008    0.439877  0.00325835
          81     0.42665    0.439714  0.00322202
          82    0.434891    0.439655  0.00318302
          83    0.432952    0.439575  0.00314548
          84    0.401999    0.439127  0.00313983
          85    0.408998    0.438773  0.00312286
          86     0.45621    0.438976  0.00309298
          87    0.444514    0.439039  0.00305789
          88    0.423018    0.438857  0.00302842
          89    0.410632     0.43854  0.00301094
          90    0.406715    0.438186  0.00299823
          91    0.381861    0.437567  0.00302901
          92    0.421238     0.43739  0.00300116
          93     0.44068    0.437425  0.00296893
          94    0.416646    0.437204  0.00294548
          95    0.455808      0.4374  0.00292088
          96    0.392216    0.436929  0.00292837
          97    0.384533    0.436389  0.00294793
          98    0.411657    0.436137  0.00292859
          99    0.448508    0.436262  0.00290155
         100    0.427662    0.436176  0.00287367
           1    0.411111    0.411111           0
           2    0.485878    0.448494   0.0373833
           3    0.351064    0.416018   0.0389946
           4    0.371548      0.4049   0.0297302
           5    0.438493    0.411619   0.0239889
           6     0.42767    0.414294   0.0197687
           7    0.414033    0.414257   0.0167077
           8    0.516869    0.427083    0.019336
           9    0.394137    0.423422   0.0174412
          10    0.459829    0.427063   0.0160191
          11    0.457156    0.429799   0.0147458
          12    0.495256    0.435254   0.0145242
          13    0.496807    0.439988   0.0141746
          14    0.357512    0.434097   0.0143848
          15      0.3781    0.430364   0.0139021
          16     0.35741    0.425804   0.0137804
          17    0.470419    0.428429   0.0132078
          18    0.449306    0.429589   0.0125064
          19    0.434814    0.429864    0.011833
          20    0.460491    0.431395   0.0113298
          21    0.427626    0.431216   0.0107782
          22    0.411496    0.430319   0.0103157
          23    0.435665    0.430552  0.00985971
          24    0.425162    0.430327  0.00944262
          25    0.491999    0.432794  0.00938699
          26    0.457294    0.433736  0.00906782
          27     0.45531    0.434535  0.00876202
          28    0.438078    0.434662  0.00844424
          29    0.425042     0.43433  0.00815461
          30    0.407999    0.433452  0.00792684
          31    0.348171    0.430701  0.00814549
          32    0.408398    0.430004  0.00791758
          33    0.480424    0.431532  0.00782452
          34    0.449381    0.432057  0.00760903
          35    0.436922    0.432196  0.00738974
          36    0.429965    0.432134   0.0071818
          37    0.466553    0.433064  0.00704668
          38    0.359722    0.431134  0.00712512
          39    0.411223    0.430624  0.00695877
          40     0.46019    0.431363  0.00682273
          41    0.459302    0.432044  0.00668904
          42    0.418201    0.431715  0.00653615
          43    0.343239    0.429657  0.00670581
          44    0.365902    0.428208  0.00670995
          45    0.386851    0.427289  0.00662322
          46     0.44113     0.42759  0.00648462
          47    0.406247    0.427136  0.00636138
          48    0.387469     0.42631  0.00628203
          49    0.436794    0.426524  0.00615621
          50    0.406704    0.426127  0.00604484
          51    0.408611    0.425784  0.00593507
          52    0.435763    0.425976  0.00582298
          53    0.428269    0.426019  0.00571222
          54    0.371828    0.425015  0.00569456
          55    0.463526    0.425716  0.00563375
          56    0.470094    0.426508   0.0055887
          57    0.377847    0.425654  0.00555576
          58    0.348539    0.424325  0.00561871
          59    0.336112     0.42283  0.00572147
          60    0.443543    0.423175  0.00563589
          61    0.381063    0.422485  0.00558555
          62    0.471625    0.423277  0.00555159
          63    0.401819    0.422937  0.00547337
          64    0.445261    0.423285  0.00539845
          65    0.389008    0.422758  0.00534085
          66    0.512897    0.424124  0.00543374
          67    0.392185    0.423647  0.00537321
          68     0.47218    0.424361   0.0053415
          69     0.50238    0.425491   0.0053836
          70    0.499357    0.426547  0.00541004
          71    0.372834     0.42579  0.00538669
          72    0.446553    0.426079  0.00531917
          73    0.451345    0.426425   0.0052572
          74    0.445749    0.426686  0.00519224
          75    0.459941    0.427129   0.0051417
          76    0.416592    0.426991  0.00507549
          77    0.429595    0.427024  0.00500925
          78    0.364141    0.426218  0.00500991
          79    0.366891    0.425467  0.00500277
          80    0.333613    0.424319  0.00507152
          81    0.384013    0.423821  0.00503318
          82    0.457092    0.424227  0.00498795
          83    0.453305    0.424577  0.00493992
          84    0.436661    0.424721  0.00488288
          85    0.410976     0.42456   0.0048278
          86    0.422366    0.424534   0.0047714
          87    0.464993    0.424999  0.00473911
          88    0.431592    0.425074  0.00468555
          89    0.491601    0.425822  0.00469252
          90    0.407022    0.425613  0.00464479
          91    0.397585    0.425305  0.00460378
          92    0.423776    0.425288  0.00455349
          93    0.382496    0.424828   0.0045277
          94    0.445116    0.425044  0.00448448
          95    0.421967    0.425011  0.00443714
          96    0.300949    0.423719  0.00457691
          97    0.445659    0.423945  0.00453512
          98    0.442721    0.424137   0.0044927
          99    0.422837    0.424124   0.0044471
         100    0.473331    0.424616  0.00442982
           1     0.41122     0.41122           0
           2    0.452515    0.431867   0.0206472
           3    0.238567    0.367434    0.065527
           4     0.28126     0.34589   0.0510981
           5    0.313651    0.339442   0.0401022
           6    0.292136    0.331558   0.0336792
           7    0.288659     0.32543   0.0291164
           8    0.425696    0.337963   0.0281586
           9    0.340371     0.33823    0.024835
          10    0.356786    0.340086   0.0222904
          11    0.283288    0.334922   0.0208131
          12    0.295348    0.331625   0.0192838
          13    0.230268    0.323828   0.0193763
          14      0.4545    0.333162   0.0202219
          15    0.382262    0.336435   0.0191081
          16    0.297721    0.334015    0.018037
          17    0.245211    0.328792   0.0177298
          18    0.273344    0.325711   0.0169973
          19    0.303672    0.324551   0.0161196
          20    0.446278    0.330638   0.0164591
          21    0.400506    0.333965   0.0160053
          22    0.273135      0.3312   0.0155089
          23    0.207901    0.325839   0.0157591
          24    0.445931    0.330843   0.0158963
          25     0.31105    0.330051   0.0152678
          26    0.367775    0.331502   0.0147404
          27    0.343893    0.331961   0.0141913
          28    0.332655    0.331986   0.0136751
          29    0.293908    0.330673   0.0132603
          30    0.306364    0.329862   0.0128363
          31    0.312648    0.329307   0.0124277
          32    0.360896    0.330294   0.0120735
          33    0.326253    0.330172   0.0117026
          34   0.0586365    0.322185   0.0138808
          35    0.309764     0.32183    0.013483
          36     0.37716    0.323367    0.013193
          37    0.208232    0.320256   0.0132034
          38     0.37879    0.321796   0.0129432
          39    0.334049     0.32211   0.0126109
          40    0.269535    0.320796   0.0123616
          41    0.450465    0.323959   0.0124643
          42    0.417519    0.326186   0.0123662
          43    0.287903    0.325296    0.012108
          44     0.34075    0.325647   0.0118348
          45    0.292719    0.324915   0.0115919
          46    0.197116    0.322137   0.0116726
          47    0.236731     0.32032   0.0115652
          48    0.331715    0.320557   0.0113242
          49    0.322666      0.3206   0.0110907
          50    0.390757    0.322003   0.0109569
          51    0.212781    0.319862   0.0109513
          52    0.355265    0.320543   0.0107602
          53    0.282873    0.319832   0.0105792
          54    0.307203    0.319598    0.010384
          55    0.337902    0.319931   0.0101989
          56    0.273752    0.319106    0.010049
          57    0.320492    0.319131  0.00987118
          58    0.377055    0.320129  0.00975078
          59    0.337223    0.320419  0.00958846
          60    0.372146    0.321281  0.00946664
          61    0.359873    0.321914  0.00933162
          62    0.453086    0.324029  0.00942053
          63    0.221727    0.322406  0.00941094
          64    0.372157    0.323183  0.00929529
          65    0.197859    0.321255  0.00935208
          66    0.345444    0.321621  0.00921658
          67    0.313856    0.321506  0.00907872
          68     0.38554    0.322447  0.00899364
          69    0.435999    0.324093  0.00901384
          70    0.264366     0.32324  0.00892502
          71     0.36262    0.323794  0.00881588
          72    0.434472    0.325331  0.00882745
          73    0.224922    0.323956  0.00881368
          74     0.44032    0.325528  0.00883482
          75    0.375349    0.326193  0.00874151
          76    0.337659    0.326344  0.00862704
          77    0.339304    0.326512  0.00851593
          78    0.216501    0.325102  0.00852354
          79    0.310491    0.324917  0.00841698
          80    0.226992    0.323693  0.00840076
          81    0.298905    0.323387  0.00830204
          82    0.242458      0.3224  0.00825935
          83    0.232791     0.32132  0.00823035
          84    0.208495    0.319977  0.00824196
          85    0.235401    0.318982  0.00820498
          86     0.19882    0.317585   0.0082285
          87    0.269157    0.317028   0.0081524
          88    0.252802    0.316298   0.0080922
          89    0.240558    0.315447   0.0080459
          90    0.254853    0.314774  0.00798443
          91     0.36262      0.3153  0.00791369
          92    0.333778      0.3155  0.00782977
          93    0.444043    0.316883  0.00786749
          94      0.2059    0.315702  0.00787238
          95    0.342789    0.315987  0.00779429
          96    0.322992     0.31606  0.00771302
          97    0.289236    0.315784   0.0076381
          98    0.289685    0.315517  0.00756444
          99    0.234797    0.314702  0.00753191
         100    0.162217    0.313177  0.00761053
