           1     1.35351     1.35351           0
           2     1.34884     1.35117  0.00233563
           3      1.4283     1.37688   0.0257458
           4     1.29118     1.35546   0.0281154
           5      1.4799     1.38034    0.033071
           6     1.34154     1.37388   0.0277659
           7      1.3417     1.36928   0.0239125
           8     1.47239     1.38217   0.0243921
           9     1.29248      1.3722   0.0237079
          10     1.38841     1.37382   0.0212668
          11     1.35048      1.3717   0.0193533
          12     1.32477     1.36779   0.0180949
          13     1.37775     1.36856   0.0166625
          14     1.39702     1.37059   0.0155598
          15     1.31401     1.36682   0.0149685
          16     1.45107     1.37208   0.0149593
          17     1.40096     1.37378   0.0141541
          18     1.46144     1.37865   0.0142054
          19     1.35642     1.37748   0.0134878
          20     1.24848     1.37103   0.0143294
          21     1.30149     1.36772   0.0140265
          22     1.41916     1.37006   0.0135766
          23     1.35051     1.36921   0.0130007
          24     1.39483     1.37028   0.0124929
          25     1.37212     1.37035    0.011983
          26     1.28156     1.36694   0.0120087
          27     1.48889     1.37145   0.0124068
          28     1.41851     1.37313   0.0120731
          29     1.40978      1.3744   0.0117176
          30     1.38974     1.37491   0.0113319
          31     1.29189     1.37223   0.0112826
          32      1.4331     1.37413   0.0110887
          33     1.33141     1.37284   0.0108251
          34     1.34648     1.37206   0.0105305
          35     1.41467     1.37328   0.0102974
          36     1.31832     1.37175   0.0101231
          37     1.33763     1.37083  0.00988878
          38     1.36436     1.37066  0.00962653
          39     1.33954     1.36986  0.00941035
          40     1.33534       1.369  0.00921258
          41     1.31398     1.36766  0.00908472
          42     1.37892     1.36793  0.00886983
          43     1.39751     1.36861  0.00868839
          44     1.39437      1.3692  0.00850878
          45      1.3744     1.36931  0.00831835
          46     1.36995     1.36933  0.00813552
          47     1.33517      1.3686  0.00799364
          48     1.44358     1.37016  0.00797973
          49      1.4007     1.37079  0.00783999
          50     1.28861     1.36914  0.00785546
          51     1.44799     1.37069  0.00785358
          52     1.34006      1.3701  0.00772357
          53     1.34088     1.36955  0.00759647
          54     1.41302     1.37035  0.00749781
          55     1.31717     1.36939  0.00742348
          56     1.35339      1.3691  0.00729531
          57      1.3321     1.36845  0.00719552
          58     1.30242     1.36731  0.00716143
          59     1.41248     1.36808  0.00708051
          60     1.34478     1.36769  0.00697232
          61     1.39284      1.3681  0.00686945
          62     1.34544     1.36774  0.00676762
          63     1.36625     1.36771  0.00665938
          64     1.27769     1.36631  0.00670374
          65     1.46603     1.36784  0.00677578
          66     1.31579     1.36705  0.00671878
          67     1.33391     1.36656  0.00663619
          68     1.47605     1.36817  0.00673325
          69     1.33977     1.36776   0.0066477
          70     1.47262     1.36926  0.00672112
          71     1.32964      1.3687  0.00664923
          72     1.40101     1.36915  0.00657158
          73     1.33813     1.36872  0.00649484
          74     1.31662     1.36802  0.00644504
          75      1.5269     1.37014  0.00670213
          76     1.41023     1.37066  0.00663437
          77     1.38748     1.37088  0.00655128
          78     1.33079     1.37037  0.00648714
          79      1.2985     1.36946  0.00646879
          80     1.39451     1.36977  0.00639509
          81     1.34007      1.3694  0.00632628
          82     1.37824     1.36951  0.00624959
          83     1.30566     1.36874  0.00622157
          84     1.37206     1.36878  0.00614718
          85     1.27062     1.36763  0.00618324
          86     1.38491     1.36783  0.00611422
          87     1.36574      1.3678  0.00604358
          88     1.40598     1.36824  0.00599024
          89     1.35587      1.3681  0.00592418
          90     1.35467     1.36795  0.00585989
          91     1.33802     1.36762  0.00580446
          92     1.22157     1.36603  0.00595646
          93     1.28499     1.36516  0.00595616
          94     1.35245     1.36503  0.00589401
          95       1.359     1.36496  0.00583198
          96      1.4116     1.36545  0.00579132
          97     1.28902     1.36466  0.00578521
          98     1.41205     1.36514  0.00574626
          99     1.29459     1.36443   0.0057324
         100     1.27929     1.36358   0.0057383
           1     1.66469     1.66469           0
           2     1.77004     1.71737    0.052675
           3     1.51468      1.6498   0.0740922
           4     1.60937      1.6397   0.0533571
           5     1.44801     1.60136    0.056373
           6     1.63325     1.60667   0.0463343
           7      1.6359     1.61085   0.0393816
           8     1.48303     1.59487   0.0376626
           9     1.50847     1.58527   0.0345749
          10     1.54689     1.58143   0.0311619
          11     1.67603     1.59003   0.0294697
          12     1.58712     1.58979   0.0269031
          13      1.7156     1.59947   0.0265723
          14     1.60159     1.59962   0.0246016
          15     1.71436     1.60727   0.0241464
          16     1.69638     1.61284   0.0232634
          17     1.65711     1.61544   0.0220068
          18     1.71401     1.62092   0.0214587
          19      1.6603     1.62299   0.0204035
          20     1.60655     1.62217   0.0193739
          21     1.62816     1.62245   0.0184305
          22     1.55586     1.61943   0.0178316
          23     1.44679     1.61192   0.0186187
          24     1.65662     1.61378   0.0179231
          25     1.48399     1.60859    0.017958
          26     1.73193     1.61334   0.0178938
          27     1.61001     1.61321   0.0172188
          28     1.59312      1.6125   0.0166079
          29     1.62221     1.61283   0.0160285
          30     1.64473     1.61389   0.0155215
          31     1.58574     1.61299   0.0150399
          32     1.73534     1.61681   0.0150559
          33      1.6635     1.61822    0.014661
          34     1.55181     1.61627   0.0143568
          35     1.49355     1.61276   0.0143748
          36     1.57634     1.61175   0.0140064
          37     1.49725     1.60866   0.0139696
          38     1.67035     1.61028   0.0136936
          39     1.65575     1.61145   0.0133887
          40     1.64852     1.61237   0.0130826
          41     1.52227     1.61018   0.0129474
          42     1.62919     1.61063   0.0126435
          43      1.5104      1.6083    0.012564
          44     1.56323     1.60727   0.0123178
          45     1.65059     1.60824   0.0120794
          46     1.63332     1.60878   0.0118265
          47     1.58572     1.60829   0.0115825
          48      1.5244     1.60654   0.0114726
          49     1.58732     1.60615   0.0112428
          50     1.41769     1.60238   0.0116427
          51     1.63932     1.60311   0.0114351
          52     1.51965      1.6015   0.0113273
          53     1.50248     1.59963   0.0112675
          54     1.67296     1.60099   0.0111399
          55     1.60603     1.60108   0.0109359
          56      1.5842     1.60078   0.0107431
          57     1.74793     1.60336    0.010864
          58     1.57171     1.60282    0.010689
          59       1.621     1.60312   0.0105108
          60     1.59485     1.60299   0.0103351
          61     1.51157     1.60149   0.0102741
          62     1.62607     1.60188   0.0101148
          63     1.58436     1.60161  0.00995688
          64     1.68278     1.60287   0.0098818
          65     1.67547     1.60399  0.00979249
          66     1.64901     1.60467  0.00966707
          67      1.5604     1.60401   0.0095446
          68     1.63474     1.60447  0.00941404
          69     1.58757     1.60422  0.00927984
          70     1.54399     1.60336  0.00918668
          71     1.64623     1.60396  0.00907648
          72     1.72019     1.60558  0.00909395
          73      1.6398     1.60605  0.00898075
          74     1.59959     1.60596  0.00885899
          75      1.5093     1.60467  0.00883458
          76     1.61878     1.60486  0.00871953
          77     1.58975     1.60466  0.00860778
          78      1.6899     1.60575  0.00856671
          79     1.50506     1.60448  0.00855307
          80     1.63136     1.60481  0.00845216
          81     1.62067     1.60501  0.00834946
          82     1.56288      1.6045    0.008263
          83     1.51399     1.60341  0.00823535
          84     1.70414     1.60461  0.00822462
          85     1.49865     1.60336  0.00822231
          86     1.70632     1.60456  0.00821385
          87     1.65664     1.60515  0.00814093
          88     1.51736     1.60416  0.00810949
          89     1.54883     1.60354  0.00804192
          90     1.56245     1.60308  0.00796516
          91     1.59917     1.60304  0.00787726
          92     1.58337     1.60282   0.0077941
          93      1.6822     1.60368  0.00775694
          94     1.50616     1.60264  0.00774377
          95     1.55749     1.60216  0.00767655
          96      1.6512     1.60267  0.00761332
          97     1.50333     1.60165  0.00760371
          98     1.69091     1.60256  0.00758064
          99     1.63229     1.60286  0.00750968
         100     1.55911     1.60242  0.00744707
           1     1.70493     1.70493           0
           2     1.98882     1.84687    0.141947
           3     1.83746     1.84373   0.0820131
           4     1.78799      1.8298    0.059643
           5     1.94315     1.85247   0.0514616
           6     1.82339     1.84762   0.0422968
           7     1.90679     1.85607   0.0367332
           8     1.95082     1.86792   0.0339448
           9      1.9035     1.87187   0.0301965
          10     1.95347     1.88003   0.0282143
          11     2.00667     1.89154   0.0279973
          12     1.95541     1.89687   0.0261062
          13     1.82611     1.89142   0.0246233
          14     1.91312     1.89297   0.0228493
          15     1.81718     1.88792   0.0218634
          16     2.03663     1.89721   0.0224643
          17     1.82129     1.89275    0.021569
          18     1.81742     1.88856   0.0207616
          19     1.74727     1.88113   0.0209992
          20     1.91155     1.88265   0.0199796
          21     1.87266     1.88217   0.0190103
          22     1.80577      1.8787   0.0184553
          23      1.8714     1.87838   0.0176375
          24     1.97945     1.88259   0.0174038
          25     1.76095     1.87773   0.0173879
          26     1.85726     1.87694   0.0167242
          27     1.98756     1.88104   0.0166062
          28     1.75275     1.87646   0.0166451
          29     1.86477     1.87605    0.016066
          30     1.88538     1.87636   0.0155243
          31      1.8433      1.8753    0.015053
          32     2.03451     1.88027   0.0154008
          33     2.07826     1.88627   0.0160874
          34     1.99544     1.88948   0.0159339
          35     1.85118     1.88839   0.0155106
          36     1.84098     1.88707    0.015131
          37     1.92666     1.88814   0.0147553
          38     2.05368      1.8925   0.0150078
          39     1.97289     1.89456   0.0147626
          40     1.90326     1.89478   0.0143904
          41     1.86051     1.89394   0.0140599
          42     1.87092     1.89339    0.013732
          43     1.97503     1.89529   0.0135426
          44      1.7974     1.89307    0.013417
          45     1.75228     1.88994   0.0134834
          46     1.93038     1.89082   0.0132163
          47     1.86158      1.8902    0.012947
          48     1.93066     1.89104   0.0127024
          49     1.80994     1.88938   0.0125501
          50     1.81962     1.88799   0.0123755
          51     1.99399     1.89007   0.0123072
          52     1.83997      1.8891   0.0121066
          53     1.71857     1.88589   0.0123041
          54     1.87982     1.88577   0.0120746
          55     1.74938     1.88329   0.0121097
          56     1.77122     1.88129   0.0120587
          57     1.93067     1.88216   0.0118769
          58     1.93628     1.88309   0.0117076
          59     1.79072     1.88153   0.0116135
          60     1.87329     1.88139   0.0114191
          61     1.88651     1.88147   0.0112306
          62     1.89499     1.88169   0.0110502
          63      1.9449     1.88269   0.0109195
          64     1.90568     1.88305   0.0107536
          65     1.88917     1.88315   0.0105873
          66     2.03095     1.88539   0.0106634
          67     1.77371     1.88372   0.0106345
          68     1.97867     1.88512   0.0105696
          69      1.8767     1.88499    0.010416
          70      2.0046      1.8867   0.0104073
          71     1.90317     1.88693   0.0102623
          72     1.85769     1.88653   0.0101269
          73     1.89276     1.88661  0.00998761
          74      2.0847     1.88929   0.0102089
          75     1.90716     1.88953   0.0100747
          76     1.93202     1.89009  0.00995695
          77     1.71472     1.88781   0.0100873
          78     2.03267     1.88967   0.0101288
          79     1.73084     1.88766   0.0101999
          80     1.92151     1.88808   0.0100805
          81     2.02226     1.88974   0.0100921
          82     1.90192     1.88989   0.0099694
          83     1.95578     1.89068   0.0098805
          84     1.96744     1.89159  0.00980484
          85     2.06169     1.89359   0.0098933
          86     1.96829     1.89446  0.00981609
          87     1.95931     1.89521  0.00973119
          88     1.97109     1.89607  0.00965854
          89     1.91345     1.89627   0.0095514
          90     2.01493     1.89758  0.00953626
          91      1.9742     1.89843  0.00946839
          92     1.85607     1.89797  0.00937622
          93     1.87531     1.89772  0.00927805
          94     1.83355     1.89704  0.00920417
          95     2.00419     1.89817  0.00917635
          96     1.91937     1.89839  0.00908295
          97     1.85105      1.8979  0.00900206
          98     1.91074     1.89803  0.00891069
          99     1.88444     1.89789  0.00882129
         100      1.8638     1.89755  0.00873929
           1      2.4677      2.4677           0
           2     2.07305     2.27038    0.197323
           3     2.36893     2.30323    0.118566
           4     2.40425     2.32848     0.08756
           5     2.30531     2.32385   0.0679818
           6     2.46054     2.34663   0.0600001
           7     2.33815     2.34542   0.0507238
           8     2.26511     2.33538   0.0450606
           9      2.2516     2.32607   0.0408156
          10      2.1796     2.31142   0.0393352
          11     2.42375     2.32163   0.0370165
          12     2.22523      2.3136    0.034733
          13     2.38776     2.31931   0.0324551
          14     2.31848     2.31925   0.0300476
          15     2.27322     2.31618   0.0281406
          16     2.61345     2.33476   0.0322195
          17     2.44507     2.34125   0.0309527
          18     2.40224     2.34464   0.0293786
          19     2.33638      2.3442   0.0277927
          20      2.2367     2.33883   0.0269088
          21     2.26415     2.33527   0.0258412
          22     2.38213      2.3374   0.0247305
          23     2.30648     2.33606   0.0236691
          24       2.279     2.33368   0.0227857
          25     2.20406     2.32849   0.0224619
          26     2.29536     2.32722   0.0216183
          27     2.34802     2.32799   0.0208165
          28     2.33396      2.3282   0.0200604
          29     2.40057      2.3307   0.0195165
          30     2.39575     2.33287    0.018979
          31     2.32762      2.3327   0.0183573
          32     2.57223     2.34018   0.0192863
          33     2.45491     2.34366   0.0190133
          34     2.51231     2.34862   0.0191009
          35     2.52351     2.35362   0.0192084
          36      2.4024     2.35497   0.0187164
          37     2.46729     2.35801   0.0184549
          38     2.41093      2.3594   0.0180166
          39     2.51257     2.36333   0.0179826
          40     2.43194     2.36504    0.017611
          41      2.2817     2.36301    0.017296
          42     2.17573     2.35855   0.0174582
          43      2.2378     2.35574   0.0172771
          44     2.21434     2.35253    0.017183
          45     2.26166     2.35051   0.0169178
          46     2.40838     2.35177   0.0165937
          47     2.26876        2.35   0.0163326
          48      2.3929     2.35089   0.0160136
          49     2.17794     2.34737   0.0160757
          50     2.34986     2.34742    0.015751
          51     2.48857     2.35018   0.0156852
          52     2.03876     2.34419   0.0165055
          53     2.16235     2.34076   0.0165506
          54     2.32663      2.3405   0.0162433
          55     2.42373     2.34201   0.0160169
          56     2.38349     2.34276   0.0157457
          57     2.49439     2.34542   0.0156941
          58     2.50708      2.3482   0.0156711
          59     2.22438      2.3461   0.0155455
          60      2.4534     2.34789   0.0153884
          61     2.40569     2.34884   0.0151637
          62     2.35619     2.34896   0.0149176
          63     2.16603     2.34605   0.0149633
          64     2.13942     2.34283   0.0150774
          65     2.12096     2.33941   0.0152311
          66     2.24229     2.33794   0.0150705
          67     2.16903     2.33542   0.0150564
          68     2.24861     2.33414   0.0148882
          69     2.09287     2.33065   0.0150818
          70     2.17706     2.32845   0.0150258
          71     2.30682     2.32815   0.0148158
          72     2.41765     2.32939   0.0146614
          73     2.41928     2.33062   0.0145115
          74     2.38548     2.33136   0.0143332
          75     2.23246     2.33004   0.0142022
          76     2.47794     2.33199   0.0141485
          77     2.20009     2.33028   0.0140683
          78     2.46702     2.33203   0.0139969
          79     2.44803      2.3335   0.0138964
          80     2.28358     2.33288   0.0137358
          81     2.39126      2.3336   0.0135843
          82      2.3455     2.33374   0.0134184
          83     2.35679     2.33402   0.0132587
          84     2.24439     2.33295   0.0131432
          85     2.38972     2.33362   0.0130049
          86     2.37225     2.33407   0.0128606
          87     2.22935     2.33287   0.0127688
          88     2.41324     2.33378   0.0126558
          89     2.24722     2.33281   0.0125506
          90     2.35642     2.33307   0.0124131
          91     2.39651     2.33377   0.0122957
          92     2.21844     2.33251   0.0122258
          93     2.14633     2.33051   0.0122582
          94     2.47582     2.33206   0.0122252
          95     2.33148     2.33205   0.0120958
          96     2.33634     2.33209   0.0119693
          97     2.24407     2.33119   0.0118799
          98     2.37703     2.33165   0.0117674
          99     2.26866     2.33102   0.0116653
         100     2.40751     2.33178   0.0115734
           1     3.06659     3.06659           0
           2     2.62872     2.84766    0.218937
           3     2.98107     2.89213    0.133999
           4      2.7675     2.86097   0.0997422
           5     3.31465     2.95171    0.119173
           6      2.8143     2.92881   0.0999633
           7     2.74248     2.90219   0.0885785
           8     2.99027      2.9132   0.0774973
           9     2.78012     2.89841   0.0699274
          10     2.93731      2.9023   0.0626658
          11     2.77339     2.89058   0.0578821
          12     3.00053     2.89974   0.0536274
          13      2.9372     2.90263   0.0494141
          14     3.30851     2.93162   0.0541612
          15     3.00953     2.93681   0.0506882
          16     2.77548     2.92673   0.0484747
          17     2.90667     2.92555   0.0455494
          18     2.89269     2.92372   0.0429831
          19     2.98837     2.92713   0.0408001
          20     2.70982     2.91626   0.0402025
          21     3.01636     2.92103   0.0385361
          22     2.91417     2.92072    0.036744
          23     2.89208     2.91947   0.0351322
          24     3.13312     2.92837   0.0347946
          25     2.96422     2.92981   0.0334046
          26     3.02008     2.93328   0.0322814
          27      2.8766     2.93118   0.0311336
          28     3.00985     2.93399   0.0301324
          29     2.68431     2.92538   0.0303228
          30     3.13029     2.93221   0.0300803
          31     2.99683     2.93429   0.0291684
          32     3.35798     2.94753   0.0311918
          33     3.19804     2.95513   0.0311703
          34     3.02493     2.95718   0.0303092
          35     2.81506     2.95312   0.0297093
          36     3.02991     2.95525    0.028951
          37     2.96954     2.95564   0.0281603
          38     2.99051     2.95656   0.0274246
          39      3.3613     2.96693   0.0286574
          40     2.86709     2.96444   0.0280431
          41     2.69056     2.95776   0.0281545
          42     2.62601     2.94986   0.0285887
          43     3.29731     2.95794   0.0290619
          44     3.31317     2.96601   0.0295192
          45     3.03504     2.96755   0.0288965
          46     3.01857     2.96866   0.0282831
          47     2.80002     2.96507   0.0279064
          48     2.97754     2.96533   0.0273201
          49     2.95793     2.96518   0.0267572
          50     2.92045     2.96428   0.0262318
          51     2.80558     2.96117   0.0258999
          52     3.09537     2.96375   0.0255278
          53     2.91342      2.9628   0.0250595
          54      2.7915     2.95963   0.0247948
          55     2.94583     2.95938   0.0243411
          56     2.96796     2.95953    0.023903
          57     3.03264     2.96081   0.0235149
          58       2.976     2.96108   0.0231074
          59     2.95214     2.96092   0.0227129
          60     3.00081     2.96159    0.022341
          61     3.02367     2.96261   0.0219953
          62     2.98714       2.963   0.0216412
          63     3.30196     2.96838   0.0219641
          64     3.00183     2.96891   0.0216245
          65     2.69263     2.96466   0.0217094
          66      2.7348     2.96117   0.0216597
          67     2.68423     2.95704   0.0217308
          68     2.92899     2.95663   0.0214128
          69     3.06512      2.9582   0.0211587
          70     2.86696      2.9569   0.0208949
          71     2.85193     2.95542   0.0206515
          72     3.18248     2.95857   0.0206054
          73     2.88313     2.95754   0.0203474
          74     2.93997      2.9573    0.020072
          75     2.74445     2.95446   0.0200049
          76     3.01654     2.95528   0.0197568
          77       3.159     2.95792   0.0196772
          78     3.09047     2.95962   0.0194975
          79      2.8084     2.95771   0.0193441
          80     2.85372     2.95641   0.0191449
          81     3.07974     2.95793   0.0189683
          82      2.8102     2.95613    0.018822
          83     3.40062     2.96149   0.0193496
          84     3.08285     2.96293   0.0191724
          85     3.02363     2.96364    0.018959
          86     3.21671     2.96659   0.0189669
          87     3.15803     2.96879   0.0188763
          88      3.0967     2.97024   0.0187171
          89     3.00655     2.97065   0.0185101
          90     3.04699      2.9715   0.0183229
          91     3.03163     2.97216   0.0181325
          92     3.17253     2.97434   0.0180661
          93     3.27764      2.9776   0.0181659
          94     2.87319     2.97649   0.0180059
          95     2.87223     2.97539   0.0178491
          96     2.69083     2.97243   0.0179092
          97     2.88243      2.9715   0.0177479
          98     3.03445     2.97214   0.0175776
          99     3.18362     2.97428   0.0175298
         100     3.34976     2.97803   0.0177552
           1     4.03293     4.03293           0
           2     3.56538     3.79915    0.233778
           3     4.10162     3.89997    0.168471
           4       3.645     3.83623    0.135109
           5     4.26642     3.92227    0.135481
           6     3.82802     3.90656    0.111729
           7     3.74984     3.88417    0.097046
           8     3.95992     3.89364    0.084576
           9     3.60499     3.86157   0.0811922
          10      3.9396     3.86937   0.0730386
          11     3.60668     3.84549   0.0702495
          12      3.9737     3.85617   0.0650126
          13     4.21127     3.88349   0.0657456
          14     3.77309      3.8756   0.0613772
          15      4.1804     3.89592   0.0606445
          16      4.2482     3.91794   0.0608505
          17     4.13893     3.93094   0.0586187
          18     4.27653     3.95014   0.0585062
          19     4.63585     3.98623   0.0660693
          20     4.09042     3.99144    0.062895
          21     4.10949     3.99706   0.0600886
          22     4.19124     4.00589   0.0579681
          23     4.13779     4.01162   0.0556865
          24     4.34198     4.02539   0.0550641
          25     3.94561      4.0222   0.0529119
          26     3.78403     4.01304   0.0516548
          27     3.85351     4.00713   0.0500548
          28     4.01628     4.00745   0.0482351
          29     4.22996     4.01513   0.0471703
          30      4.0622      4.0167   0.0455978
          31     3.76404     4.00855   0.0448492
          32     3.92345     4.00589   0.0435064
          33     4.16137      4.0106   0.0424298
          34     3.81581     4.00487   0.0415598
          35     4.18483     4.01001   0.0406811
          36     3.72794     4.00218   0.0403039
          37     3.23362      3.9814   0.0443628
          38     3.81654     3.97707    0.043397
          39     4.46725     3.98963   0.0440987
          40     4.12941     3.99313   0.0431239
          41     3.70832     3.98618   0.0426288
          42     4.14642        3.99    0.041776
          43     3.93844      3.9888   0.0408105
          44     4.13785     3.99219   0.0400159
          45     3.45664     3.98028   0.0408868
          46     3.65778     3.97327   0.0405981
          47     4.09465     3.97586   0.0398087
          48      4.1434     3.97935   0.0391266
          49      3.7859      3.9754   0.0385226
          50     3.76932     3.97128   0.0379686
          51      4.1755     3.97528   0.0374315
          52     3.93497     3.97451   0.0367128
          53     3.86121     3.97237   0.0360768
          54      3.6565     3.96652   0.0358824
          55     4.06372     3.96829   0.0352683
          56     3.85728      3.9663   0.0346894
          57     3.92856     3.96564   0.0340818
          58     3.97265     3.96576   0.0334893
          59     4.52039     3.97516   0.0342328
          60     3.78391     3.97198    0.033808
          61     3.88455     3.97054     0.03328
          62     3.77463     3.96738    0.032891
          63     3.76601     3.96419   0.0325222
          64     3.44509     3.95608   0.0330216
          65     4.09999     3.95829   0.0325849
          66     3.77983     3.95559   0.0322011
          67     4.08946     3.95758   0.0317797
          68     3.64195     3.95294   0.0316511
          69     3.86243     3.95163   0.0312166
          70     3.94144     3.95148   0.0307677
          71     3.91856     3.95102   0.0303348
          72     4.31277     3.95605   0.0303296
          73      3.8339     3.95437    0.029958
          74     3.78224     3.95205   0.0296418
          75     4.03945     3.95321   0.0292671
          76     4.25982     3.95725   0.0291599
          77      3.6769      3.9536   0.0290081
          78     3.33885     3.94572   0.0296987
          79     4.01355     3.94658   0.0293329
          80     3.71824     3.94373   0.0291042
          81     3.73737     3.94118   0.0288554
          82     3.60436     3.93707   0.0287958
          83     4.10248     3.93907   0.0285164
          84     3.78418     3.93722   0.0282352
          85     3.60117     3.93327   0.0281797
          86      3.7479     3.93111   0.0279334
          87     4.44522     3.93702   0.0282358
          88     3.90817     3.93669    0.027915
          89     3.65291     3.93351   0.0277831
          90     3.77265     3.93172   0.0275308
          91     3.85295     3.93085   0.0272403
          92     3.49773     3.92614   0.0273508
          93     3.87582      3.9256   0.0270605
          94     3.72235     3.92344   0.0268583
          95     3.84851     3.92265   0.0265857
          96     4.04835     3.92396   0.0263399
          97     3.97985     3.92454   0.0260733
          98     4.04373     3.92575   0.0258345
          99     3.69919     3.92347   0.0256745
         100     4.10642      3.9253   0.0254822
           1     5.05284     5.05284           0
           2     5.55154     5.30219    0.249347
           3     5.64027     5.41488    0.182824
           4     6.44444     5.67227    0.288031
           5     5.18724     5.57527    0.243285
           6     4.84505     5.45356    0.232959
           7     5.34259     5.43771    0.197523
           8     5.27749     5.41768    0.172229
           9     5.58117     5.43585    0.152974
          10     5.40556     5.43282    0.136857
          11     6.23648     5.50588    0.143744
          12     6.22854      5.5661    0.144379
          13     4.83998     5.51024    0.144077
          14     6.13007     5.55452    0.140544
          15     5.15811     5.52809    0.133482
          16     6.28142     5.57517    0.133443
          17     4.65588      5.5211    0.136515
          18     6.31983     5.56547    0.136142
          19     5.63907     5.56935    0.128836
          20     5.11589     5.54667     0.12431
          21     5.48635      5.5438    0.118277
          22     5.42426     5.53837    0.112903
          23     5.16345     5.52207    0.109107
          24      5.6896     5.52905    0.104695
          25      5.7293     5.53706    0.100739
          26     5.57281     5.53843   0.0967969
          27     5.08529     5.52165   0.0946428
          28     5.81636     5.53217   0.0918055
          29     5.54003     5.53244   0.0885836
          30     5.50004     5.53136   0.0855867
          31     5.07982      5.5168   0.0840516
          32     6.32293     5.54199   0.0851924
          33     6.20306     5.56202   0.0849658
          34     6.10614     5.57803   0.0839681
          35     4.98288     5.56102    0.083288
          36      4.7845     5.53945   0.0837662
          37     5.51254     5.53872    0.081474
          38      6.2318     5.55696   0.0813714
          39     5.92015     5.56628   0.0798027
          40      6.0976     5.57956   0.0789081
          41     5.26431     5.57187   0.0773426
          42     5.08814     5.56035   0.0763523
          43     5.53802     5.55983   0.0745574
          44      5.9521     5.56875   0.0733867
          45     5.78261      5.5735   0.0718946
          46     5.43384     5.57046   0.0703798
          47     5.81528     5.57567   0.0690628
          48     5.22922     5.56846   0.0679929
          49     5.69574     5.57105   0.0666415
          50     5.81961     5.57602    0.065484
          51     5.64965     5.57747   0.0642034
          52     5.81265     5.58199   0.0631189
          53      5.3573     5.57775   0.0620614
          54      5.5921     5.57802   0.0609019
          55      6.2795     5.59077   0.0611297
          56     5.75128     5.59364   0.0600966
          57     4.99602     5.58315   0.0599566
          58     4.51665     5.56476   0.0617168
          59     5.47478     5.56324   0.0606809
          60     5.04491      5.5546   0.0602832
          61     5.60948      5.5555   0.0592935
          62     5.29408     5.55128   0.0584815
          63     5.55361     5.55132   0.0575458
          64     5.11423     5.54449   0.0570497
          65     6.13572     5.55359    0.056897
          66     6.03862     5.56094   0.0565082
          67     5.60653     5.56162   0.0556625
          68     5.79408     5.56504   0.0549443
          69      5.2513     5.56049   0.0543328
          70     5.82569     5.56428   0.0536848
          71     5.37165     5.56156   0.0529928
          72     5.67631     5.56316   0.0522759
          73     5.45719     5.56171   0.0515752
          74     4.90804     5.55287   0.0516347
          75      5.4909     5.55205   0.0509482
          76     5.71468     5.55419   0.0503189
          77     5.34818     5.55151   0.0497331
          78     6.90824     5.56891   0.0520818
          79     5.15402     5.56365   0.0516858
          80     5.16015     5.55861   0.0512843
          81     5.72015      5.5606   0.0506865
          82     5.01734     5.55398    0.050501
          83     5.78263     5.55673   0.0499648
          84     5.59991     5.55725   0.0493691
          85     6.09354     5.56356   0.0491911
          86     6.96944      5.5799   0.0512907
          87     6.05688     5.58539   0.0509933
          88      4.9604     5.57828   0.0509083
          89     5.90739     5.58198   0.0504687
          90      5.1896     5.57762   0.0500949
          91     5.24244     5.57394    0.049678
          92     5.39963     5.57204   0.0491716
          93     5.84941     5.57503   0.0487314
          94     5.38183     5.57297    0.048254
          95     5.53171     5.57254   0.0477453
          96     5.30694     5.56977   0.0473263
          97     5.39078     5.56793   0.0468722
          98     5.42022     5.56642   0.0464159
          99     5.74545     5.56823   0.0459802
         100     5.76931     5.57024   0.0455625
           1     8.15472     8.15472           0
           2     8.17373     8.16423  0.00950457
           3     9.83867     8.72237    0.558174
           4     8.71444     8.72039    0.394694
           5     8.33737     8.64379    0.315179
           6      9.8628     8.84695    0.327877
           7     8.60098     8.81182    0.279325
           8     8.56511     8.78098    0.243861
           9     7.60935      8.6508    0.251396
          10     8.32241     8.61796    0.227241
          11     8.28875     8.58803    0.207714
          12     8.29404     8.56353    0.191192
          13     8.30419     8.54358    0.176999
          14       8.412     8.53418    0.164139
          15      8.4729      8.5301    0.152859
          16     8.08667     8.50238    0.145648
          17     9.19322     8.54302     0.14272
          18     8.92227     8.56409    0.136197
          19     8.00091     8.53445    0.132196
          20     8.72488     8.54397    0.125773
          21     7.29547     8.48452    0.133592
          22     7.69781     8.44876    0.132299
          23      8.1523     8.43587    0.127072
          24      8.2948     8.42999    0.121804
          25     8.91863     8.44954    0.118454
          26     8.87989     8.46609    0.115004
          27     9.05015     8.48772    0.112757
          28      7.9426     8.46825    0.110386
          29     8.49863      8.4693    0.106517
          30     8.34541     8.46517    0.102988
          31     8.65342     8.47124   0.0997952
          32     8.49118     8.47187   0.0966283
          33     9.34079      8.4982   0.0972855
          34     8.93293     8.51098    0.095243
          35      7.1651     8.47253    0.100158
          36     8.23952     8.46606   0.0975508
          37     9.48065     8.49348   0.0987608
          38     7.44461     8.46588    0.100011
          39     7.85441      8.4502   0.0986666
          40     8.84613      8.4601   0.0966763
          41     6.49274     8.41211    0.105796
          42     8.30062     8.40946    0.103281
          43     9.41705     8.43289    0.103537
          44     8.36226     8.43128    0.101169
          45     9.81998     8.46214    0.103598
          46     9.53183      8.4854    0.103956
          47     8.40716     8.48373    0.101733
          48     8.38577     8.48169   0.0996122
          49     8.20746      8.4761   0.0977185
          50     7.03801     8.44733   0.0999709
          51     7.33972     8.42562    0.100369
          52     8.20214     8.42132   0.0985136
          53     10.1149     8.45327    0.101783
          54     7.50817     8.43577    0.101403
          55      8.8798     8.44385   0.0998686
          56     7.72888     8.43108   0.0988966
          57      10.841     8.47336    0.105948
          58     7.43811     8.45551    0.105624
          59      10.463     8.48953    0.109252
          60     9.58741     8.50783    0.108963
          61     7.56519     8.49238     0.10827
          62     8.33309     8.48981    0.106541
          63     8.58831     8.49137    0.104848
          64     8.47329     8.49109    0.103197
          65     7.97007     8.48307    0.101912
          66     9.39352     8.49687      0.1013
          67     8.33081     8.49439   0.0998074
          68     9.57275     8.51025   0.0995992
          69     8.16732     8.50528   0.0982709
          70     8.10017     8.49949   0.0970296
          71     8.06436     8.49336   0.0958494
          72      8.5419     8.49404   0.0945112
          73     7.86003     8.48535   0.0936112
          74     6.62237     8.46018    0.095708
          75     8.99599     8.46732   0.0946932
          76     10.6449     8.49597   0.0977333
          77     9.67496     8.51129   0.0976634
          78     8.47394     8.51081   0.0964044
          79     9.38492     8.52187   0.0958173
          80     8.61508     8.52304   0.0946191
          81     7.85519     8.51479   0.0938067
          82     9.57573     8.52773   0.0935547
          83     9.00901     8.53353   0.0926024
          84     7.06459     8.51604   0.0931495
          85     8.99313     8.52165   0.0922181
          86     10.0159     8.53903    0.092781
          87     8.50902     8.53868    0.091709
          88     8.42759     8.53742   0.0906696
          89     7.81193     8.52927   0.0900149
          90     7.80999     8.52128   0.0893672
          91     8.90342     8.52548   0.0884794
          92      8.1407     8.52129   0.0876123
          93      8.5887     8.52202   0.0866681
          94     8.40338     8.52076   0.0857505
          95     8.32961     8.51875   0.0848669
          96     6.26101     8.49523   0.0872092
          97     7.80096     8.48807   0.0866017
          98      7.3576     8.47653   0.0864862
          99     8.50487     8.47682   0.0856086
         100     7.37267     8.46578   0.0854644
           1     15.5923     15.5923           0
           2     12.5287     14.0605     1.53183
           3     15.9324     14.6845     1.08235
           4     18.2355     15.5722     1.17213
           5      15.973     15.6524    0.911458
           6     14.8936     15.5259     0.75487
           7     14.9368     15.4418    0.643508
           8      14.449     15.3177    0.570945
           9     14.7636     15.2561    0.507276
          10     14.0849      15.139    0.468595
          11     14.6787     15.0971    0.425921
          12     15.3438     15.1177    0.389354
          13     17.8495     15.3278    0.415249
          14     12.4142     15.1197    0.437164
          15     14.7612     15.0958    0.407679
          16     18.0168     15.2784    0.422795
          17     15.9523      15.318     0.39912
          18     15.4706     15.3265    0.376389
          19     12.5608     15.1809    0.384636
          20     15.6932     15.2065    0.365796
          21     14.5548     15.1755    0.349323
          22      15.201     15.1767    0.333068
          23     15.4794     15.1898     0.31853
          24     15.8908      15.219    0.306364
          25       13.51     15.1507    0.301701
          26     14.1332     15.1115    0.292495
          27      15.624     15.1305    0.282092
          28     17.9953     15.2328    0.290449
          29     12.8605      15.151    0.291949
          30     12.1751     15.0518    0.298985
          31     17.2416     15.1225    0.297682
          32     17.8437     15.2075    0.300512
          33     17.7166     15.2835    0.301024
          34     17.0818     15.3364    0.296787
          35     16.7196      15.376     0.29088
          36     12.5165     15.2965    0.293631
          37     13.9664     15.2606    0.287839
          38      14.786     15.2481     0.28044
          39     12.2805      15.172    0.283555
          40     15.4311     15.1785    0.276451
          41      15.542     15.1873     0.26977
          42     12.1444     15.1149    0.273056
          43     17.9786     15.1815    0.274821
          44     13.5708     15.1449    0.270986
          45     12.2581     15.0807    0.272553
          46     15.6952     15.0941    0.266897
          47      16.814     15.1307    0.263708
          48     14.2672     15.1127    0.258781
          49      19.194      15.196    0.266781
          50     17.6903     15.2459    0.266108
          51     14.9575     15.2402      0.2609
          52     16.7146     15.2686    0.257399
          53     20.6208     15.3696    0.271942
          54     14.8397     15.3597    0.267038
          55     15.4504     15.3614    0.262143
          56     15.3536     15.3613     0.25742
          57     18.7922     15.4214    0.259929
          58     15.7647     15.4274    0.255477
          59      16.906     15.4524    0.252357
          60     15.3746     15.4511    0.248118
          61     15.3049     15.4487    0.244029
          62     12.4813     15.4009    0.244785
          63      13.893     15.3769    0.242055
          64      11.205     15.3117       0.247
          65     9.78731     15.2268    0.257595
          66     15.1518     15.2256    0.253665
          67     13.2294     15.1958     0.25162
          68     15.8777     15.2059    0.248095
          69      12.587     15.1679    0.247401
          70     14.5874     15.1596    0.243982
          71     15.1869       15.16    0.240522
          72     16.0989      15.173    0.237516
          73     16.2726     15.1881    0.234723
          74     16.8587     15.2107    0.232628
          75     8.87727     15.1262    0.244548
          76     13.1834     15.1007    0.242659
          77     14.0699     15.0873    0.239861
          78     14.3039     15.0772    0.236979
          79     15.1634     15.0783    0.233962
          80      15.576     15.0845    0.231103
          81      17.445     15.1137    0.230085
          82     12.5286     15.0822    0.229438
          83     13.6704     15.0652    0.227294
          84     11.4341     15.0219    0.228694
          85     15.3057     15.0253    0.226012
          86     21.5829     15.1015    0.236025
          87     15.3562     15.1044    0.233315
          88     14.7183     15.1001     0.23069
          89      13.051      15.077    0.229242
          90     12.3989     15.0473    0.228626
          91     12.5869     15.0202     0.22771
          92     15.7623     15.0283    0.225366
          93     16.5489     15.0447    0.223528
          94     14.4506     15.0383    0.221228
          95     17.3222     15.0624    0.220203
          96     10.9473     15.0195    0.222073
          97     13.0086     14.9988    0.220748
          98     17.8129     15.0275    0.220362
          99     13.3546     15.0106    0.218779
         100     11.9308     14.9798    0.218759
           1     39.0649     39.0649           0
           2     28.9206     33.9928     5.07215
           3     26.4256     31.4704     3.86498
           4     36.4473     32.7146     3.00286
           5     26.0704     31.3858     2.67883
           6     35.0186     31.9912     2.26951
           7     33.9146      32.266     1.93766
           8     43.4686     33.6663     2.18559
           9      25.805     32.7928     2.11619
          10     32.9764     32.8112     1.89287
          11     35.7939     33.0824      1.7335
          12     38.2031     33.5091     1.63899
          13     32.7035     33.4471     1.50893
          14     25.2533     32.8618     1.51464
          15     35.4769     33.0362     1.42079
          16     23.4574     32.4375     1.45764
          17     36.4228     32.6719     1.38914
          18      32.568     32.6662     1.30971
          19     39.5344     33.0276     1.29052
          20     40.3373     33.3931     1.27769
          21     39.3637     33.6774     1.24814
          22     32.8403     33.6394     1.19066
          23      38.985     33.8718     1.16121
          24     35.3937     33.9352     1.11358
          25     40.8998     34.2138     1.10384
          26     38.6499     34.3844     1.07417
          27      34.464     34.3874     1.03363
          28      30.725     34.2566     1.00458
          29     25.9016     33.9685     1.01123
          30     32.7278     33.9271    0.977817
          31     33.8789     33.9256     0.94575
          32     37.3607     34.0329    0.921989
          33     38.5824     34.1708    0.904185
          34     34.0152     34.1662    0.877201
          35     35.6108     34.2075    0.852769
          36     28.4355     34.0471    0.844109
          37      31.952     33.9905    0.822929
          38     28.4891     33.8457    0.813959
          39     26.1653     33.6488    0.816906
          40     39.0306     33.7833    0.807509
          41      35.975     33.8368     0.78938
          42     34.7293     33.8581    0.770649
          43      20.569      33.549    0.813503
          44     21.2053     33.2685    0.842857
          45     29.2716     33.1796    0.828687
          46     31.8361     33.1504    0.810998
          47     35.7018     33.2047     0.79541
          48     27.8672     33.0935    0.786563
          49     27.5601     32.9806    0.778576
          50     32.7714     32.9764    0.762857
          51     34.0449     32.9974    0.748043
          52     27.4246     32.8902    0.741304
          53     35.0721     32.9314    0.728347
          54      31.599     32.9067    0.715158
          55     34.8296     32.9417    0.702905
          56     41.3008     33.0909    0.706195
          57     27.0819     32.9855    0.701659
          58      25.705       32.86    0.700789
          59     27.4068     32.7675    0.694983
          60     27.6607     32.6824    0.688582
          61     35.3748     32.7266    0.678637
          62     36.3197     32.7845    0.670112
          63     30.6044     32.7499    0.660297
          64     36.8969     32.8147     0.65312
          65     37.8136     32.8916    0.647576
          66     33.2592     32.8972    0.637713
          67     29.1055     32.8406    0.630667
          68     48.3712      33.069    0.661971
          69     35.6177     33.1059    0.653352
          70     39.0118     33.1903    0.649454
          71     26.2232     33.0922    0.647718
          72     38.6131     33.1688    0.643245
          73     37.2256     33.2244    0.636802
          74     33.6156     33.2297    0.628159
          75     33.2086     33.2294    0.619727
          76     32.4576     33.2193    0.611603
          77     35.8763     33.2538    0.604593
          78     25.6138     33.1558    0.604776
          79     24.0025       33.04     0.60821
          80     29.8721     33.0004    0.601863
          81     41.2229     33.1019    0.602993
          82     25.1326     33.0047    0.603471
          83     36.9898     33.0527    0.598086
          84     34.4873     33.0698     0.59117
          85     40.3751     33.1557    0.590462
          86     42.1132     33.2599    0.592778
          87     31.4013     33.2385    0.586314
          88     37.8574      33.291    0.581985
          89     31.6357     33.2724    0.575709
          90     37.1858     33.3159    0.570935
          91     25.1651     33.2263    0.571686
          92     34.7766     33.2432    0.565689
          93     22.6362     33.1291    0.571078
          94     25.3728     33.0466    0.570964
          95     40.9778     33.1301    0.571058
          96     19.0748     32.9837    0.583737
          97     33.0527     32.9844    0.577688
          98     39.2336     33.0482    0.575308
          99     25.3203     32.9701    0.574792
         100     39.4817     33.0352    0.572729
           1     71.5026     71.5026           0
           2     60.3355     65.9191     5.58357
           3     85.2436     72.3606     7.20313
           4     82.4998     74.8954     5.68927
           5     82.8758     76.4915     4.68702
           6       80.63     77.1812      3.8886
           7     79.2992     77.4838     3.30036
           8     67.4553     76.2302     3.12101
           9      66.974     75.2017     2.93835
          10     70.0622     74.6878     2.67792
          11     80.5185     75.2179     2.47959
          12     80.9728     75.6974     2.31379
          13     90.7711      76.857     2.42373
          14      60.977     75.7227     2.51433
          15      81.397      76.101     2.37108
          16     80.3019     76.3635     2.23343
          17     86.5052     76.9601     2.18112
          18     83.1371     77.3033     2.08481
          19     86.2102      77.772     2.02699
          20     59.8817     76.8775     2.12084
          21     70.7634     76.5864     2.03823
          22     80.5572     76.7669     1.95174
          23     92.5738     77.4541     1.98755
          24     70.5028     77.1645     1.92485
          25     82.8598     77.3923     1.86025
          26     65.4323     76.9323     1.84552
          27     76.9397     76.9326     1.77585
          28     74.9374     76.8613     1.71274
          29     85.1146     77.1459     1.67695
          30     81.2457     77.2826     1.62584
          31     79.1066     77.3414     1.57362
          32     77.4918     77.3461     1.52366
          33     82.8076     77.5116     1.48601
          34     97.9242      78.112     1.56166
          35     84.2184     78.2864     1.52639
          36     64.2227     77.8958     1.53396
          37     87.8391     78.1645     1.51594
          38     70.1165     77.9527     1.49063
          39     75.2192     77.8826     1.45359
          40     86.0049     78.0857     1.43127
          41     65.4082     77.7765     1.42976
          42      62.335     77.4088     1.44292
          43     83.0144     77.5392     1.41499
          44     73.0378     77.4369     1.38623
          45     81.4832     77.5268     1.35806
          46     90.1724     77.8017     1.35636
          47     87.2714     78.0032     1.34239
          48     78.3719     78.0109     1.31415
          49      77.253     77.9954     1.28714
          50     53.9809     77.5151      1.3495
          51     91.3822      77.787     1.35043
          52     84.3209     77.9127     1.33015
          53     80.0116     77.9523     1.30542
          54     82.1758     78.0305      1.2834
          55     71.5473     77.9126     1.26535
          56     85.1194     78.0413      1.2492
          57     77.4566     78.0311     1.22713
          58     74.4063     77.9686      1.2074
          59      75.124     77.9203     1.18774
          60     66.4878     77.7298     1.18322
          61     64.0194      77.505     1.18517
          62     70.9646     77.3996     1.17066
          63      88.306     77.5727     1.16486
          64     70.2999      77.459     1.15214
          65     90.3191     77.6569      1.1514
          66     80.7125     77.7032     1.13476
          67     80.5447     77.7456      1.1185
          68     59.0454     77.4706     1.13573
          69     72.7833     77.4027     1.12121
          70     83.9604     77.4963     1.10904
          71     67.5835     77.3567     1.10218
          72     64.5982     77.1795     1.10112
          73     90.9479     77.3681     1.10219
          74     74.3204     77.3269     1.08797
          75     68.3956     77.2079     1.07995
          76     72.8466     77.1505     1.06719
          77     71.8479     77.0816     1.05549
          78     90.3912     77.2522     1.05575
          79     84.3568     77.3422     1.04618
          80     85.0113      77.438     1.03745
          81     79.0226     77.4576     1.02475
          82     89.3022      77.602     1.02243
          83     85.8284     77.7012     1.01489
          84     88.5125     77.8299     1.01096
          85     86.5517     77.9325     1.00425
          86     89.0528     78.0618      1.0009
          87     85.0369      78.142    0.992567
          88      87.663     78.2502     0.98717
          89     87.3768     78.3527    0.981388
          90     85.3196     78.4301    0.973505
          91     65.9169     78.2926    0.972518
          92     80.6613     78.3183    0.962234
          93     57.8749     78.0985    0.976885
          94      92.934     78.2563    0.979238
          95      71.451     78.1847     0.97152
          96     82.2466      78.227    0.962278
          97     83.1401     78.2777    0.953652
          98     79.2105     78.2872    0.943918
          99     89.1385     78.3968    0.940742
         100     93.0498     78.5433    0.942745
