           1   -0.462736   -0.462736           0
           2   -0.462784    -0.46276     2.4e-05
           3   -0.463648   -0.463056 0.000296324
           4   -0.463312    -0.46312 0.000219089
           5    -0.46192    -0.46288 0.000293939
           6   -0.463776   -0.463029 0.000282667
           7   -0.457712    -0.46227 0.000796299
           8   -0.464432    -0.46254 0.000740692
           9   -0.461888   -0.462468 0.000657233
          10   -0.458768   -0.462098 0.000694573
          11    -0.46504   -0.462365 0.000682838
          12   -0.461968   -0.462332 0.000624221
          13   -0.457536   -0.461963 0.000682503
          14   -0.463808   -0.462095  0.00064547
          15   -0.461392   -0.462048 0.000602724
          16   -0.461664   -0.462024 0.000564307
          17    -0.46456   -0.462173 0.000550665
          18   -0.465536    -0.46236 0.000551764
          19    -0.46144   -0.462312 0.000524157
          20   -0.461424   -0.462267 0.000499236
          21   -0.467616   -0.462522 0.000538864
          22   -0.460688   -0.462439 0.000520505
          23   -0.460768   -0.462366 0.000502635
          24    -0.45864   -0.462211 0.000505658
          25   -0.462384   -0.462218  0.00048506
          26   -0.459072   -0.462097 0.000481478
          27    -0.46136   -0.462069 0.000464105
          28   -0.458048   -0.461926 0.000469718
          29    -0.46368   -0.461986 0.000457251
          30   -0.461088   -0.461956 0.000442759
          31   -0.460416   -0.461907 0.000431112
          32   -0.461904   -0.461906 0.000417422
          33   -0.462064   -0.461911 0.000404603
          34   -0.463184   -0.461949 0.000394304
          35   -0.460624   -0.461911 0.000384738
          36   -0.461232   -0.461892 0.000374374
          37   -0.466112   -0.462006  0.00038156
          38   -0.465728   -0.462104 0.000384082
          39   -0.461888   -0.462098 0.000374145
          40   -0.460992   -0.462071 0.000365719
          41   -0.461888   -0.462066 0.000356715
          42   -0.457248   -0.461952 0.000366535
          43    -0.46096   -0.461929 0.000358651
          44   -0.465088      -0.462 0.000357687
          45   -0.462864    -0.46202 0.000350174
          46   -0.460384   -0.461984 0.000344318
          47   -0.460432   -0.461951 0.000338527
          48   -0.459728   -0.461905  0.00033462
          49   -0.463504   -0.461937 0.000329341
          50   -0.464112   -0.461981 0.000325605
          51   -0.464992    -0.46204 0.000324572
          52   -0.460464    -0.46201 0.000319709
          53   -0.463296   -0.462034 0.000314556
          54    -0.46336   -0.462058 0.000309652
          55   -0.464656   -0.462106 0.000307617
          56   -0.461056   -0.462087 0.000302655
          57    -0.46232   -0.462091 0.000297326
          58   -0.459904   -0.462053 0.000294577
          59   -0.460288   -0.462023 0.000291083
          60   -0.460352   -0.461995 0.000287543
          61   -0.461248   -0.461983 0.000283055
          62   -0.461008   -0.461967 0.000278896
          63   -0.462944   -0.461983 0.000274871
          64   -0.461472   -0.461975  0.00027066
          65   -0.460224   -0.461948 0.000267822
          66   -0.459888   -0.461917 0.000265573
          67   -0.460112    -0.46189 0.000262963
          68   -0.462816   -0.461904 0.000259425
          69   -0.460752   -0.461887 0.000256181
          70   -0.462816     -0.4619 0.000252844
          71   -0.465296   -0.461948 0.000253805
          72   -0.465152   -0.461992 0.000254181
          73     -0.4576   -0.461932 0.000257795
          74   -0.463728   -0.461957 0.000255442
          75   -0.462688   -0.461966 0.000252202
          76   -0.462912   -0.461979 0.000249173
          77   -0.459088   -0.461941 0.000248764
          78   -0.467168   -0.462008 0.000254534
          79   -0.458144   -0.461959 0.000256007
          80   -0.461376   -0.461952 0.000252892
          81   -0.454688   -0.461862 0.000265363
          82   -0.458448   -0.461821 0.000265394
          83    -0.46264   -0.461831 0.000262362
          84   -0.462768   -0.461842  0.00025946
          85   -0.457792   -0.461794 0.000260779
          86   -0.463792   -0.461817 0.000258774
          87     -0.4612    -0.46181  0.00025588
          88    -0.46488   -0.461845  0.00025535
          89   -0.464544   -0.461875 0.000254279
          90   -0.463152    -0.46189 0.000251838
          91     -0.4672   -0.461948   0.0002558
          92   -0.460144   -0.461928 0.000253763
          93   -0.462336   -0.461933 0.000251058
          94    -0.46088   -0.461922 0.000248625
          95   -0.460736   -0.461909 0.000246311
          96   -0.463776   -0.461928 0.000244506
          97   -0.461024   -0.461919 0.000242152
          98   -0.463104   -0.461931 0.000239973
          99   -0.462672   -0.461939 0.000237654
         100   -0.461728   -0.461937 0.000235275
           1   -0.495424   -0.495424           0
           2   -0.495872   -0.495648    0.000224
           3    -0.49376   -0.495019 0.000642484
           4   -0.498768   -0.495956  0.00104163
           5   -0.490192   -0.494803   0.0014071
           6   -0.494608   -0.494771  0.00114936
           7   -0.492944    -0.49451  0.00100582
           8   -0.491824   -0.494174 0.000933523
           9   -0.494848   -0.494249 0.000826689
          10    -0.49136    -0.49396 0.000793844
          11   -0.493232   -0.493894 0.000721102
          12   -0.494112   -0.493912 0.000658524
          13   -0.490816   -0.493674 0.000650888
          14   -0.496688   -0.493889 0.000639911
          15    -0.49384   -0.493886 0.000595734
          16   -0.495408   -0.493981  0.00056532
          17   -0.497344   -0.494179 0.000566677
          18    -0.49504   -0.494227 0.000536406
          19   -0.497008   -0.494373 0.000528084
          20   -0.491056   -0.494207 0.000527724
          21   -0.492496   -0.494126 0.000508536
          22     -0.4876   -0.493829 0.000568405
          23   -0.492416   -0.493768 0.000546594
          24   -0.487984   -0.493527 0.000576144
          25   -0.495072   -0.493588 0.000556064
          26   -0.493008   -0.493566 0.000534716
          27   -0.488976   -0.493396 0.000541889
          28   -0.491488   -0.493328 0.000526605
          29   -0.496544   -0.493439 0.000520083
          30   -0.496384   -0.493537 0.000511948
          31   -0.491456    -0.49347 0.000499688
          32   -0.496976    -0.49358 0.000496072
          33   -0.495856   -0.493648 0.000485728
          34    -0.49448   -0.493673  0.00047186
          35   -0.489104   -0.493542 0.000476413
          36   -0.492384    -0.49351 0.000464107
          37   -0.491552   -0.493457 0.000454482
          38    -0.49448   -0.493484 0.000443178
          39   -0.496752   -0.493568 0.000439722
          40    -0.49224   -0.493535 0.000429872
          41   -0.489264   -0.493431 0.000432003
          42   -0.494256    -0.49345 0.000422049
          43   -0.494624   -0.493478  0.00041302
          44   -0.496032   -0.493536 0.000407679
          45   -0.495264   -0.493574 0.000400363
          46   -0.491808   -0.493536  0.00039344
          47   -0.493056   -0.493525 0.000385113
          48   -0.491552   -0.493484  0.00037924
          49   -0.497968   -0.493576 0.000382525
          50    -0.49328    -0.49357 0.000374843
          51   -0.494032   -0.493579 0.000367532
          52   -0.489216   -0.493495 0.000370032
          53   -0.490768   -0.493444 0.000366612
          54    -0.49232   -0.493423  0.00036036
          55   -0.494784   -0.493448 0.000354612
          56   -0.490752   -0.493399 0.000351534
          57   -0.494016    -0.49341 0.000345481
          58    -0.49384   -0.493418 0.000339553
          59   -0.493104   -0.493412  0.00033379
          60   -0.491536   -0.493381 0.000329667
          61   -0.494784   -0.493404 0.000325032
          62   -0.491456   -0.493373 0.000321286
          63   -0.492336   -0.493356 0.000316574
          64   -0.496896   -0.493411 0.000316459
          65   -0.490192   -0.493362 0.000315465
          66   -0.491392   -0.493332 0.000312079
          67   -0.486768   -0.493234 0.000322621
          68   -0.494016   -0.493246 0.000318049
          69   -0.496912   -0.493299 0.000317878
          70   -0.492864   -0.493293 0.000313366
          71   -0.494144   -0.493305 0.000309153
          72    -0.49016   -0.493261 0.000307942
          73    -0.49016   -0.493218 0.000306651
          74    -0.49528   -0.493246 0.000303759
          75    -0.49416   -0.493258 0.000299929
          76   -0.493632   -0.493263 0.000295997
          77    -0.48888   -0.493206 0.000297623
          78   -0.496976   -0.493255 0.000297731
          79   -0.490784   -0.493223 0.000295597
          80   -0.493136   -0.493222 0.000291881
          81   -0.488752   -0.493167  0.00029349
          82     -0.4904   -0.493133 0.000291847
          83   -0.492304   -0.493123 0.000288482
          84   -0.491472   -0.493104 0.000285705
          85   -0.490912   -0.493078 0.000283498
          86   -0.497984   -0.493135 0.000285931
          87   -0.492176   -0.493124  0.00028284
          88   -0.490448   -0.493094 0.000281256
          89   -0.495824   -0.493124 0.000279765
          90   -0.493504   -0.493129 0.000276672
          91   -0.498032   -0.493182  0.00027887
          92   -0.491904   -0.493169 0.000276172
          93   -0.495472   -0.493193 0.000274307
          94   -0.491488   -0.493175 0.000271978
          95   -0.490208   -0.493144 0.000270907
          96   -0.493872   -0.493151 0.000268177
          97   -0.491152   -0.493131 0.000266197
          98   -0.493776   -0.493137 0.000263549
          99   -0.495552   -0.493162 0.000262011
         100   -0.490288   -0.493133 0.000260965
           1   -0.530288   -0.530288           0
           2   -0.533216   -0.531752    0.001464
           3   -0.530608   -0.531371 0.000927279
           4   -0.532576   -0.531672 0.000721613
           5   -0.528192   -0.530976 0.000892665
           6   -0.531328   -0.531035 0.000731215
           7    -0.53144   -0.531093 0.000620697
           8   -0.529104   -0.530844  0.00059223
           9   -0.527168   -0.530436  0.00066304
          10   -0.530064   -0.530398 0.000594203
          11   -0.531376   -0.530487 0.000544775
          12   -0.528096   -0.530288 0.000535748
          13   -0.527072   -0.530041 0.000551423
          14   -0.529504   -0.530002 0.000511956
          15   -0.527264    -0.52982  0.00051037
          16   -0.530224   -0.529845 0.000478076
          17   -0.530688   -0.529895 0.000451803
          18   -0.531392   -0.529978 0.000434012
          19   -0.535616   -0.530275 0.000506555
          20   -0.531984    -0.53036 0.000488102
          21   -0.530336   -0.530359 0.000464279
          22     -0.5224   -0.529997 0.000571694
          23   -0.527584   -0.529892 0.000556256
          24   -0.526832   -0.529765 0.000547626
          25   -0.529488   -0.529754 0.000525381
          26   -0.523088   -0.529497 0.000566143
          27   -0.526208   -0.529375 0.000558226
          28   -0.525536   -0.529238 0.000555122
          29     -0.5304   -0.529278 0.000537134
          30   -0.528496   -0.529252 0.000519576
          31    -0.52688   -0.529176 0.000508329
          32    -0.53296   -0.529294 0.000506195
          33   -0.528896   -0.529282 0.000490764
          34   -0.531312   -0.529342  0.00047984
          35   -0.526336   -0.529256 0.000473777
          36   -0.531952   -0.529331  0.00046648
          37   -0.529968   -0.529348 0.000454024
          38   -0.527248   -0.529293 0.000445356
          39   -0.531232   -0.529342 0.000436628
          40   -0.524752   -0.529228 0.000440773
          41    -0.52752   -0.529186 0.000431901
          42       -0.53   -0.529205 0.000421938
          43   -0.529392    -0.52921 0.000412031
          44   -0.526544   -0.529149 0.000407091
          45   -0.530416   -0.529177 0.000398937
          46   -0.529568   -0.529186  0.00039026
          47   -0.527744   -0.529155 0.000383097
          48   -0.527472    -0.52912 0.000376666
          49    -0.53064   -0.529151 0.000370201
          50   -0.530384   -0.529176 0.000363559
          51   -0.532096   -0.529233  0.00036093
          52   -0.524624   -0.529144  0.00036485
          53   -0.522784   -0.529024 0.000377484
          54   -0.523888   -0.528929 0.000382444
          55    -0.52744   -0.528902 0.000376401
          56   -0.524992   -0.528832 0.000376156
          57    -0.52688   -0.528798 0.000371082
          58   -0.528256   -0.528789 0.000364748
          59   -0.526832   -0.528756 0.000360043
          60   -0.526128   -0.528712  0.00035669
          61   -0.530096   -0.528734 0.000351527
          62   -0.529056    -0.52874  0.00034585
          63   -0.530272   -0.528764 0.000341184
          64   -0.529312   -0.528772  0.00033592
          65    -0.52528   -0.528719 0.000335048
          66   -0.523824   -0.528645 0.000338165
          67       -0.52   -0.528516 0.000357196
          68   -0.530544   -0.528545 0.000353166
          69   -0.529616   -0.528561 0.000348356
          70   -0.525424   -0.528516 0.000346255
          71    -0.52688   -0.528493  0.00034212
          72   -0.528512   -0.528493 0.000337335
          73   -0.525664   -0.528455 0.000334932
          74   -0.527248   -0.528438 0.000330777
          75   -0.530048    -0.52846 0.000327042
          76   -0.530544   -0.528487 0.000323874
          77   -0.524224   -0.528432 0.000324399
          78   -0.533744     -0.5285 0.000327376
          79   -0.521408    -0.52841 0.000335441
          80   -0.530512   -0.528436 0.000332262
          81   -0.524736   -0.528391 0.000331299
          82   -0.525104   -0.528351 0.000329679
          83   -0.528592   -0.528354 0.000325696
          84   -0.528848   -0.528359 0.000321849
          85   -0.527792   -0.528353  0.00031811
          86   -0.530592   -0.528379 0.000315466
          87   -0.526848   -0.528361 0.000312315
          88    -0.52864   -0.528364 0.000308762
          89   -0.529264   -0.528374  0.00030544
          90   -0.530416   -0.528397 0.000302878
          91   -0.533712   -0.528456 0.000305172
          92   -0.526544   -0.528435 0.000302551
          93   -0.530176   -0.528454 0.000299865
          94   -0.523136   -0.528397 0.000302003
          95   -0.530752   -0.528422 0.000299834
          96   -0.530384   -0.528442 0.000297397
          97   -0.530432   -0.528463  0.00029503
          98   -0.526832   -0.528446 0.000292477
          99   -0.526592   -0.528427 0.000290113
         100   -0.528336   -0.528426 0.000287199
           1   -0.569232   -0.569232           0
           2   -0.566544   -0.567888    0.001344
           3   -0.565392   -0.567056  0.00113769
           4   -0.570128   -0.567824   0.0011122
           5   -0.570672   -0.568394  0.00103278
           6    -0.56792   -0.568315 0.000846949
           7   -0.569712   -0.568514 0.000743116
           8   -0.566368   -0.568246  0.00069724
           9   -0.567856   -0.568203 0.000616433
          10   -0.565104   -0.567893 0.000632463
          11   -0.570848   -0.568161 0.000632025
          12   -0.565936   -0.567976  0.00060603
          13   -0.569248   -0.568074 0.000565989
          14   -0.574256   -0.568515 0.000685255
          15   -0.564064   -0.568219 0.000703585
          16   -0.572304   -0.568474 0.000705938
          17    -0.57176   -0.568667 0.000690711
          18    -0.57024   -0.568755 0.000657044
          19    -0.57424   -0.569043 0.000685283
          20      -0.568   -0.568991 0.000652206
          21   -0.568256   -0.568956 0.000621359
          22    -0.56512   -0.568782 0.000617571
          23   -0.566688   -0.568691  0.00059709
          24   -0.564576   -0.568519 0.000596826
          25    -0.57072   -0.568607 0.000579184
          26   -0.564768    -0.56846 0.000575722
          27    -0.56344   -0.568274 0.000584352
          28   -0.563536   -0.568105 0.000587969
          29   -0.570448   -0.568185 0.000573058
          30   -0.571584   -0.568299 0.000565099
          31   -0.569472   -0.568337 0.000547875
          32    -0.57312   -0.568486 0.000551137
          33   -0.567376   -0.568452 0.000535233
          34   -0.571472   -0.568541 0.000526793
          35   -0.566272   -0.568476 0.000515613
          36   -0.569408   -0.568502 0.000501753
          37   -0.566704   -0.568454 0.000490418
          38   -0.571376   -0.568531 0.000483493
          39     -0.5708   -0.568589 0.000474514
          40   -0.566896   -0.568546 0.000464431
          41   -0.562832   -0.568407  0.00047392
          42   -0.566656   -0.568365 0.000464374
          43     -0.5668   -0.568329 0.000454905
          44    -0.56656   -0.568289 0.000446261
          45   -0.573264   -0.568399 0.000450024
          46    -0.56648   -0.568358 0.000442105
          47   -0.568304   -0.568356 0.000432598
          48   -0.562592   -0.568236 0.000440188
          49   -0.572288   -0.568319 0.000438969
          50   -0.566704   -0.568287 0.000431311
          51     -0.5664    -0.56825 0.000424385
          52   -0.563296   -0.568154 0.000426909
          53   -0.564752    -0.56809 0.000423668
          54    -0.56432    -0.56802  0.00042157
          55   -0.572896   -0.568109 0.000423222
          56   -0.567888   -0.568105 0.000415615
          57   -0.568368    -0.56811 0.000408284
          58   -0.568544   -0.568117 0.000401253
          59   -0.568688   -0.568127 0.000394512
          60   -0.569632   -0.568152 0.000388692
          61     -0.5692   -0.568169 0.000382652
          62   -0.569136   -0.568185 0.000376753
          63   -0.565056   -0.568135 0.000374036
          64   -0.568272   -0.568137 0.000368152
          65   -0.561024   -0.568028 0.000378604
          66   -0.564352   -0.567972 0.000376961
          67   -0.562752   -0.567894 0.000379378
          68   -0.567936   -0.567895 0.000373758
          69   -0.568608   -0.567905 0.000368446
          70   -0.565056   -0.567864 0.000365419
          71   -0.570496   -0.567902 0.000362137
          72   -0.569504   -0.567924 0.000357765
          73   -0.569248   -0.567942 0.000353296
          74    -0.57032   -0.567974 0.000349968
          75   -0.569248   -0.567991 0.000345687
          76   -0.569344   -0.568009 0.000341573
          77   -0.565904   -0.567982 0.000338214
          78   -0.573712   -0.568055 0.000341838
          79   -0.562992   -0.567991 0.000343514
          80   -0.569792   -0.568013  0.00033994
          81   -0.563504   -0.567958 0.000340301
          82   -0.565456   -0.567927 0.000337507
          83   -0.565888   -0.567903  0.00033432
          84   -0.565056   -0.567869  0.00033205
          85   -0.565456    -0.56784 0.000329346
          86   -0.571008   -0.567877 0.000327571
          87   -0.564464   -0.567838 0.000326152
          88   -0.569552   -0.567857 0.000323013
          89    -0.56904   -0.567871 0.000319639
          90   -0.571088   -0.567906 0.000318082
          91   -0.577104   -0.568008 0.000330406
          92   -0.569584   -0.568025 0.000327244
          93   -0.568928   -0.568034 0.000323852
          94   -0.565968   -0.568012 0.000321141
          95   -0.564048   -0.567971 0.000320472
          96   -0.567824   -0.567969 0.000317119
          97   -0.567168   -0.567961 0.000313942
          98   -0.566944   -0.567951 0.000310895
          99   -0.567776   -0.567949 0.000307744
         100   -0.571728   -0.567987 0.000306986
           1    -0.61312    -0.61312           0
           2   -0.608448   -0.610784    0.002336
           3   -0.609472   -0.610347  0.00141782
           4   -0.619472   -0.612628  0.00249191
           5    -0.61584    -0.61327  0.00203431
           6     -0.6104   -0.612792  0.00172853
           7   -0.612624   -0.612768  0.00146107
           8    -0.61256   -0.612742  0.00126559
           9   -0.617488   -0.613269  0.00123445
          10   -0.610608   -0.613003  0.00113575
          11   -0.616992   -0.613366  0.00108944
          12   -0.612752   -0.613315 0.000995834
          13   -0.610224   -0.613077 0.000946383
          14   -0.619392   -0.613528 0.000985476
          15   -0.610112     -0.6133  0.00094527
          16   -0.617424   -0.613558 0.000921016
          17   -0.615424   -0.613668 0.000872079
          18   -0.617104   -0.613859 0.000844076
          19   -0.622112   -0.614293 0.000908933
          20   -0.611712   -0.614164 0.000871893
          21   -0.612448   -0.614082 0.000833351
          22    -0.61024   -0.613908 0.000813537
          23   -0.612576    -0.61385 0.000779515
          24   -0.610896   -0.613727 0.000756408
          25   -0.613264   -0.613708 0.000725757
          26   -0.610944   -0.613602 0.000705343
          27   -0.609472   -0.613449 0.000695739
          28   -0.610384   -0.613339 0.000679308
          29   -0.610496   -0.613241 0.000662758
          30   -0.615216   -0.613307 0.000643659
          31   -0.614736   -0.613353 0.000624254
          32   -0.616496   -0.613452 0.000612358
          33   -0.614352   -0.613479 0.000594138
          34   -0.611552   -0.613422 0.000579178
          35   -0.613232   -0.613417 0.000562413
          36   -0.614992    -0.61346 0.000548316
          37   -0.616256   -0.613536 0.000538616
          38    -0.61184   -0.613491 0.000526147
          39   -0.616928   -0.613579 0.000519999
          40   -0.611088   -0.613517 0.000510646
          41    -0.60736   -0.613367 0.000520184
          42   -0.617024   -0.613454 0.000515061
          43   -0.615072   -0.613492 0.000504346
          44    -0.61024   -0.613418 0.000498261
          45   -0.617248   -0.613503 0.000494444
          46     -0.6124   -0.613479  0.00048417
          47   -0.611392   -0.613435 0.000475832
          48   -0.610112   -0.613365 0.000470929
          49   -0.613472   -0.613368 0.000461223
          50     -0.6148   -0.613396 0.000452812
          51   -0.618672     -0.6135  0.00045574
          52   -0.613056   -0.613491 0.000446971
          53    -0.60904   -0.613407 0.000446428
          54   -0.617328    -0.61348 0.000444059
          55   -0.614208   -0.613493 0.000436111
          56   -0.612256   -0.613471 0.000428822
          57   -0.612448   -0.613453 0.000421614
          58   -0.610256   -0.613398 0.000417932
          59   -0.616016   -0.613442 0.000413177
          60   -0.613632   -0.613445 0.000406245
          61   -0.612224   -0.613425 0.000400031
          62   -0.611376   -0.613392 0.000394911
          63   -0.618816   -0.613478 0.000398015
          64   -0.612048   -0.613456 0.000392383
          65   -0.610752   -0.613414 0.000388533
          66     -0.6072    -0.61332 0.000394017
          67   -0.612208   -0.613304 0.000388446
          68   -0.613152   -0.613301 0.000382697
          69   -0.616128   -0.613342 0.000379329
          70   -0.611872   -0.613321  0.00037446
          71   -0.616048    -0.61336 0.000371141
          72   -0.614592   -0.613377  0.00036635
          73   -0.613792   -0.613383 0.000361341
          74   -0.612016   -0.613364 0.000356903
          75   -0.614528    -0.61338 0.000352454
          76   -0.617184    -0.61343 0.000351369
          77   -0.608752   -0.613369 0.000352057
          78   -0.615984   -0.613402 0.000349127
          79   -0.606016   -0.613309 0.000357136
          80   -0.617056   -0.613356 0.000355741
          81   -0.611744   -0.613336 0.000351884
          82   -0.609648   -0.613291 0.000350464
          83   -0.612832   -0.613285  0.00034626
          84   -0.612544   -0.613277 0.000342227
          85     -0.6092   -0.613229 0.000341561
          86   -0.620048   -0.613308 0.000346754
          87   -0.614448   -0.613321 0.000342996
          88   -0.615856    -0.61335 0.000340297
          89   -0.610736    -0.61332 0.000337731
          90   -0.620448     -0.6134 0.000343219
          91   -0.622304   -0.613497 0.000353249
          92   -0.613088   -0.613493 0.000349417
          93   -0.616304   -0.613523 0.000346958
          94   -0.610016   -0.613486 0.000345269
          95    -0.60952   -0.613444 0.000344157
          96   -0.610192    -0.61341 0.000342234
          97   -0.610752   -0.613383 0.000339794
          98   -0.612064   -0.613369 0.000336578
          99   -0.612352   -0.613359  0.00033332
         100   -0.612128   -0.613347 0.000330199
           1   -0.663888   -0.663888           0
           2   -0.662064   -0.662976    0.000912
           3   -0.661472   -0.662475 0.000727037
           4   -0.664512   -0.662984 0.000723679
           5   -0.664192   -0.663226 0.000610408
           6   -0.661632    -0.66296 0.000564749
           7   -0.661968   -0.662818 0.000497894
           8   -0.659968   -0.662462 0.000559342
           9   -0.662336   -0.662448 0.000493492
          10    -0.66488   -0.662691 0.000503958
          11   -0.665568   -0.662953 0.000525541
          12    -0.66232     -0.6629  0.00048264
          13   -0.664912   -0.663055 0.000470168
          14   -0.665488   -0.663229 0.000468706
          15   -0.663904   -0.663274 0.000438659
          16   -0.664432   -0.663346 0.000416666
          17    -0.66784    -0.66361 0.000472301
          18   -0.667088   -0.663804 0.000485397
          19    -0.67224   -0.664248 0.000638722
          20   -0.667408   -0.664406 0.000626211
          21    -0.66584   -0.664474 0.000599549
          22   -0.664448   -0.664473 0.000571649
          23   -0.662448   -0.664385 0.000553277
          24   -0.661744   -0.664275 0.000541029
          25   -0.660496   -0.664124 0.000540501
          26     -0.6648    -0.66415 0.000519948
          27   -0.664768   -0.664172 0.000500844
          28   -0.665104   -0.664206 0.000483771
          29   -0.665136   -0.664238 0.000467892
          30   -0.668816    -0.66439 0.000477092
          31   -0.667408   -0.664488 0.000471601
          32   -0.671632   -0.664711 0.000508282
          33   -0.667536   -0.664797 0.000500022
          34   -0.667408   -0.664873 0.000491135
          35   -0.664544   -0.664864 0.000476989
          36   -0.666816   -0.664918 0.000466711
          37   -0.661968   -0.664838 0.000460871
          38   -0.659856   -0.664707 0.000467349
          39   -0.666944   -0.664765 0.000458807
          40   -0.669936   -0.664894 0.000465502
          41   -0.660896   -0.664796  0.00046436
          42   -0.661648   -0.664722 0.000459328
          43    -0.66456   -0.664718 0.000448534
          44   -0.661088   -0.664635 0.000445919
          45   -0.664432   -0.664631  0.00043592
          46    -0.66432   -0.664624 0.000426392
          47   -0.664912    -0.66463 0.000417266
          48   -0.652896   -0.664386 0.000476044
          49   -0.668144   -0.664462 0.000472494
          50   -0.667248   -0.664518 0.000466288
          51   -0.665248   -0.664532 0.000457278
          52   -0.663168   -0.664506 0.000449165
          53   -0.662736   -0.664473 0.000441873
          54    -0.66032   -0.664396 0.000440379
          55   -0.668912   -0.664478 0.000440028
          56   -0.659472   -0.664389 0.000441248
          57   -0.665264   -0.664404  0.00043371
          58   -0.660432   -0.664335 0.000431634
          59   -0.665712   -0.664359 0.000424896
          60   -0.662992   -0.664336 0.000418375
          61   -0.660608   -0.664275 0.000415973
          62   -0.664672   -0.664281 0.000409259
          63   -0.667056   -0.664325 0.000405112
          64   -0.658432   -0.664233 0.000409226
          65    -0.66248   -0.664206 0.000403783
          66   -0.659872   -0.664141 0.000403005
          67   -0.656176   -0.664022 0.000414362
          68   -0.661248   -0.663981 0.000410256
          69   -0.666032   -0.664011 0.000405358
          70   -0.660976   -0.663967  0.00040187
          71   -0.663472    -0.66396 0.000396231
          72   -0.666064    -0.66399  0.00039178
          73   -0.663824   -0.663987 0.000386383
          74   -0.662576   -0.663968 0.000381602
          75    -0.66888   -0.664034 0.000382134
          76   -0.667344   -0.664077  0.00037958
          77   -0.656704   -0.663982 0.000386662
          78    -0.66016   -0.663933 0.000384804
          79   -0.660464   -0.663889 0.000382431
          80   -0.665728   -0.663912  0.00037832
          81    -0.65192   -0.663764 0.000401882
          82   -0.659104   -0.663707 0.000400997
          83   -0.661024   -0.663674 0.000397453
          84   -0.661136   -0.663644 0.000393854
          85   -0.658992   -0.663589 0.000393022
          86   -0.663584   -0.663589 0.000388425
          87   -0.665632   -0.663613 0.000384652
          88   -0.663088   -0.663607 0.000380302
          89   -0.659712   -0.663563 0.000378543
          90   -0.668608   -0.663619 0.000378487
          91   -0.672464   -0.663716 0.000386719
          92   -0.662736   -0.663706  0.00038264
          93   -0.667408   -0.663746 0.000380591
          94   -0.666352   -0.663773  0.00037754
          95    -0.65888   -0.663722  0.00037708
          96   -0.658928   -0.663672 0.000376458
          97   -0.666592   -0.663702 0.000373771
          98    -0.66264   -0.663691 0.000370096
          99   -0.665584    -0.66371 0.000366837
         100    -0.66856   -0.663759 0.000366374
           1    -0.71816    -0.71816           0
           2   -0.719968   -0.719064    0.000904
           3   -0.724432   -0.720853   0.0018639
           4    -0.72272    -0.72132  0.00139815
           5   -0.716736   -0.720403  0.00141895
           6   -0.713568   -0.719264  0.00162483
           7   -0.718848   -0.719205  0.00137451
           8   -0.721472   -0.719488  0.00122364
           9   -0.724096       -0.72  0.00119445
          10    -0.71752   -0.719752  0.00109675
          11   -0.724016    -0.72014   0.0010651
          12   -0.724016   -0.720463  0.00102455
          13   -0.716464   -0.720155 0.000991375
          14    -0.72264   -0.720333  0.00093484
          15   -0.719696    -0.72029 0.000871323
          16   -0.720288    -0.72029 0.000815048
          17   -0.721632   -0.720369 0.000769663
          18   -0.718288   -0.720253 0.000734797
          19   -0.721712    -0.72033 0.000699275
          20   -0.720928    -0.72036 0.000664064
          21   -0.724688   -0.720566 0.000664423
          22   -0.719056   -0.720497  0.00063721
          23   -0.720032   -0.720477 0.000609212
          24   -0.717008   -0.720333 0.000600921
          25   -0.719392   -0.720295  0.00057761
          26   -0.725744   -0.720505 0.000593204
          27   -0.719808   -0.720479 0.000571393
          28   -0.725312   -0.720651 0.000577031
          29   -0.717248   -0.720534 0.000569013
          30   -0.722064   -0.720585 0.000552079
          31   -0.715136   -0.720409 0.000562161
          32   -0.725488   -0.720568 0.000566976
          33   -0.720256   -0.720559 0.000549608
          34    -0.72192   -0.720599 0.000534699
          35   -0.724192   -0.720701 0.000529251
          36     -0.7212   -0.720715 0.000514526
          37   -0.719968   -0.720695 0.000500834
          38   -0.721856   -0.720725 0.000488433
          39     -0.7252    -0.72084 0.000489383
          40   -0.725824   -0.720965 0.000492996
          41   -0.719408   -0.720927 0.000482318
          42   -0.722464   -0.720963 0.000472115
          43    -0.72112   -0.720967 0.000461019
          44   -0.717232   -0.720882 0.000458349
          45    -0.72016   -0.720866 0.000448335
          46    -0.72168   -0.720884 0.000438837
          47   -0.729152    -0.72106 0.000464037
          48   -0.715312    -0.72094 0.000469784
          49   -0.721664   -0.720955 0.000460334
          50   -0.721616   -0.720968 0.000451227
          51   -0.716256   -0.720876 0.000451838
          52    -0.72152   -0.720888 0.000443237
          53   -0.716544   -0.720806 0.000442452
          54   -0.721664   -0.720822 0.000434471
          55   -0.724512   -0.720889 0.000431744
          56   -0.720096   -0.720875   0.0004242
          57   -0.716832   -0.720804 0.000422685
          58   -0.714688   -0.720698  0.00042851
          59   -0.723264   -0.720742 0.000423423
          60   -0.715968   -0.720662 0.000423842
          61   -0.723472   -0.720708 0.000419373
          62   -0.718912   -0.720679 0.000413569
          63   -0.724416   -0.720739 0.000411251
          64   -0.717728   -0.720692 0.000407499
          65   -0.715968   -0.720619  0.00040771
          66   -0.721424   -0.720631  0.00040167
          67   -0.713584   -0.720526 0.000409373
          68    -0.71864   -0.720498 0.000404261
          69   -0.721776   -0.720517 0.000398789
          70   -0.716912   -0.720465  0.00039641
          71   -0.721264   -0.720477 0.000390949
          72   -0.717536   -0.720436 0.000387638
          73   -0.720864   -0.720442 0.000382336
          74     -0.7108   -0.720311 0.000399006
          75   -0.724432   -0.720366 0.000397466
          76   -0.720448   -0.720367 0.000392203
          77   -0.715632   -0.720306 0.000391931
          78   -0.729312   -0.720421 0.000403736
          79   -0.716864   -0.720376 0.000401128
          80   -0.719776   -0.720369 0.000396153
          81   -0.716848   -0.720325 0.000393639
          82   -0.714672   -0.720256 0.000394874
          83   -0.723232   -0.720292 0.000391732
          84   -0.720272   -0.720292  0.00038704
          85   -0.720528   -0.720295  0.00038247
          86   -0.727424   -0.720378  0.00038698
          87   -0.716096   -0.720328 0.000385659
          88   -0.716976    -0.72029  0.00038315
          89   -0.717248   -0.720256 0.000380359
          90   -0.718944   -0.720242 0.000376392
          91   -0.726688   -0.720312 0.000378914
          92   -0.717968   -0.720287 0.000375638
          93   -0.723488   -0.720321 0.000373167
          94   -0.723088   -0.720351 0.000370348
          95   -0.715744   -0.720302 0.000369623
          96   -0.714208   -0.720239 0.000371221
          97    -0.72376   -0.720275 0.000369163
          98   -0.715264   -0.720224 0.000368938
          99   -0.718992   -0.720212 0.000365404
         100    -0.72216   -0.720231 0.000362256
           1   -0.779568   -0.779568           0
           2    -0.78648   -0.783024    0.003456
           3    -0.78144   -0.782496    0.002064
           4   -0.786608   -0.783524  0.00178517
           5   -0.781296   -0.783078  0.00145281
           6   -0.779264   -0.782443  0.00134583
           7   -0.784896   -0.782793  0.00119021
           8   -0.782384   -0.782742  0.00103202
           9   -0.783408   -0.782816 0.000913157
          10   -0.776432   -0.782178  0.00103665
          11   -0.785856   -0.782512 0.000995527
          12   -0.783904   -0.782628 0.000916161
          13    -0.77912   -0.782358 0.000884894
          14   -0.787504   -0.782726 0.000897928
          15      -0.778   -0.782411 0.000893323
          16   -0.781072   -0.782327 0.000839806
          17    -0.78696     -0.7826 0.000834609
          18   -0.783216   -0.782634 0.000787622
          19   -0.789264   -0.782983 0.000822691
          20    -0.78624   -0.783146 0.000797285
          21   -0.778864   -0.782942 0.000785298
          22    -0.77792   -0.782713 0.000782773
          23   -0.780096     -0.7826 0.000756573
          24   -0.782384   -0.782591 0.000724419
          25   -0.783104   -0.782611 0.000695142
          26   -0.787152   -0.782786 0.000690328
          27   -0.778064   -0.782611 0.000686904
          28   -0.782528   -0.782608 0.000661923
          29   -0.781232   -0.782561 0.000640451
          30     -0.7784   -0.782422 0.000634086
          31   -0.781136    -0.78238 0.000614692
          32    -0.78216   -0.782374 0.000595213
          33   -0.789664   -0.782594  0.00061775
          34   -0.780928   -0.782545 0.000601306
          35   -0.784352   -0.782597  0.00058615
          36   -0.782736   -0.782601 0.000569649
          37   -0.786784   -0.782714 0.000565457
          38   -0.782352   -0.782704 0.000550457
          39   -0.788912   -0.782864 0.000559285
          40   -0.787264   -0.782974 0.000556113
          41   -0.778512   -0.782865 0.000553188
          42   -0.785504   -0.782928 0.000543501
          43   -0.785408   -0.782985 0.000533837
          44   -0.779552   -0.782907 0.000527368
          45   -0.787312   -0.783005 0.000524726
          46   -0.786256   -0.783076 0.000518035
          47    -0.79152   -0.783255 0.000537791
          48   -0.776352   -0.783112  0.00054576
          49   -0.781792   -0.783085 0.000535184
          50   -0.780464   -0.783032 0.000526984
          51   -0.781792   -0.783008  0.00051712
          52   -0.780688   -0.782963 0.000509037
          53   -0.783552   -0.782974 0.000499463
          54   -0.776992   -0.782864 0.000502492
          55   -0.787344   -0.782945 0.000499952
          56   -0.778288   -0.782862 0.000497937
          57   -0.789376   -0.782976 0.000502296
          58   -0.781088   -0.782944 0.000494633
          59      -0.792   -0.783097 0.000509832
          60    -0.77928   -0.783034 0.000505284
          61   -0.778752   -0.782963 0.000501865
          62    -0.77808   -0.782885 0.000499947
          63    -0.78048   -0.782846 0.000493426
          64   -0.779184   -0.782789 0.000489015
          65   -0.776672   -0.782695 0.000490545
          66   -0.785376   -0.782736  0.00048476
          67   -0.780192   -0.782698 0.000478977
          68   -0.785632   -0.782741  0.00047385
          69   -0.785968   -0.782788 0.000469268
          70   -0.785296   -0.782824 0.000463902
          71   -0.778512   -0.782763 0.000461336
          72   -0.780784   -0.782735 0.000455712
          73   -0.786736    -0.78279 0.000452756
          74    -0.77592   -0.782697 0.000456143
          75    -0.78304   -0.782702 0.000450043
          76   -0.786416   -0.782751 0.000446763
          77    -0.78336   -0.782759 0.000440994
          78   -0.781776   -0.782746 0.000435486
          79   -0.778928   -0.782698 0.000432646
          80   -0.784832   -0.782724 0.000428036
          81   -0.779136    -0.78268 0.000425033
          82   -0.785408   -0.782713 0.000421134
          83   -0.779184   -0.782671 0.000418197
          84   -0.781056   -0.782652 0.000413635
          85   -0.784928   -0.782678 0.000409616
          86   -0.787792   -0.782738 0.000409169
          87   -0.777232   -0.782675  0.00040936
          88   -0.777824   -0.782619 0.000408418
          89   -0.783872   -0.782634 0.000404048
          90   -0.781136   -0.782617  0.00039988
          91   -0.785456   -0.782648  0.00039669
          92   -0.780512   -0.782625 0.000393041
          93   -0.781552   -0.782613 0.000388962
          94   -0.784912   -0.782638 0.000385579
          95   -0.782928   -0.782641  0.00038151
          96   -0.773456   -0.782545 0.000389451
          97   -0.783392   -0.782554 0.000385514
          98   -0.777488   -0.782502 0.000385045
          99   -0.779024   -0.782467 0.000382752
         100   -0.777248   -0.782415 0.000382482
           1   -0.847104   -0.847104           0
           2   -0.841392   -0.844248    0.002856
           3   -0.845696   -0.844731   0.0017181
           4   -0.860112   -0.848576  0.00403268
           5   -0.852832   -0.849427   0.0032376
           6   -0.835312   -0.847075  0.00353871
           7   -0.853856   -0.848043  0.00314374
           8   -0.850096     -0.8483  0.00273462
           9   -0.852992   -0.848821  0.00246741
          10   -0.843904    -0.84833  0.00226104
          11   -0.848528   -0.848348  0.00204527
          12   -0.847168   -0.848249  0.00186965
          13   -0.848944   -0.848303  0.00172066
          14      -0.852   -0.848567  0.00161476
          15   -0.839248   -0.847946  0.00162658
          16    -0.85184   -0.848189  0.00154087
          17   -0.847008    -0.84812  0.00144906
          18   -0.843632    -0.84787  0.00138875
          19   -0.842624   -0.847594  0.00134233
          20   -0.847696   -0.847599  0.00127346
          21   -0.847792   -0.847608  0.00121133
          22   -0.843872   -0.847439  0.00116738
          23    -0.84832   -0.847477  0.00111613
          24   -0.857184   -0.847881   0.0011426
          25   -0.840912   -0.847603  0.00113084
          26   -0.846352   -0.847554  0.00108754
          27   -0.850112   -0.847649  0.00105076
          28    -0.85328    -0.84785  0.00103232
          29   -0.845488   -0.847769 0.000999411
          30    -0.84224   -0.847585 0.000982954
          31   -0.849824   -0.847657 0.000953458
          32   -0.855648   -0.847906 0.000956361
          33   -0.849376   -0.847951 0.000927997
          34    -0.85648   -0.848202 0.000934584
          35     -0.8516   -0.848299 0.000912668
          36    -0.84512   -0.848211 0.000891339
          37    -0.84296   -0.848069 0.000878452
          38   -0.846416   -0.848025 0.000856128
          39   -0.844816   -0.847943 0.000837937
          40   -0.853232   -0.848075 0.000827355
          41   -0.844608   -0.847991 0.000811342
          42   -0.843104   -0.847874 0.000800291
          43   -0.854032   -0.848017 0.000794471
          44   -0.842016   -0.847881 0.000788098
          45   -0.838368    -0.84767 0.000798865
          46   -0.846592   -0.847646 0.000781656
          47   -0.862288   -0.847958 0.000825855
          48   -0.842048   -0.847835 0.000817787
          49   -0.854816   -0.847977 0.000813498
          50   -0.854672   -0.848111  0.00080823
          51   -0.842752   -0.848006 0.000799162
          52   -0.851216   -0.848068 0.000786071
          53   -0.860896    -0.84831 0.000808193
          54   -0.846384   -0.848274 0.000793886
          55    -0.85296   -0.848359 0.000783962
          56   -0.846256   -0.848322 0.000770751
          57   -0.852128   -0.848388 0.000760047
          58   -0.846352   -0.848353 0.000747653
          59   -0.850384   -0.848388 0.000735677
          60   -0.846752   -0.848361 0.000723825
          61   -0.853776   -0.848449 0.000717375
          62   -0.847024   -0.848426 0.000706084
          63   -0.842144   -0.848327 0.000701906
          64   -0.840752   -0.848208 0.000700916
          65   -0.835168   -0.848008  0.00071862
          66   -0.852736   -0.848079 0.000711265
          67   -0.843232   -0.848007 0.000704295
          68   -0.855152   -0.848112 0.000701771
          69   -0.847728   -0.848106 0.000691548
          70     -0.8456   -0.848071 0.000682537
          71   -0.848096   -0.848071 0.000672855
          72    -0.85144   -0.848118 0.000665092
          73     -0.8512    -0.84816 0.000657276
          74   -0.848848   -0.848169 0.000648399
          75    -0.84056   -0.848068 0.000647691
          76   -0.852048    -0.84812 0.000641254
          77   -0.846176   -0.848095 0.000633375
          78   -0.840608   -0.847999 0.000632528
          79   -0.847904   -0.847998 0.000624471
          80   -0.856816   -0.848108  0.00062639
          81   -0.852624   -0.848164 0.000621116
          82   -0.842288   -0.848092 0.000617665
          83   -0.849632   -0.848111  0.00061046
          84    -0.84792   -0.848108 0.000603153
          85    -0.85616   -0.848203 0.000603495
          86   -0.861072   -0.848353 0.000614922
          87   -0.847232    -0.84834 0.000607949
          88   -0.848528   -0.848342 0.000601004
          89    -0.83648   -0.848209 0.000608977
          90   -0.842736   -0.848148 0.000605235
          91   -0.848496   -0.848152 0.000598559
          92    -0.85456   -0.848221 0.000596101
          93   -0.847936   -0.848218 0.000589665
          94   -0.851344   -0.848252 0.000584305
          95    -0.85376    -0.84831 0.000581022
          96   -0.841536   -0.848239 0.000579251
          97   -0.850832   -0.848266 0.000573871
          98   -0.853968   -0.848324 0.000570958
          99   -0.842976    -0.84827 0.000567737
         100   -0.837376   -0.848161 0.000572492
           1   -0.921968   -0.921968           0
           2   -0.906592    -0.91428    0.007688
           3   -0.911808   -0.913456  0.00451451
           4   -0.923952    -0.91608  0.00413228
           5   -0.904768   -0.913818  0.00391968
           6   -0.917296   -0.914397  0.00325249
           7   -0.914848   -0.914462  0.00274961
           8   -0.923552   -0.915598  0.00263845
           9    -0.90368   -0.914274  0.00267731
          10   -0.912128   -0.914059  0.00240425
          11   -0.917216   -0.914346  0.00219358
          12   -0.922128   -0.914995  0.00210485
          13   -0.909072   -0.914539  0.00198906
          14   -0.906336   -0.913953  0.00193248
          15   -0.918896   -0.914283  0.00182897
          16   -0.902128   -0.913523  0.00187192
          17     -0.9192   -0.913857  0.00178979
          18   -0.910016   -0.913644  0.00170087
          19   -0.921408   -0.914052  0.00165995
          20   -0.920224   -0.914361  0.00160472
          21   -0.920048   -0.914632  0.00155023
          22   -0.917888    -0.91478  0.00148548
          23   -0.921936   -0.915091  0.00145313
          24   -0.917168   -0.915177  0.00139395
          25   -0.920224   -0.915379  0.00135218
          26   -0.920432   -0.915574  0.00131359
          27    -0.91256   -0.915462  0.00126892
          28     -0.9168    -0.91551   0.0012237
          29   -0.897456   -0.914887  0.00133481
          30   -0.910496   -0.914741  0.00129783
          31   -0.916896    -0.91481  0.00125719
          32   -0.925872   -0.915156   0.0012654
          33   -0.916912   -0.915209  0.00122761
          34    -0.91408   -0.915176  0.00119142
          35   -0.914272    -0.91515  0.00115717
          36   -0.907424   -0.914936  0.00114486
          37    -0.91184   -0.914852  0.00111663
          38   -0.907696   -0.914664  0.00110304
          39   -0.907136   -0.914471  0.00109158
          40   -0.918032    -0.91456  0.00106766
          41   -0.913712   -0.914539   0.0010415
          42   -0.920528   -0.914682  0.00102636
          43   -0.900864    -0.91436  0.00105246
          44   -0.895696   -0.913936  0.00111232
          45    -0.91152   -0.913882  0.00108864
          46   -0.915088   -0.913909  0.00106504
          47   -0.920416   -0.914047  0.00105129
          48   -0.904944   -0.913857  0.00104648
          49    -0.90688   -0.913715  0.00103475
          50   -0.915184   -0.913744  0.00101427
          51   -0.914064   -0.913751 0.000994199
          52   -0.905632   -0.913594 0.000987315
          53   -0.917808   -0.913674 0.000971765
          54   -0.914896   -0.913697 0.000953868
          55    -0.91208   -0.913667 0.000936826
          56   -0.926464   -0.913896 0.000947901
          57    -0.90544   -0.913747 0.000942866
          58   -0.907968   -0.913648  0.00093181
          59   -0.909872   -0.913584 0.000918114
          60   -0.903184    -0.91341 0.000919172
          61   -0.919296   -0.913507 0.000909113
          62   -0.919168   -0.913598 0.000898979
          63   -0.912464    -0.91358 0.000884777
          64    -0.91632   -0.913623 0.000871894
          65   -0.924224   -0.913786 0.000873732
          66    -0.91232   -0.913764 0.000860679
          67   -0.911536   -0.913731 0.000848388
          68   -0.932592   -0.914008 0.000880641
          69   -0.912624   -0.913988 0.000868016
          70   -0.921776   -0.914099  0.00086273
          71   -0.902704   -0.913939 0.000865503
          72   -0.922784   -0.914062 0.000862194
          73   -0.915856   -0.914086 0.000850657
          74   -0.913664    -0.91408 0.000839102
          75   -0.913056   -0.914067 0.000827951
          76    -0.91704   -0.914106  0.00081792
          77    -0.92408   -0.914235 0.000817555
          78   -0.901824   -0.914076 0.000822543
          79   -0.903568   -0.913943 0.000822887
          80   -0.910096   -0.913895 0.000813957
          81   -0.932128    -0.91412 0.000834767
          82    -0.90112   -0.913962 0.000839628
          83   -0.920784   -0.914044 0.000833513
          84   -0.914896   -0.914054 0.000823593
          85   -0.922976   -0.914159 0.000820587
          86   -0.929648   -0.914339 0.000830747
          87   -0.909248   -0.914281 0.000823225
          88    -0.92336   -0.914384 0.000820331
          89   -0.909776   -0.914332 0.000812712
          90   -0.919856   -0.914393 0.000805971
          91   -0.901024   -0.914247 0.000810492
          92   -0.915856   -0.914264 0.000801825
          93   -0.897488   -0.914084  0.00081341
          94   -0.898848   -0.913922 0.000820871
          95   -0.924576   -0.914034 0.000819891
          96   -0.898496   -0.913872 0.000827292
          97   -0.913216   -0.913865 0.000818747
          98   -0.925104    -0.91398 0.000818424
          99   -0.903856   -0.913877 0.000816544
         100   -0.919408   -0.913933 0.000810227
           1   -0.966944   -0.966944           0
           2   -0.955712   -0.961328    0.005616
           3   -0.981824    -0.96816  0.00756237
           4   -0.977936   -0.970604  0.00587944
           5   -0.975952   -0.971674  0.00467811
           6    -0.97704   -0.972568  0.00392298
           7   -0.976176   -0.973083  0.00335535
           8     -0.9612   -0.971598  0.00326348
           9   -0.966032    -0.97098  0.00294381
          10   -0.963632   -0.970245  0.00273362
          11   -0.977136   -0.970871  0.00255078
          12   -0.976944   -0.971377  0.00238289
          13   -0.984384   -0.972378  0.00240949
          14   -0.954864   -0.971127  0.00255758
          15   -0.975296   -0.971405  0.00239715
          16   -0.976896   -0.971748  0.00226844
          17   -0.982688   -0.972392  0.00222588
          18   -0.978736   -0.972744  0.00212798
          19    -0.98128   -0.973193  0.00206239
          20   -0.953936    -0.97223  0.00218065
          21   -0.964736   -0.971874  0.00210469
          22   -0.978832    -0.97219  0.00203151
          23   -0.987664   -0.972863  0.00205446
          24   -0.965552   -0.972558  0.00199044
          25   -0.978416   -0.972792  0.00192349
          26   -0.961328   -0.972351  0.00189991
          27   -0.971008   -0.972302  0.00182886
          28   -0.969504   -0.972202  0.00176517
          29   -0.979264   -0.972445  0.00172053
          30   -0.976288   -0.972573  0.00166712
          31    -0.97504   -0.972653  0.00161441
          32   -0.972912   -0.972661  0.00156317
          33   -0.978016   -0.972823  0.00152372
          34   -0.996256   -0.973512    0.001631
          35   -0.977232   -0.973619  0.00158727
          36    -0.96096   -0.973267  0.00158212
          37   -0.985008   -0.973584  0.00157115
          38   -0.965104   -0.973361  0.00154544
          39    -0.97056   -0.973289    0.001507
          40   -0.980896    -0.97348   0.0014811
          41   -0.959312   -0.973134  0.00148528
          42   -0.958832   -0.972794  0.00148895
          43    -0.97808   -0.972916   0.0014591
          44   -0.971024   -0.972873   0.0014262
          45   -0.975536   -0.972933   0.0013954
          46   -0.985248     -0.9732  0.00139074
          47   -0.982944   -0.973408  0.00137653
          48   -0.974848   -0.973438  0.00134788
          49   -0.974112   -0.973451  0.00132016
          50    -0.95112   -0.973005  0.00136843
          51   -0.985968   -0.973259   0.0013652
          52    -0.97656   -0.973322  0.00134019
          53   -0.976896    -0.97339  0.00131639
          54   -0.976704   -0.973451  0.00129324
          55   -0.969056   -0.973371  0.00127202
          56   -0.979552   -0.973482  0.00125396
          57   -0.973952    -0.97349   0.0012318
          58   -0.970064   -0.973431  0.00121181
          59   -0.972736   -0.973419  0.00119115
          60   -0.960624   -0.973206  0.00119039
          61    -0.95944    -0.97298  0.00119227
          62   -0.964544   -0.972844  0.00118074
          63   -0.984784   -0.973034  0.00117721
          64   -0.962336   -0.972866  0.00117066
          65   -0.986704   -0.973079  0.00117201
          66   -0.973792    -0.97309  0.00115416
          67      -0.976   -0.973134  0.00113764
          68   -0.957232     -0.9729  0.00114492
          69    -0.96608   -0.972801  0.00113252
          70   -0.978976   -0.972889  0.00111971
          71   -0.965248   -0.972782  0.00110906
          72    -0.95896    -0.97259  0.00111027
          73   -0.983984   -0.972746  0.00110602
          74      -0.968   -0.972682  0.00109286
          75   -0.964496   -0.972572   0.0010837
          76   -0.970432   -0.972544  0.00106971
          77   -0.970528   -0.972518  0.00105605
          78   -0.985856   -0.972689  0.00105636
          79   -0.976976   -0.972743  0.00104431
          80   -0.982608   -0.972867  0.00103852
          81   -0.975936   -0.972904  0.00102632
          82   -0.983648   -0.973036  0.00102216
          83   -0.983424   -0.973161   0.0010175
          84   -0.984464   -0.973295  0.00101428
          85   -0.981776   -0.973395  0.00100723
          86   -0.985584   -0.973537  0.00100549
          87    -0.98088   -0.973621 0.000997439
          88   -0.982528   -0.973722  0.00099122
          89    -0.98336   -0.973831 0.000985984
          90    -0.98112   -0.973912 0.000978325
          91   -0.958608   -0.973743 0.000982022
          92    -0.97552   -0.973763 0.000971481
          93   -0.951728   -0.973526 0.000989756
          94   -0.987936   -0.973679 0.000991097
          95    -0.96912   -0.973631 0.000981783
          96   -0.977392    -0.97367 0.000972292
          97   -0.979072   -0.973726 0.000963826
          98   -0.977024    -0.97376 0.000954534
          99   -0.983264   -0.973856 0.000949708
         100   -0.988224   -0.973999 0.000951079
