           1     0.00672     0.00672           0
           2     0.00724     0.00698     0.00026
           3   -0.001168    0.004264  0.00272015
           4   -0.010408    0.000596  0.00414172
           5   -0.000712   0.0003344  0.00321881
           6    0.005688  0.00122667  0.00277548
           7    -0.00188 0.000782857  0.00238732
           8   -0.009032   -0.000444  0.00240409
           9     0.00968 0.000680889  0.00240014
          10     0.00248   0.0008608  0.00215428
          11      0.0016    0.000928  0.00194977
          12    0.013672     0.00199  0.00207265
          13   -0.012808 0.000851692  0.00222052
          14   -0.005416    0.000404  0.00210398
          15   -0.001656 0.000266667  0.00196351
          16    0.013888    0.001118  0.00202441
          17   -0.000976 0.000994824  0.00190558
          18   -0.009792 0.000395556  0.00189391
          19    0.014664  0.00114653   0.0019425
          20    0.011264   0.0016524  0.00191099
          21    0.006672  0.00189143  0.00183336
          22    -0.00556  0.00155273  0.00178055
          23    0.014616   0.0021207  0.00179367
          24    0.015832    0.002692  0.00180985
          25    0.011192    0.003032  0.00176893
          26    -0.00364  0.00277538  0.00171879
          27    0.002192  0.00275378  0.00165405
          28    0.011904  0.00308057  0.00162704
          29    0.014336  0.00346869   0.0016172
          30   -0.015536   0.0028352  0.00168591
          31   -0.020672   0.0020769  0.00179831
          32    0.016224    0.002519  0.00179646
          33    -0.01424  0.00201115  0.00181372
          34   -0.015456  0.00149741  0.00183303
          35   -0.006896   0.0012576  0.00179597
          36   -0.001232  0.00118844  0.00174674
          37    0.006584  0.00133427  0.00170512
          38   -0.008008  0.00108842  0.00167775
          39    -0.02072 0.000529231  0.00172719
          40    0.000384   0.0005256  0.00168346
          41    0.011656 0.000797073  0.00166418
          42   -0.007184 0.000607048  0.00163515
          43     0.00548 0.000720372  0.00160069
          44    0.001664 0.000741818  0.00156404
          45   -0.001232 0.000697956  0.00152951
          46     0.00912 0.000881043  0.00150706
          47    0.005088 0.000970553  0.00147736
          48    0.008016  0.00111733  0.00145368
          49     0.01108  0.00132065  0.00143815
          50   -0.015224  0.00098976  0.00144742
          51    0.002496  0.00101929  0.00141907
          52    0.018344  0.00135246  0.00143084
          53       0.003  0.00138355  0.00140392
          54    0.029168  0.00189807  0.00147063
          55    0.001264  0.00188655  0.00144369
          56    0.008744    0.002009  0.00142295
          57    0.006304  0.00208435  0.00139979
          58     0.00848  0.00219462  0.00137986
          59   -0.008944  0.00200583  0.00136935
          60   -0.000352  0.00196653  0.00134691
          61     0.01776  0.00222544  0.00134971
          62    0.008552  0.00232748  0.00133167
          63     0.00388  0.00235213   0.0013106
          64     0.00084   0.0023285  0.00129017
          65    -0.00644   0.0021936  0.00127731
          66     0.00876  0.00229309  0.00126174
          67   -0.003784  0.00220239  0.00124607
          68   -0.005168    0.002094  0.00123238
          69    0.006352  0.00215571  0.00121596
          70   -0.012736  0.00194297   0.0012172
          71   -0.001872  0.00188924  0.00120113
          72    0.009472  0.00199456  0.00118901
          73   -0.007304  0.00186718   0.0011795
          74    0.013736  0.00202757  0.00117446
          75   -0.010464  0.00186101   0.0011706
          76     0.01112  0.00198284  0.00116151
          77   -0.000632  0.00194888  0.00114682
          78    -0.00296  0.00188595  0.00113377
          79    -0.00032  0.00185803  0.00111968
          80    -0.01736   0.0016178  0.00113139
          81   -0.010992  0.00146212  0.00112813
          82    0.013312  0.00160663  0.00112362
          83    0.008048  0.00168424  0.00111271
          84    0.000776  0.00167343  0.00109943
          85     -0.0222  0.00139256  0.00112214
          86   -0.009704  0.00126353   0.0011165
          87     0.00456  0.00130143  0.00110424
          88   -0.003936  0.00124191  0.00109324
          89   -0.000464  0.00122274  0.00108106
          90     0.00224  0.00123404  0.00106904
          91    -0.00084  0.00121125  0.00105747
          92     0.00164  0.00121591  0.00104592
          93    0.011784  0.00132955  0.00104084
          94     0.00588  0.00137796  0.00103084
          95   -0.000968  0.00135326  0.00102023
          96   -0.007136  0.00126483  0.00101341
          97    0.009216   0.0013468  0.00100626
          98   -0.014224  0.00118792  0.00100853
          99    -0.00224  0.00115329 0.000998891
         100   -0.007816   0.0010636 0.000992911
           1   -0.001184   -0.001184           0
           2     0.00304    0.000928    0.002112
           3   -0.004712   -0.000952  0.00224081
           4    0.000912   -0.000486   0.0016516
           5   -0.010096   -0.002408  0.00230884
           6    0.000888 -0.00185867  0.00196357
           7   -0.007272   -0.002632  0.00183086
           8     0.01744   -0.000123  0.00296802
           9    0.007288 0.000700444  0.00274401
          10     0.02128   0.0027584  0.00320295
          11   -0.000136  0.00249527   0.0029091
          12   -0.005648  0.00181667  0.00274096
          13   -0.002552  0.00148062  0.00254362
          14   -0.013072 0.000441143  0.00257414
          15    0.002216 0.000559467  0.00239931
          16   -0.006776    0.000101   0.0022907
          17     -0.0194 -0.00104612  0.00243841
          18   -0.006672 -0.00135867  0.00232011
          19   -0.004808 -0.00154021   0.0022021
          20    0.003056  -0.0013104   0.0021017
          21   -0.003272 -0.00140381  0.00200129
          22    0.012216-0.000784727  0.00200607
          23    0.000184-0.000742609  0.00191733
          24   -0.008488 -0.00106533  0.00186386
          25   -0.001848 -0.00109664  0.00178802
          26    0.013864-0.000521231  0.00181168
          27   -0.005968-0.000722963  0.00175493
          28    0.006992-0.000447429  0.00171339
          29    0.018712 0.000213241  0.00178037
          30   -0.002424 0.000125333  0.00172225
          31   -0.003008 2.42581e-05  0.00166883
          32   -0.001144  -1.225e-05  0.00161625
          33   -0.006248-0.000201212  0.00157786
          34   -0.012248-0.000555529  0.00157122
          35    0.008624-0.000293257  0.00154805
          36    0.001256-0.000250222  0.00150505
          37      -0.017-0.000702919  0.00153221
          38    0.002488-0.000618947   0.0014937
          39    0.001952-0.000553026  0.00145639
          40   -0.007656  -0.0007306  0.00143058
          41    0.006264    -0.00056  0.00140564
          42    0.007432-0.000369714   0.0013849
          43    0.001232-0.000332465  0.00135282
          44   -0.007528   -0.000496   0.0013318
          45    -0.00316  -0.0005552  0.00130321
          46     0.01332-0.000253565  0.00130977
          47   -0.005456-0.000364255  0.00128637
          48   -0.017008   -0.000711  0.00130616
          49    -0.00356-0.000769143  0.00128054
          50    0.008112 -0.00059152  0.00126718
          51    0.013912-0.000307137  0.00127422
          52    0.001824-0.000266154  0.00125015
          53    0.001752-0.000228075  0.00122693
          54   -0.003672-0.000291852  0.00120568
          55    0.014824-1.70182e-05  0.00121505
          56    -0.02088-0.000389571  0.00124996
          57    -0.00668 -0.00049993  0.00123279
          58    0.004296-0.000417241  0.00121417
          59   -0.004664 -0.00048922  0.00119558
          60    0.012488-0.000272933  0.00119522
          61   -0.011408-0.000455475  0.00118955
          62   -0.005992-0.000544774  0.00117361
          63    -0.00892-0.000677714  0.00116245
          64    0.016832-0.000404125   0.0011764
          65   -0.001688-0.000423877  0.00115833
          66   -0.016816-0.000672242  0.00116737
          67     0.00164-0.000637731  0.00115033
          68    0.015328-0.000402941  0.00115736
          69    0.000424-0.000390957  0.00114052
          70   -0.017848-0.000640343  0.00115144
          71    0.001376-0.000611944  0.00113547
          72    -0.00108-0.000618444   0.0011196
          73    0.016224-0.000387726  0.00112801
          74    -0.00204-0.000410054  0.00111288
          75    0.034552 5.61067e-05  0.00119281
          76    0.009504 0.000180421  0.00118355
          77    0.002688 0.000212987  0.00116854
          78    0.014328 0.000393949  0.00116757
          79    0.012552 0.000547848  0.00116292
          80    0.012232   0.0006939  0.00115754
          81    0.004616 0.000742321  0.00114419
          82    0.014776 0.000913463  0.00114303
          83   -0.010704 0.000773494  0.00113782
          84   -0.015888 0.000575143  0.00114156
          85    0.000368 0.000572706  0.00112805
          86   -0.005312 0.000504279  0.00111695
          87   -0.002496 0.000469793  0.00110458
          88   -0.011048 0.000338909  0.00109977
          89    0.003416 0.000373483  0.00108789
          90    -4.8e-05   0.0003688  0.00107575
          91     0.00384 0.000406945  0.00106454
          92   -0.004992 0.000348261  0.00105454
          93    -0.01252 0.000209892  0.00105228
          94   -0.002648 0.000179489  0.00104147
          95   -0.020144-3.44421e-05  0.00105242
          96    0.004528 1.30833e-05  0.00104248
          97    0.011632 0.000132866  0.00103861
          98   -0.008752 4.22041e-05  0.00103195
          99    0.015648 0.000199838  0.00103356
         100    -0.00284  0.00016944  0.00102363
           1   -0.019792   -0.019792           0
           2   -0.012616   -0.016204    0.003588
           3   -0.005464   -0.012624  0.00413614
           4    0.013352    -0.00613  0.00712221
           5    0.014232  -0.0020576  0.00685711
           6    0.008776   -0.000252  0.00588276
           7   -0.016592 -0.00258629  0.00549255
           8   -0.013912   -0.004002  0.00496289
           9     0.00036 -0.00351733  0.00440361
          10   -0.029208  -0.0060864   0.0047025
          11   -0.019744   -0.007328  0.00443108
          12    0.011864 -0.00572867   0.0043497
          13    -0.00516 -0.00568492  0.00400138
          14   -0.019448   -0.006668  0.00383278
          15   -0.025144 -0.00789973  0.00377474
          16    0.006616  -0.0069925  0.00364564
          17    0.014896 -0.00570494  0.00365853
          18    0.018128 -0.00438089   0.0036947
          19   -0.000544 -0.00417895  0.00350066
          20   -0.001264  -0.0040332  0.00332422
          21    0.006968 -0.00350933  0.00320506
          22    0.021176 -0.00238727  0.00325539
          23   -0.008384   -0.002648  0.00312155
          24   -0.010744 -0.00298533  0.00300763
          25    0.001096 -0.00282208  0.00288943
          26     0.00416 -0.00255354  0.00278904
          27    -9.6e-05 -0.00246252  0.00268529
          28   -0.000688 -0.00239914  0.00258839
          29   -0.016256 -0.00287697  0.00254284
          30    -0.00804 -0.00304907  0.00246264
          31    0.003168 -0.00284852   0.0023903
          32    -0.00492 -0.00291325   0.0023153
          33     0.01096 -0.00249285  0.00228308
          34    0.002784 -0.00233765  0.00222035
          35    -0.00896 -0.00252686  0.00216426
          36    0.000304 -0.00244822  0.00210476
          37     0.03112 -0.00154097  0.00223912
          38   -0.021208 -0.00205853  0.00224001
          39    0.015296 -0.00161354  0.00222673
          40    0.004912  -0.0014504  0.00217647
          41    0.003312 -0.00133424   0.0021259
          42   -0.003328 -0.00138171  0.00207521
          43   -0.006896 -0.00150995  0.00203042
          44   -0.008424 -0.00166709  0.00198996
          45   -0.018464 -0.00204036  0.00198072
          46    0.002992 -0.00193096  0.00194027
          47   -0.005584 -0.00200868  0.00190013
          48    0.013688 -0.00168167  0.00188865
          49   -0.004736   -0.001744  0.00185075
          50    0.011784 -0.00147344  0.00183343
          51    0.012576 -0.00119796  0.00181812
          52    0.015112-0.000884308  0.00181019
          53   -0.002016 -0.00090566  0.00177583
          54     0.00612-0.000775556  0.00174749
          55   -0.004368-0.000840873  0.00171666
          56   -0.001536-0.000853286  0.00168578
          57    0.009056-0.000679439  0.00166504
          58    0.008088-0.000528276  0.00164305
          59    0.004384-0.000445017   0.0016171
          60    0.014144-0.000201867  0.00160841
          61   -0.000384-0.000204852  0.00158182
          62   -0.012704-0.000406452  0.00156911
          63    0.012184-0.000206603  0.00155688
          64     0.00652  -0.0001015  0.00153596
          65    0.006888 6.03077e-06  0.00151596
          66     0.01736  0.00026897   0.0015158
          67      0.0104 0.000420179  0.00150064
          68   -0.005688 0.000330353  0.00148113
          69    0.010488 0.000477565  0.00146692
          70    0.017288 0.000717714  0.00146562
          71   -0.009888 0.000568338  0.00145253
          72   -0.039632       1e-05   0.0015372
          73     0.00264 4.60274e-05  0.00151642
          74   -0.005976-3.53514e-05    0.001498
          75    0.008624 8.01067e-05  0.00148239
          76    0.005688 0.000153895  0.00146462
          77    -0.00368 0.000104104  0.00144633
          78    -0.00168 8.12308e-05  0.00142785
          79    -0.01496-0.000109165  0.00142246
          80    -0.01188  -0.0002563  0.00141225
          81   -0.010616-0.000384198  0.00140056
          82      0.0278-4.04878e-05  0.00142543
          83    0.012432 0.000109783  0.00141615
          84    0.014288 0.000278571  0.00140933
          85   -0.003792 0.000230682  0.00139348
          86   -0.001576 0.000209674  0.00137734
          87    0.002312 0.000233839  0.00136163
          88    0.003048 0.000265818  0.00134645
          89    -0.00856 0.000166652  0.00133492
          90   -0.008432 7.11111e-05  0.00132346
          91    0.015424 0.000239824  0.00131966
          92    -0.00396 0.000194174  0.00130604
          93   -0.016976 9.54839e-06  0.00130505
          94    0.007184 8.58723e-05  0.00129334
          95    0.021056 0.000306611  0.00129855
          96   -0.016944 0.000126917  0.00129746
          97    0.006288 0.000190433  0.00128558
          98     -0.0008 0.000180327  0.00127244
          99    0.002856 0.000207354  0.00125981
         100    0.005944  0.00026472  0.00124847
           1     -0.0114     -0.0114           0
           2    0.006296   -0.002552    0.008848
           3       0.007    0.000632  0.00601943
           4    -0.01428   -0.003096  0.00565816
           5   -0.010216    -0.00452  0.00460832
           6    0.003904   -0.003116  0.00401609
           7   -0.020304 -0.00557143  0.00418925
           8   -0.015664   -0.006833  0.00384108
           9   -0.005296 -0.00666222  0.00339182
          10    0.000248  -0.0059712  0.00311144
          11   -0.007784   -0.006136  0.00281923
          12   -0.002208 -0.00580867  0.00259432
          13    -0.02188 -0.00704492  0.00268763
          14    -0.00804   -0.007116  0.00248928
          15   -0.013272  -0.0075264  0.00235345
          16    0.001904   -0.006937  0.00227899
          17    0.003448 -0.00632612  0.00222619
          18    0.012904 -0.00525778  0.00235513
          19   -0.021288 -0.00610147  0.00238214
          20    0.015336  -0.0050296  0.00250121
          21    0.002064 -0.00469181  0.00240298
          22    0.005696 -0.00421964   0.0023393
          23    0.013616 -0.00344417  0.00236597
          24    -0.04232   -0.005064  0.00278481
          25     0.00708 -0.00457824  0.00271491
          26   -0.009664 -0.00477385  0.00261572
          27   -0.001384  -0.0046483  0.00252011
          28   -0.020056 -0.00519857     0.00249
          29   -0.015488 -0.00555338  0.00242867
          30     0.01324 -0.00492693   0.0024285
          31   -0.036248 -0.00593729  0.00255694
          32    -0.01408 -0.00619175  0.00248879
          33    -0.00412 -0.00612897  0.00241301
          34    0.029288 -0.00508729  0.00256227
          35   -0.017856 -0.00545211  0.00251459
          36   -0.006568 -0.00548311  0.00244393
          37      0.0246 -0.00467005  0.00251218
          38   -0.007312 -0.00473958  0.00244616
          39    0.003568 -0.00452656  0.00239212
          40   -0.003304   -0.004496  0.00233175
          41   -0.006864 -0.00455376   0.0022749
          42    0.007336 -0.00427067  0.00223805
          43   -0.007184 -0.00433842  0.00218643
          44   -0.004984 -0.00435309  0.00213621
          45    -0.00676 -0.00440658  0.00208889
          46   -0.012064 -0.00457304  0.00204974
          47    -0.02272 -0.00495915  0.00204248
          48      0.0404 -0.00401417  0.00221154
          49    0.018752 -0.00354955  0.00221521
          50    0.017048  -0.0031376   0.0022092
          51    0.014832 -0.00278525  0.00219393
          52   -0.006728 -0.00286108  0.00215266
          53   -0.020776 -0.00319909  0.00213853
          54    0.010032 -0.00295407  0.00211281
          55   -0.019504 -0.00325498  0.00209576
          56   -0.026352 -0.00366743  0.00209891
          57    0.012472 -0.00338428  0.00208111
          58   -0.003544 -0.00338703  0.00204492
          59    0.001448 -0.00330508  0.00201163
          60   -0.012528  -0.0034588  0.00198378
          61     0.00288 -0.00335489  0.00195376
          62   -0.032464 -0.00382439   0.0019785
          63    0.008632 -0.00362667  0.00195686
          64     0.01096 -0.00339875  0.00193948
          65   -0.029168  -0.0037952  0.00195013
          66    0.007984 -0.00361673  0.00192863
          67    0.027824 -0.00314746  0.00195673
          68    0.000656 -0.00309153  0.00192855
          69    0.003184 -0.00300058  0.00190257
          70   -0.008184 -0.00307463  0.00187666
          71    0.014232 -0.00283087  0.00186602
          72   -0.018224 -0.00304467   0.0018523
          73   -0.005088 -0.00307266  0.00182697
          74      0.0042 -0.00297438  0.00180479
          75    0.016072 -0.00272043  0.00179858
          76   -0.003144   -0.002726  0.00177477
          77    0.006784 -0.00260249  0.00175591
          78   -0.013472 -0.00274185  0.00173885
          79     0.01292 -0.00254359  0.00172811
          80   -0.012472  -0.0026677  0.00171088
          81    -0.01536  -0.0028244  0.00169687
          82    0.031992  -0.0023998    0.001729
          83    0.013488 -0.00220839  0.00171873
          84     0.00952 -0.00206876  0.00170388
          85    0.004736 -0.00198871  0.00168561
          86    -0.00612 -0.00203674  0.00166659
          87    0.008784 -0.00191237  0.00165201
          88     -0.0056 -0.00195427  0.00163367
          89    0.015952 -0.00175308  0.00162769
          90   -0.014976     -0.0019  0.00161619
          91    0.025192 -0.00160229  0.00162583
          92    0.009896  -0.0014773  0.00161291
          93    0.002464 -0.00143492  0.00159603
          94    0.016592 -0.00124315  0.00159057
          95   -0.028104 -0.00152589  0.00159893
          96     0.00944 -0.00141167  0.00158631
          97    0.019248 -0.00119868  0.00158425
          98    -0.02948 -0.00148727  0.00159434
          99   -0.011136 -0.00158473  0.00158116
         100    0.018176 -0.00138712  0.00157769
           1    -0.02968    -0.02968           0
           2    -0.00964    -0.01966     0.01002
           3    -0.00136    -0.01356  0.00840695
           4    -0.00708    -0.01194   0.0061614
           5    -0.02656   -0.014864  0.00559709
           6   -0.018864  -0.0155307  0.00461838
           7   -0.001384  -0.0135097   0.0043954
           8   -0.020456   -0.014378   0.0039043
           9    0.012432  -0.0113991  0.00455301
          10    0.007176  -0.0095416  0.00447597
          11   -0.004912 -0.00912073  0.00407048
          12    0.029576   -0.005896  0.00491998
          13    0.025968 -0.00344492  0.00514684
          14    0.006384 -0.00274286  0.00481649
          15   -0.010736 -0.00327573  0.00451546
          16   -0.001112  -0.0031405  0.00422599
          17    0.000864 -0.00290494  0.00397661
          18     0.00472 -0.00248133  0.00377304
          19     0.03304-0.000611789  0.00402896
          20    -0.00296  -0.0007292  0.00382401
          21   -0.028432 -0.00204838  0.00386919
          22   -0.017048 -0.00273018   0.0037516
          23     0.00212  -0.0025193  0.00359097
          24   -0.006528 -0.00268633  0.00344215
          25    0.005168 -0.00237216  0.00331651
          26   -0.006936 -0.00254769  0.00319123
          27   -0.001784 -0.00251941  0.00307089
          28   -0.004432 -0.00258771  0.00295998
          29     0.00092 -0.00246676  0.00285864
          30   -0.022632 -0.00313893  0.00284234
          31    0.030744 -0.00204594  0.00295843
          32   -0.031776   -0.002975  0.00301139
          33    0.001848 -0.00282885  0.00292236
          34    0.005248 -0.00259129  0.00284504
          35    0.005328 -0.00236503  0.00277181
          36   -0.002576 -0.00237089  0.00269372
          37    0.006112 -0.00214162  0.00262992
          38    0.005864 -0.00193095  0.00256843
          39   -0.017528 -0.00233087  0.00253347
          40    0.017136  -0.0018442  0.00251682
          41    0.015544  -0.0014201  0.00249104
          42    0.015856 -0.00100876  0.00246556
          43   -0.000776 -0.00100335  0.00240754
          44    0.001688-0.000942182  0.00235299
          45     -0.0048 -0.00102791   0.0023017
          46   -0.001784 -0.00104435  0.00225117
          47    -0.01856 -0.00141702  0.00223405
          48   -0.005872 -0.00150983  0.00218898
          49       0.007 -0.00133616  0.00215087
          50    0.041712  -0.0004752   0.0022765
          51     -0.0084-0.000630588  0.00223682
          52    -0.01252-0.000859231  0.00220526
          53    0.009248-0.000668528  0.00217164
          54    0.016088-0.000358222  0.00215352
          55    0.010104   -0.000168  0.00212255
          56   -0.001672-0.000194857  0.00208447
          57   -0.010512 -0.00037586  0.00205556
          58    0.017984-5.93103e-05  0.00204446
          59     0.00144-3.38983e-05  0.00200967
          60     -0.0174-0.000323333  0.00199698
          61    0.025208 9.52131e-05  0.00200808
          62    0.015224 0.000339226  0.00199043
          63   -0.016016  7.9619e-05  0.00197572
          64   -0.003704    2.05e-05   0.0019455
          65   -0.004664-5.15692e-05  0.00191669
          66    0.007296 5.97576e-05  0.00189071
          67   -0.023952-0.000298627  0.00189644
          68   -0.025848-0.000674353  0.00190575
          69    0.018328-0.000398957  0.00189802
          70   -0.027848-0.000791086  0.00191136
          71     0.00512-0.000707831  0.00188609
          72   -0.004312-0.000757889  0.00186038
          73    0.006672 -0.00065611  0.00183754
          74    0.017208-0.000414703  0.00182854
          75     0.02592-6.35733e-05  0.00183785
          76    0.018224 0.000177053   0.0018294
          77    0.012432 0.000336208  0.00181249
          78   -0.034416-0.000109333  0.00184374
          79    0.027168 0.000235949  0.00185271
          80   -0.009848   0.0001099  0.00183375
          81     0.01164 0.000252247  0.00181655
          82    0.002152 0.000275415  0.00179441
          83     0.02316 0.000551133  0.00179397
          84   -0.000184 0.000542381  0.00177251
          85    0.013008 0.000689035  0.00175766
          86   -0.011856 0.000543163  0.00174322
          87    0.033888 0.000926437  0.00176518
          88     0.01392  0.00107409  0.00175124
          89    0.013744  0.00121645  0.00173729
          90    0.004864  0.00125698  0.00171836
          91   -0.042392 0.000777319  0.00176577
          92    0.006952 0.000844435  0.00174776
          93    0.037256  0.00123596  0.00177264
          94   -0.024072 0.000966723  0.00177423
          95     0.01556  0.00112034  0.00176216
          96   -0.007976  0.00102558  0.00174628
          97    0.011976  0.00113847  0.00173187
          98    0.023128  0.00136286  0.00172873
          99     0.00676  0.00141737  0.00171205
         100   -0.015136  0.00125184   0.0017029
           1   -0.085432   -0.085432           0
           2   -0.000776   -0.043104    0.042328
           3    0.046256  -0.0133173   0.0385288
           4    0.010352     -0.0074   0.0278792
           5    0.022144  -0.0014912   0.0223889
           6     0.03372  0.00437733   0.0191993
           7    0.029808  0.00801029   0.0166281
           8    -0.02036    0.004464   0.0148306
           9   -0.038592    -0.00032   0.0139268
          10   -0.014952  -0.0017832   0.0125422
          11    0.040784  0.00208655   0.0119867
          12     0.03016    0.004426   0.0111896
          13     0.01332  0.00511015   0.0103156
          14    0.022976  0.00638629  0.00963529
          15   -0.064152  0.00168373   0.0101279
          16   -0.024192    6.65e-05  0.00961082
          17   -0.005264-0.000247059  0.00903324
          18    0.003672-2.93333e-05   0.0085194
          19   -0.008992-0.000501053  0.00807234
          20   -0.036968  -0.0023244  0.00787217
          21      0.0218 -0.00117562  0.00757553
          22     0.00588-0.000854909  0.00723011
          23   -0.020624 -0.00171443  0.00696187
          24   -0.013144 -0.00219067  0.00668247
          25   -0.010024   -0.002504  0.00641726
          26    0.006504 -0.00215754  0.00617523
          27   -0.031328 -0.00323793  0.00603953
          28     0.04996   -0.001338  0.00612211
          29      0.0304-0.000243586  0.00600776
          30     0.01624 0.000305867     0.00583
          31    0.033264  0.00136903  0.00573815
          32    0.026864  0.00216575  0.00561277
          33    0.040136  0.00331636  0.00556038
          34   -0.034904  0.00219224  0.00551024
          35   -0.028688  0.00130994  0.00542275
          36   -0.017416 0.000789778  0.00529557
          37    0.014408  0.00115784   0.0051636
          38    0.015912  0.00154611  0.00504085
          39   -0.012304  0.00119097  0.00492272
          40   -0.003368    0.001077  0.00479943
          41    -0.02828 0.000360976  0.00473536
          42    0.035936    0.001208  0.00469822
          43    0.040904  0.00213116  0.00467962
          44    0.022584    0.002596   0.0045956
          45     0.01276  0.00282187  0.00449799
          46   -0.010664   0.0025287  0.00440887
          47    0.014208  0.00277719   0.0043212
          48    0.011664  0.00296233  0.00423427
          49   -0.017288  0.00254906  0.00416749
          50   -0.012792  0.00224224  0.00409481
          51    0.025584  0.00269992  0.00403972
          52   -0.024864  0.00216985  0.00399658
          53   -0.030296  0.00155728  0.00396802
          54    0.022512  0.00194533  0.00391313
          55   -0.010456  0.00171985  0.00384794
          56    0.023944  0.00211671  0.00379938
          57    0.028064  0.00257193  0.00375979
          58    0.005664  0.00262524  0.00369478
          59      0.0262  0.00302481  0.00365353
          60    0.011504  0.00316613   0.0035949
          61    0.024952  0.00352328  0.00355347
          62    0.025256  0.00387381  0.00351322
          63    0.012576  0.00401194  0.00345976
          64    0.035184    0.004499  0.00343993
          65   -0.008864  0.00429342  0.00339283
          66   -0.026152  0.00383212  0.00337272
          67   -0.015504  0.00354352  0.00333452
          68   -0.013992  0.00328565  0.00329522
          69    0.023152  0.00357357  0.00325985
          70   -0.021808  0.00321097  0.00323334
          71   -0.005504  0.00308823  0.00318984
          72   -0.033576    0.002579  0.00318618
          73   -0.002176  0.00251386   0.0031429
          74     0.00608  0.00256205  0.00310051
          75     0.02728  0.00289163   0.0030766
          76    0.027896  0.00322063  0.00305362
          77    0.046856  0.00378732  0.00306652
          78   -0.005648  0.00366636  0.00302937
          79   -0.010552  0.00348638  0.00299619
          80    0.024992   0.0037552  0.00297068
          81    0.001952  0.00373294  0.00293386
          82    0.005752  0.00375756  0.00289797
          83    -0.00672  0.00363133  0.00286562
          84    0.023392  0.00386657  0.00284106
          85      -0.023  0.00355049  0.00282517
          86    0.010168  0.00362744  0.00279319
          87   -0.003728   0.0035429  0.00276219
          88   -0.002656  0.00347245  0.00273153
          89    -0.00636  0.00336198  0.00270292
          90    0.002936  0.00335724  0.00267273
          91    0.018368   0.0035222  0.00264833
          92    0.004448  0.00353226  0.00261941
          93    0.006704  0.00356637  0.00259132
          94    0.018488  0.00372511  0.00256851
          95       0.057  0.00428589  0.00260247
          96     8.8e-05  0.00424217  0.00257559
          97   -0.004408  0.00415299  0.00255046
          98    0.004288  0.00415437   0.0025243
          99    0.022768  0.00434238  0.00250573
         100     -0.0332  0.00396696   0.0025088
           1    -0.01092    -0.01092           0
           2   -0.085616   -0.048268    0.037348
           3    0.026304  -0.0234107   0.0329066
           4     0.01112   -0.014778   0.0248182
           5    0.047032   -0.002416   0.0228558
           6   -0.028504   -0.006764   0.0191615
           7    0.047048 0.000923429   0.0179264
           8    0.023928    0.003799   0.0157888
           9    0.033592  0.00710933   0.0143125
          10   -0.031224    0.003276   0.0133631
          11    0.015848  0.00441891   0.0121413
          12    0.001376  0.00416533   0.0110863
          13    -0.01452    0.002728   0.0102987
          14    0.015152  0.00361543  0.00957598
          15   -0.006584  0.00293547  0.00894064
          16    0.002384    0.002901  0.00836328
          17    0.021256  0.00398071  0.00792978
          18   -0.064792     0.00016  0.00839597
          19     0.00536 0.000433684  0.00794651
          20   -0.005016   0.0001612  0.00754365
          21    0.011888 0.000719619  0.00719713
          22    0.009664  0.00112618  0.00687423
          23   -0.029976-0.000226087  0.00670631
          24    0.048952    0.001823  0.00673984
          25   -0.016856  0.00107584  0.00650766
          26   -0.014584 0.000473538   0.0062813
          27   -0.027256-0.000553481  0.00613082
          28    0.005528-0.000336286   0.0059118
          29   -0.043936 -0.00183972   0.0058991
          30    -0.00216  -0.0018504  0.00569908
          31   -0.054752  -0.0035569  0.00577029
          32     0.01924  -0.0028445  0.00563229
          33   -0.017648 -0.00329309  0.00547735
          34    0.006656 -0.00300047  0.00532186
          35   -0.020296 -0.00349463  0.00519115
          36    0.010688 -0.00310067  0.00506025
          37    0.046696 -0.00175481  0.00510228
          38    0.035712-0.000768842  0.00506313
          39   -0.021488  -0.0013001  0.00496013
          40   -0.011544  -0.0015562  0.00484131
          41   -0.000504 -0.00153054  0.00472183
          42   -0.023944 -0.00206419  0.00463883
          43   -0.017392 -0.00242065  0.00454367
          44   -0.051008 -0.00352491  0.00457448
          45    0.021016 -0.00297956  0.00450481
          46   -0.027952 -0.00352243  0.00443911
          47    -0.00964  -0.0036526  0.00434558
          48   -0.039304 -0.00439533  0.00431844
          49    0.031408 -0.00366465  0.00429204
          50   -0.001472  -0.0036208  0.00420555
          51    0.014008 -0.00327514  0.00413673
          52   -0.027136   -0.003734  0.00408227
          53    0.020688 -0.00327321  0.00403093
          54     0.00236 -0.00316889  0.00395695
          55   -0.019848 -0.00347215  0.00389616
          56    -0.00464   -0.003493  0.00382601
          57   -0.006488 -0.00354554  0.00375866
          58   -0.002944 -0.00353517   0.0036933
          59    -0.00312 -0.00352814  0.00363017
          60    0.006904 -0.00335427  0.00357339
          61    0.012384 -0.00309626  0.00352378
          62    -0.02972 -0.00352568  0.00349297
          63    0.006104 -0.00337283  0.00344048
          64   -0.041432  -0.0039675  0.00343811
          65    0.048568 -0.00315926  0.00347996
          66    -0.04996 -0.00386836  0.00349943
          67    0.044976 -0.00313934  0.00352306
          68     0.06652 -0.00211494  0.00361888
          69    0.035016 -0.00157681  0.00360642
          70     0.07232-0.000521143  0.00370797
          71   -0.034072 -0.00099369  0.00368579
          72     -0.0126 -0.00115489  0.00363782
          73    0.000496 -0.00113227  0.00358771
          74    -0.01616 -0.00133535  0.00354471
          75    0.027368 -0.00095264  0.00351801
          76    0.026976-0.000585158  0.00349081
          77     0.00272-0.000542234  0.00344544
          78    0.005712-0.000462051  0.00340193
          79    0.043296 9.18481e-05  0.00340396
          80   -0.045832  -0.0004822  0.00340981
          81    0.019032-0.000241284  0.00337606
          82     0.04728 0.000338244  0.00338461
          83   -0.017952  0.00011788  0.00335084
          84    0.083336  0.00110857  0.00345576
          85   -0.013648 0.000934965  0.00341927
          86   -0.033688 0.000532372  0.00340318
          87    0.011824 0.000662161  0.00336633
          88   -0.026232 0.000356545  0.00334186
          89   -0.054744-0.000262562   0.0033616
          90   -0.005384-0.000319467  0.00332453
          91   -0.013896-0.000468659  0.00329118
          92     0.01016 -0.00035313  0.00325726
          93    0.025568-7.44086e-05  0.00323407
          94   -0.006944-0.000147489  0.00320032
          95   -0.003152-0.000179116  0.00316661
          96   -0.004848 -0.00022775  0.00313383
          97    0.034312  0.00012833  0.00312173
          98    0.012536 0.000254939   0.0030923
          99    -0.02096 4.06465e-05   0.0030684
         100    0.047888  0.00051912  0.00307501
           1     -0.0026     -0.0026           0
           2    -0.03952    -0.02106     0.01846
           3   -0.040232  -0.0274507    0.012427
           4   -0.001024   -0.020844   0.0109938
           5   -0.018704   -0.020416  0.00852651
           6    0.035128  -0.0111587    0.011583
           7   -0.022096  -0.0127211  0.00991333
           8   -0.017696   -0.013343  0.00860768
           9   -0.107392  -0.0237929   0.0129162
          10   -0.079856  -0.0293992   0.0128411
          11    0.011768  -0.0256567   0.0122032
          12   -0.033232   -0.026288   0.0111578
          13   -0.028968  -0.0264942   0.0102658
          14    -0.05548  -0.0285646  0.00972716
          15    0.047944   -0.023464   0.0103932
          16    -0.01824  -0.0231375  0.00972739
          17   -0.008008  -0.0222475  0.00918053
          18   -0.025456  -0.0224258  0.00865733
          19    0.068208  -0.0176556  0.00947706
          20    0.038312  -0.0148572  0.00941616
          21   -0.042976  -0.0161962  0.00905609
          22   -0.077592  -0.0189869  0.00907443
          23    0.060616  -0.0155259  0.00933613
          24   -0.019296   -0.015683  0.00894004
          25    0.066616   -0.012391  0.00918517
          26    0.038392  -0.0104378  0.00903839
          27    0.014504 -0.00951407  0.00874612
          28   -0.001456 -0.00922629  0.00843288
          29    0.026776 -0.00798483  0.00823106
          30    -0.00076   -0.007744  0.00795561
          31     0.02048 -0.00683355  0.00774837
          32   -0.042304   -0.007942  0.00758377
          33   -0.003088 -0.00779491  0.00735184
          34   -0.072504 -0.00969812   0.0073819
          35    -0.01184 -0.00975931  0.00716814
          36   -0.027936  -0.0102642  0.00698446
          37   -0.034248  -0.0109124  0.00682392
          38    0.006064  -0.0104657  0.00665693
          39    0.014024 -0.00983774  0.00651432
          40   -0.021624  -0.0101324  0.00635621
          41   -0.005248  -0.0100133  0.00620039
          42    0.047248  -0.0086499  0.00620265
          43    -0.09144  -0.0105753  0.00635535
          44    0.004176    -0.01024  0.00621827
          45   -0.003744  -0.0100956  0.00608023
          46   -0.045216  -0.0108591  0.00599539
          47    0.073744 -0.00905906   0.0061364
          48    0.011656  -0.0086275  0.00602268
          49    -0.00616 -0.00857714   0.0058987
          50    0.015312 -0.00809936  0.00579924
          51    0.024392 -0.00746227  0.00571998
          52   -0.017032 -0.00764631  0.00561192
          53      0.0124 -0.00726808    0.005518
          54     0.02608 -0.00665052  0.00544995
          55    0.034832 -0.00589629  0.00540285
          56   -0.046888 -0.00662829  0.00535575
          57    0.041504 -0.00578386  0.00532829
          58    0.021792 -0.00530841  0.00525716
          59    0.048776 -0.00439173  0.00524797
          60    0.035648  -0.0037244  0.00520273
          61    0.063984 -0.00261443  0.00523574
          62     0.01124 -0.00239097  0.00515545
          63   -0.047496 -0.00310692  0.00512323
          64    0.006608 -0.00295513  0.00504482
          65    0.050416 -0.00213403  0.00503402
          66   -0.035448 -0.00263879  0.00498279
          67    0.035528 -0.00206913  0.00494081
          68    0.028696 -0.00161671  0.00488859
          69    0.006232 -0.00150296  0.00481856
          70   -0.034216 -0.00197029  0.00477216
          71    0.055472 -0.00116124  0.00477353
          72    0.009992 -0.00100633  0.00470931
          73   -0.036896 -0.00149797   0.0046703
          74   -0.028328 -0.00186054    0.004621
          75    0.079904-0.000770347  0.00468751
          76    0.117432 0.000784947  0.00487991
          77   -0.016176 0.000564675  0.00482115
          78   -0.022304 0.000271487  0.00476796
          79   -0.029448-0.000104709  0.00472223
          80    0.017248   0.0001122  0.00466787
          81      0.0042 0.000162667  0.00461016
          82    0.073312  0.00105473  0.00464014
          83     0.06968  0.00188154  0.00465787
          84   -0.052056  0.00123943  0.00464666
          85   -0.089544 0.000171388  0.00471425
          86     0.00448 0.000221488  0.00465938
          87    0.069672  0.00101977  0.00467418
          88    0.025328    0.001296  0.00462901
          89   -0.081192 0.000369169  0.00466961
          90   -0.017312 0.000172711  0.00462161
          91   -0.029472-0.000153055  0.00458214
          92   -0.051752-0.000713913  0.00456663
          93   -0.016824 -0.00088714  0.00452058
          94     0.04316-0.000418553  0.00449671
          95   -0.007872-0.000497011  0.00444982
          96    0.002032-0.000470667   0.0044033
          97   -0.053808 -0.00102054  0.00439222
          98    0.046496-0.000535673  0.00437413
          99    0.017936-0.000349091  0.00433374
         100    0.025168  -9.392e-05  0.00429777
           1    -0.12832    -0.12832           0
           2    0.041616   -0.043352    0.084968
           3    0.025216   -0.020496   0.0541195
           4     0.19136    0.032468   0.0653425
           5   -0.059432    0.014088    0.053848
           6   -0.096424 -0.00433067   0.0476689
           7    0.047312  0.00304686   0.0409575
           8   -0.016008    0.000665   0.0355501
           9    0.055944  0.00680711   0.0319482
          10   -0.056552   0.0004712   0.0292693
          11    -0.16116  -0.0142225   0.0302793
          12     0.09824 -0.00485067   0.0291867
          13   -0.052864   -0.008544   0.0271007
          14    0.027536 -0.00596686   0.0252224
          15   -0.018488  -0.0068016   0.0234956
          16    0.071432   -0.001912   0.0225155
          17     0.08396  0.00313929   0.0217444
          18    -0.02024  0.00184044    0.020542
          19     0.04484  0.00410358   0.0195621
          20   -0.126776  -0.0024404   0.0196782
          21   -0.025704 -0.00354819   0.0187505
          22   -0.130488 -0.00931818   0.0187859
          23    0.162784 -0.00183548   0.0194477
          24   -0.016848   -0.002461   0.0186303
          25    0.055592 -0.00013888   0.0180198
          26    0.121224  0.00452892   0.0179311
          27    0.084456  0.00748919   0.0175063
          28    0.108824   0.0111083   0.0172533
          29    -0.10252  0.00719007   0.0171026
          30    0.010352  0.00729547    0.016523
          31   -0.049904  0.00545032   0.0160873
          32    0.086296  0.00797675     0.01578
          33    0.142488   0.0120528   0.0158282
          34    0.087384   0.0142685   0.0155147
          35    0.006904   0.0140581   0.0150663
          36   -0.032664   0.0127602   0.0146992
          37     0.07924    0.014557   0.0144089
          38    0.098664   0.0167703   0.0141982
          39   -0.033872   0.0154718   0.0138902
          40    0.013392   0.0154198   0.0135386
          41    -0.07244   0.0132769    0.013377
          42   -0.001016   0.0129366    0.013059
          43    0.220416   0.0177617   0.0136341
          44   -0.052544   0.0161638   0.0134161
          45   -0.124736   0.0130327   0.0134832
          46    0.010016   0.0129671    0.013187
          47   -0.011264   0.0124516   0.0129136
          48    0.083864   0.0139393    0.012729
          49   -0.073024   0.0121646   0.0125922
          50    0.063024   0.0131818   0.0123796
          51    0.090224   0.0146924   0.0122281
          52   -0.065864   0.0131432   0.0120903
          53    0.110256   0.0149755   0.0120007
          54    0.016424   0.0150024   0.0117764
          55   -0.188352    0.011305   0.0121372
          56   -0.036024   0.0104599   0.0119484
          57    0.094192   0.0119288   0.0118285
          58   -0.267136  0.00711738   0.0125793
          59     0.06012  0.00801573   0.0123969
          60    0.092928  0.00943093   0.0122704
          61    0.190672   0.0124021   0.0124279
          62    0.008664   0.0123418    0.012226
          63    0.008824    0.012286   0.0120305
          64    0.020704   0.0124175   0.0118418
          65   -0.045528    0.011526   0.0116922
          66   -0.172144  0.00874315   0.0118452
          67   -0.021592  0.00829039   0.0116759
          68   -0.067104  0.00718165   0.0115562
          69   -0.051608  0.00632962   0.0114193
          70     0.10836   0.0077872    0.011349
          71   -0.012592  0.00750017   0.0111917
          72    0.075256  0.00844122   0.0110752
          73    -0.07132   0.0073486   0.0109769
          74    0.061048  0.00807427   0.0108519
          75   -0.051104  0.00728523   0.0107352
          76   -0.046216  0.00658126   0.0106164
          77   -0.033296  0.00606338   0.0104904
          78   -0.007048  0.00589528   0.0103564
          79    0.057928  0.00655392   0.0102457
          80    0.147128   0.0083111   0.0102683
          81      0.0106  0.00833936   0.0101407
          82    0.023056  0.00851883   0.0100179
          83    0.076344    0.009336  0.00993016
          84   -0.064872  0.00845257  0.00985092
          85   -0.024952  0.00805958  0.00974227
          86   -0.080928  0.00702484  0.00968376
          87   -0.085104  0.00596589  0.00963021
          88    0.057752  0.00655436  0.00953831
          89    0.011784  0.00661312  0.00943072
          90   -0.085336  0.00559147  0.00938114
          91      0.0768  0.00637398  0.00931042
          92     0.09828  0.00737296  0.00926269
          93    0.079912  0.00815295  0.00919569
          94   -0.044208  0.00759591  0.00911437
          95   -0.064824   0.0068336  0.00905009
          96   -0.072048  0.00601192  0.00899294
          97   -0.152592  0.00437682   0.0090487
          98   -0.110048  0.00320922  0.00903168
          99    0.026376  0.00344323  0.00894305
         100    -0.00436   0.0033652  0.00885351
           1   -0.371768   -0.371768           0
           2   -0.127928   -0.249848     0.12192
           3   -0.175288   -0.224995   0.0746493
           4    0.218576   -0.114102    0.122815
           5    0.116328   -0.068016    0.105707
           6   -0.243832  -0.0973187   0.0911481
           7   -0.141304   -0.103602     0.07729
           8    0.179232   -0.068248   0.0756983
           9    0.020584  -0.0583778   0.0674853
          10    0.138752  -0.0386648   0.0634982
          11    0.103872  -0.0257069   0.0588798
          12    0.111888  -0.0142407   0.0549591
          13    0.127536 -0.00333477    0.051718
          14   -0.080728 -0.00886286   0.0481996
          15   -0.013712 -0.00918613   0.0448725
          16   -0.016856  -0.0096655   0.0419772
          17     0.39392   0.0140748   0.0460259
          18     -0.3896 -0.00835156   0.0488462
          19    0.268584    0.006224   0.0484483
          20    0.184632   0.0151444   0.0468198
          21    0.319328   0.0296293   0.0468309
          22    0.131344   0.0342527   0.0448902
          23     0.03408   0.0342452   0.0428941
          24    0.184928   0.0405237   0.0415451
          25    0.426104   0.0559469   0.0427293
          26   -0.561432   0.0322015   0.0474256
          27   -0.112896   0.0268276   0.0459507
          28     0.24076    0.034468   0.0449335
          29   -0.110416    0.029472   0.0436433
          30   -0.010712   0.0281325   0.0421847
          31    0.245344   0.0351394   0.0413985
          32   -0.367896   0.0225445   0.0420161
          33    0.033392   0.0228732   0.0407243
          34    0.419496   0.0345386   0.0411946
          35    0.323224   0.0427867   0.0408418
          36    0.255624   0.0486989    0.040129
          37    0.005488    0.047531   0.0390468
          38   -0.010464   0.0460048    0.038036
          39   -0.140408    0.041225    0.037355
          40   -0.226896    0.034522    0.037021
          41    0.449096   0.0446336   0.0374959
          42    0.362104   0.0521924   0.0373648
          43    0.059712   0.0523673   0.0364859
          44   -0.189648   0.0468669   0.0360689
          45    0.281184    0.052074   0.0356407
          46    0.021248   0.0514038   0.0348637
          47    -0.26588   0.0446531   0.0347754
          48   -0.179024   0.0399932   0.0343607
          49    0.254056   0.0443618   0.0339345
          50    -0.04088    0.042657   0.0332926
          51     0.24912   0.0467053   0.0328834
          52   -0.155488   0.0428169   0.0324784
          53    -0.09148    0.040283   0.0319603
          54   -0.047392   0.0386594   0.0314049
          55    0.208008   0.0417385    0.030982
          56   -0.275544   0.0360727   0.0309468
          57   -0.062728   0.0343394   0.0304484
          58    0.187824   0.0369857   0.0300356
          59      0.2084    0.039891   0.0296647
          60     0.20144   0.0425835   0.0292902
          61    0.140648   0.0441911   0.0288508
          62    0.093064   0.0449794   0.0283926
          63   -0.283744   0.0397615   0.0284214
          64    0.490984   0.0468119   0.0288485
          65     0.01888   0.0463822   0.0284045
          66   -0.059712   0.0447747    0.028017
          67    0.081968   0.0453298   0.0276012
          68    0.404624   0.0506135   0.0277009
          69     0.18428   0.0525507   0.0273651
          70    -0.18468   0.0491617   0.0271834
          71   -0.131512    0.046617   0.0269184
          72   -0.329856   0.0413882    0.027052
          73   -0.082064   0.0396971   0.0267324
          74   -0.054448   0.0384249   0.0263994
          75   -0.053208   0.0372031   0.0260736
          76   -0.019208   0.0364608    0.025739
          77   -0.427872   0.0304305   0.0261085
          78   -0.031864   0.0296319   0.0257839
          79   -0.185752   0.0269055   0.0256011
          80   -0.164728   0.0245101   0.0253923
          81    0.527064   0.0307145   0.0258329
          82    0.304952   0.0340588   0.0257342
          83    0.144864   0.0353938   0.0254573
          84   -0.032008   0.0345914   0.0251652
          85    0.472824   0.0397471   0.0253962
          86    0.337104   0.0432047   0.0253362
          87    0.060488   0.0434034   0.0250441
          88   -0.243384   0.0401445   0.0249714
          89    -0.18288   0.0376386   0.0248161
          90    -0.13312   0.0357412   0.0246121
          91    0.050328   0.0359015   0.0243406
          92    0.168304   0.0373407   0.0241176
          93   -0.066696    0.036222    0.023883
          94   -0.094328   0.0348332   0.0236684
          95    0.058296   0.0350802   0.0234192
          96    0.078208   0.0355294   0.0231783
          97    0.361416   0.0388891   0.0231829
          98    0.296328    0.041516    0.023095
          99   -0.259008   0.0384804   0.0230612
         100    0.161152   0.0397071   0.0228623
           1    0.171264    0.171264           0
           2     0.50024    0.335752    0.164488
           3    0.552088    0.407864    0.119243
           4    0.815136    0.509682    0.132198
           5   -0.537328     0.30028    0.233099
           6   -0.274912    0.204415    0.213104
           7    0.456912    0.240486    0.183683
           8    -0.44108     0.15529    0.180452
           9   -0.530112   0.0791342    0.176427
          10   -0.587816   0.0124392    0.171316
          11   -0.467072  -0.0311527    0.160976
          12   -0.735968  -0.0898873    0.158254
          13   -0.225112   -0.100289    0.145943
          14     0.21908  -0.0774771    0.137029
          15    -0.85544   -0.129341    0.137707
          16    -0.84696   -0.174193    0.136398
          17   -0.866736    -0.21493    0.134445
          18   -0.348312    -0.22234    0.126972
          19   -0.013504   -0.211349    0.120605
          20    0.185768   -0.191493    0.116126
          21   -0.269424   -0.195204    0.110521
          22   -0.820728   -0.223637    0.109146
          23     0.38976   -0.196968    0.107648
          24    0.357856    -0.17385    0.105626
          25    0.674824   -0.139903    0.106849
          26    0.252704   -0.124803    0.103762
          27   -0.770056   -0.148701    0.102665
          28    0.049672   -0.141616   0.0991841
          29   -0.597624   -0.157341    0.096986
          30    0.228008   -0.144496   0.0945738
          31    -0.82104    -0.16632   0.0940396
          32   -0.053304   -0.162788   0.0911219
          33   -0.867472   -0.184142   0.0908624
          34   -0.993912   -0.207959   0.0913103
          35   -0.369336    -0.21257   0.0887828
          36   -0.225352   -0.212925   0.0862821
          37     0.91484   -0.182445   0.0892818
          38    0.521872    -0.16391   0.0888551
          39    0.546216   -0.145702   0.0884414
          40   -0.148544   -0.145773   0.0862021
          41    0.368776   -0.133223   0.0850048
          42    0.282064   -0.123335   0.0835434
          43    -0.81964   -0.139528   0.0831691
          44   -0.656008   -0.151266   0.0821003
          45   -0.518616    -0.15943   0.0806693
          46    0.562136   -0.143743   0.0804404
          47    0.798936   -0.123686   0.0812255
          48   -0.077256   -0.122719   0.0795212
          49    -0.46912   -0.129788   0.0782016
          50   -0.520776   -0.137608   0.0770196
          51    0.557704   -0.123975   0.0767155
          52   -0.520296   -0.131596   0.0756108
          53   -0.530376    -0.13912   0.0745512
          54   -0.530664   -0.146371    0.073516
          55   -0.004864   -0.143798   0.0722128
          56   -0.372752   -0.147887   0.0710293
          57    0.791008   -0.131415   0.0716901
          58    -0.44896    -0.13689   0.0706556
          59    0.793872   -0.121114    0.071217
          60   -0.582304   -0.128801   0.0704406
          61   -0.018952      -0.127   0.0692996
          62    0.221544   -0.121378   0.0684041
          63    0.167616   -0.116791   0.0674657
          64     0.05036   -0.114179   0.0664545
          65    0.626688   -0.102781   0.0664096
          66   -0.174104   -0.103862   0.0654046
          67   -0.848088    -0.11497   0.0653716
          68   -0.427272   -0.119562   0.0645667
          69     0.25184    -0.11418   0.0638513
          70    0.773664   -0.101496   0.0641979
          71    0.651104  -0.0908963   0.0641688
          72    0.672888  -0.0802882   0.0641545
          73    0.950152  -0.0661726    0.064825
          74    0.423984  -0.0595489   0.0642852
          75    0.506496  -0.0520016   0.0638697
          76    0.776272  -0.0411033   0.0639591
          77     0.77532  -0.0305004   0.0640073
          78   -0.843344  -0.0409214    0.064035
          79   -0.305856   -0.044275   0.0633081
          80    -0.29128  -0.0473626    0.062588
          81   -0.692136  -0.0553228   0.0623209
          82     0.90624  -0.0435964   0.0626632
          83     0.88264  -0.0324369   0.0629014
          84    0.913808  -0.0211721   0.0631608
          85    0.904136  -0.0102861   0.0633555
          86    0.128224 -0.00867553   0.0626352
          87     -0.1828   -0.010677   0.0619434
          88   -0.806496  -0.0197204   0.0618996
          89     0.78396  -0.0106902   0.0618628
          90   -0.288672  -0.0137789   0.0612495
          91   -0.250104  -0.0163759   0.0606283
          92   -0.449856  -0.0210877   0.0601505
          93    0.397216  -0.0165898     0.05967
          94    0.961576 -0.00618374    0.059942
          95   -0.657416  -0.0130388   0.0597025
          96    0.390384  -0.0088365   0.0592266
          97   -0.597312  -0.0149033    0.058926
          98   -0.834704  -0.0232686   0.0589185
          99   -0.934352  -0.0324714   0.0590419
         100      -0.963  -0.0417767   0.0591846
