           1   -0.000512   -0.000512           0
           2    0.007872     0.00368    0.004192
           3    0.004928    0.004096  0.00245574
           4   -0.000792    0.002874  0.00212335
           5    0.005632   0.0034256  0.00173477
           6   -0.013496 0.000605333  0.00315598
           7    0.004184  0.00111657  0.00271584
           8    0.002232    0.001256  0.00235612
           9    0.005232  0.00169778  0.00212434
          10    0.007824   0.0023104  0.00199639
          11   -0.001736  0.00194255  0.00184289
          12    0.001616  0.00191533  0.00168254
          13   -0.011112 0.000913231  0.00184381
          14    -0.01408-0.000157714  0.00201516
          15    -0.00148-0.000245867  0.00187808
          16   -0.009904  -0.0008495   0.0018576
          17       0.013-3.48235e-05  0.00192572
          18   -0.009248-0.000546667  0.00188636
          19    0.011144 6.86316e-05  0.00188743
          20      -8e-05    6.12e-05  0.00179059
          21   -0.003152-9.18095e-05  0.00171005
          22    0.008416 0.000294909   0.0016757
          23    -0.01384-0.000319652  0.00171507
          24    0.000936-0.000267333  0.00164289
          25    -0.00892 -0.00061344  0.00161337
          26   -0.002256-0.000676615  0.00155136
          27   -0.001704-0.000714667  0.00149328
          28    0.001544   -0.000634  0.00144122
          29   -0.001568-0.000666207  0.00139101
          30    0.011048-0.000275733  0.00139942
          31    0.016064 0.000251355  0.00145254
          32    0.011928  0.00061625  0.00145298
          33    0.003976 0.000718061  0.00141193
          34    0.003696 0.000805647  0.00137257
          35   -0.007984 0.000554514  0.00135624
          36   -0.000632 0.000521556  0.00131844
          37   -0.008488 0.000278054  0.00130522
          38   -0.005384 0.000129053  0.00127912
          39      0.0134 0.000469333  0.00129152
          40   -0.012728   0.0001394  0.00130134
          41    0.003624  0.00022439  0.00127205
          42    0.007328 0.000393524  0.00125286
          43    0.005688 0.000516651  0.00122956
          44    0.006128 0.000644182  0.00120804
          45    0.002248 0.000679822  0.00118142
          46   -0.006896  0.00051513  0.00116713
          47    0.001312 0.000532085  0.00114216
          48   -0.004784 0.000421333  0.00112358
          49    0.005032 0.000515429  0.00110443
          50   -0.001096   0.0004832  0.00108259
          51    0.003944 0.000551059  0.00106332
          52   -0.006888    0.000408  0.00105244
          53   -0.009024 0.000230038  0.00104762
          54   -0.000752 0.000211852   0.0010282
          55   -0.000496 0.000198982  0.00100941
          56    0.001312 0.000218857  0.00099142
          57     0.00376 0.000280982 0.000975851
          58    -0.00676 0.000159586 0.000966532
          59   -0.004288 8.42034e-05 0.000952995
          60    0.002256   0.0001204 0.000937676
          61    0.005352 0.000206164 0.000926156
          62   -0.007192 8.68387e-05 0.000918876
          63   -0.012464-0.000112381  0.00092586
          64    0.006832  -3.875e-06 0.000917716
          65     0.00052 4.18462e-06 0.000903523
          66   -0.009168-0.000134788 0.000900516
          67    0.003384-8.22687e-05 0.000888527
          68     0.00308-3.57647e-05 0.000876598
          69     0.00148-1.37971e-05 0.000864079
          70    0.000744-2.97143e-06 0.000851715
          71    -0.00576-8.40563e-05 0.000843539
          72   -0.006352-0.000171111 0.000836284
          73   -0.014392-0.000365918 0.000847443
          74   -0.000488-0.000367568 0.000835914
          75    0.013216-0.000186453 0.000844347
          76    -0.01188-0.000340316 0.000847251
          77    0.001976-0.000310234 0.000836716
          78   -0.010368-0.000439179 0.000835925
          79    0.015736 -0.00023443 0.000850295
          80   -0.009224  -0.0003468 0.000847086
          81    -0.00868-0.000449679 0.000842865
          82   -0.011248-0.000581366 0.000842873
          83    -0.00256-0.000605205 0.000832997
          84   -0.005072-0.000658381 0.000824737
          85    0.004024-0.000603294 0.000816836
          86    0.001864-0.000574605 0.000807791
          87    0.006632 -0.00049177 0.000802738
          88   -0.001984-0.000508727 0.000793745
          89   -0.002456-0.000530607  0.00078508
          90   -0.010808  -0.0006448 0.000784662
          91   -0.011624-0.000765451 0.000785315
          92   -0.005808-0.000820261 0.000778663
          93    0.001864-0.000791398 0.000770786
          94   -0.005224-0.000838553 0.000763998
          95    0.002504-0.000803368 0.000756732
          96    0.007592-0.000715917 0.000753897
          97   -0.011136 -0.00082334 0.000753778
          98      -0.012-0.000937388 0.000754714
          99    0.010984 -0.00081697 0.000756695
         100    0.004264 -0.00076616 0.000750811
           1   -0.003352   -0.003352           0
           2    0.001968   -0.000692     0.00266
           3   -0.005024   -0.002136    0.002108
           4    0.001456   -0.001238  0.00174018
           5    0.019496   0.0029088  0.00436038
           6   -0.004984  0.00159333  0.00379549
           7   -0.003136 0.000917714  0.00327815
           8    0.000392    0.000852  0.00283972
           9    0.004768  0.00128711  0.00254191
          10     0.00164   0.0013224  0.00227383
          11   -0.015024-0.000163636  0.00253743
          12   -0.013352 -0.00126267  0.00256385
          13    0.013752-0.000107692  0.00262603
          14    0.008704 0.000521714  0.00251138
          15    0.000904   0.0005472  0.00233811
          16     0.02028   0.0017805  0.00251086
          17     0.00012  0.00168282  0.00236057
          18    0.004008    0.001812  0.00222931
          19    0.006872  0.00207832  0.00212546
          20   -0.006896   0.0016296  0.00206572
          21    0.001448  0.00162095  0.00196491
          22   -0.003552  0.00138582  0.00188816
          23    0.011336  0.00181843  0.00185534
          24    -0.00108  0.00169767  0.00178046
          25   -0.002856  0.00151552  0.00171744
          26   -0.006664  0.00120092  0.00167979
          27   -0.005056 0.000969185   0.0016329
          28   -0.009368      0.0006  0.00161624
          29   -0.006128    0.000368  0.00157667
          30   -0.016672     -0.0002  0.00162566
          31    0.004104-6.11613e-05  0.00157847
          32   -0.004224 -0.00019125  0.00153387
          33   -0.011152-0.000523394  0.00152331
          34    -0.00708-0.000716235  0.00149036
          35   -0.002584  -0.0007696  0.00144814
          36   -0.005328-0.000896222  0.00141302
          37   -0.004712-0.000999351  0.00137816
          38     0.00316-0.000889895  0.00134587
          39   -0.012464 -0.00118667  0.00134407
          40    0.016336  -0.0007486  0.00138134
          41    0.001384-0.000696585  0.00134824
          42   -0.004872   -0.000796  0.00131949
          43    0.002824-0.000711814  0.00129119
          44    -0.00768-0.000870182  0.00127141
          45   -0.006248-0.000989689  0.00124856
          46     0.00608   -0.000836  0.00123075
          47   -0.002904    -0.00088  0.00120508
          48    0.008648  -0.0006815   0.0011963
          49   -0.002424-0.000717061  0.00117217
          50   -0.006152 -0.00082576  0.00115362
          51    -0.01748 -0.00115231  0.00117698
          52   -0.012056   -0.001362  0.00117302
          53    0.001088 -0.00131577   0.0011516
          54    0.002456 -0.00124593  0.00113223
          55    0.013272-0.000981964  0.00114237
          56   -0.003608 -0.00102886  0.00112276
          57     0.00024  -0.0010066  0.00110311
          58   -0.004792 -0.00107186  0.00108589
          59    -0.01504 -0.00130861  0.00109327
          60   -0.037096 -0.00190507  0.00122929
          61   -0.004776 -0.00195213  0.00120989
          62    0.011088 -0.00174181  0.00120865
          63    0.017984  -0.0014287  0.00122984
          64   -0.005272 -0.00148875  0.00121196
          65   -0.007392 -0.00157957  0.00119662
          66   -0.007192 -0.00166461  0.00118141
          67    0.009552 -0.00149719  0.00117563
          68    0.004784 -0.00140482  0.00116189
          69   -0.019872 -0.00167246  0.00117579
          70    0.021992  -0.0013344  0.00120717
          71     6.4e-05  -0.0013147  0.00119021
          72    0.005688 -0.00121744  0.00117759
          73   -0.008376 -0.00131551  0.00116548
          74   -0.002184 -0.00132724  0.00114968
          75    -0.00844 -0.00142208  0.00113821
          76   -0.004248 -0.00145926  0.00112375
          77    0.002328 -0.00141008  0.00111015
          78    0.004904 -0.00132913  0.00109881
          79     0.00656 -0.00122927  0.00108939
          80     0.01172  -0.0010674   0.0010878
          81    0.007096-0.000966617    0.001079
          82     0.00144-0.000937268  0.00106617
          83    0.013248-0.000766361  0.00106702
          84    -0.00312-0.000794381  0.00105461
          85   -0.000936-0.000796047  0.00104213
          86    0.010904    -0.00066  0.00103889
          87   -0.001832-0.000673471  0.00102697
          88   -0.001896-0.000687364  0.00101533
          89    -8.8e-05-0.000680629  0.00100388
          90    0.001136-0.000660444 0.000992865
          91    0.015064-0.000487648 0.000996983
          92    0.011104-0.000361652 0.000994103
          93    0.004672-0.000307527 0.000984844
          94    0.020624-8.48511e-05 0.000999433
          95    0.003208-5.01895e-05 0.000989464
          96   -0.008056-0.000133583 0.000982648
          97     0.01696 4.26392e-05 0.000988303
          98    0.005024 9.34694e-05 0.000979486
          99   -0.001496 7.74141e-05 0.000969674
         100    0.001584   9.248e-05 0.000960047
           1    -0.00796    -0.00796           0
           2    0.004176   -0.001892    0.006068
           3    0.000688   -0.001032  0.00360737
           4    0.003512    0.000104  0.00279232
           5   -0.000536    -2.4e-05  0.00216671
           6    0.006824  0.00111733  0.00210532
           7   -0.005584     0.00016  0.00202051
           8   -0.006392   -0.000659    0.001932
           9    0.001576-0.000410667  0.00172187
          10    0.004064    3.68e-05  0.00160377
          11   -0.012872 -0.00113673   0.0018659
          12    0.012048    -3.8e-05  0.00202695
          13   -0.006128-0.000506462  0.00192247
          14    0.003936-0.000189143  0.00180793
          15    0.012088 0.000629333  0.00187155
          16        0.01    0.001215  0.00184604
          17   -0.011776 0.000450824  0.00189497
          18   -0.008056-2.17778e-05  0.00184804
          19    -0.01116   -0.000608  0.00184375
          20    -0.00664  -0.0009096  0.00177495
          21    0.012936-0.000250286  0.00181248
          22     0.00104-0.000191636  0.00172913
          23   -0.009072-0.000577739  0.00169675
          24     0.00088   -0.000517  0.00162565
          25    0.006984 -0.00021696  0.00158788
          26     8.8e-05-0.000205231  0.00152563
          27    0.009576 0.000157037  0.00151207
          28    0.016008 0.000723143  0.00156318
          29   -0.003152 0.000589517  0.00151422
          30    -0.00484 0.000408533  0.00147403
          31   -0.008688 0.000115097  0.00145557
          32   -0.006752   -9.95e-05   0.0014256
          33   -0.001544-0.000143273  0.00138242
          34   -0.004664-0.000276235  0.00134771
          35    0.000448-0.000255543  0.00130881
          36    0.017408 0.000235111  0.00136329
          37    0.004664 0.000354811  0.00133132
          38   -0.009848 8.63158e-05  0.00132334
          39    0.010672 0.000357744  0.00131723
          40    0.004392   0.0004586  0.00128783
          41    -0.00264 0.000383024   0.0012583
          42   -0.011544 9.90476e-05  0.00126038
          43    0.007944 0.000281488  0.00124417
          44   -0.002096 0.000227455  0.00121676
          45   -0.015736-0.000127289  0.00124119
          46     0.01724 0.000250261  0.00127127
          47   -0.008208 7.02979e-05  0.00125688
          48   -0.006144-5.91667e-05   0.0012372
          49   -0.013368-0.000330776  0.00124176
          50    0.015232  -1.952e-05  0.00125585
          51    0.009624 0.000169569  0.00124542
          52   -0.003824 9.27692e-05  0.00122365
          53    0.001512 0.000119547  0.00120064
          54       0.001 0.000135852  0.00117831
          55   -0.005536 3.27273e-05  0.00116127
          56   -0.001936-2.42857e-06  0.00114089
          57    0.009288 0.000160561  0.00113249
          58    0.002688 0.000204138  0.00111364
          59    0.016176 0.000474847  0.00112758
          60   -0.008056 0.000332667  0.00111771
          61   -0.015368 7.52787e-05  0.00112897
          62     -0.0104-9.36774e-05  0.00112338
          63   -0.000368-9.80317e-05  0.00110542
          64   -0.000544   -0.000105  0.00108803
          65    0.000688   -9.28e-05  0.00107123
          66   -0.008432-0.000219152  0.00106242
          67    0.004256-0.000152358  0.00104857
          68   -0.005184-0.000226353  0.00103568
          69   -0.006496-0.000317217   0.0010246
          70    -0.00436-0.000374971   0.0010115
          71    -0.00852 -0.00048969  0.00100373
          72   -0.019328-0.000751333  0.00102369
          73   -0.006672-0.000832438  0.00101283
          74    0.001912-0.000795351 0.000999734
          75     0.00616-0.000702613 0.000990664
          76    0.008416-0.000582632 0.000984878
          77    0.014144-0.000391377  0.00099064
          78    -0.00416-0.000439692  0.00097905
          79    0.007408-0.000340354 0.000971669
          80   -0.001976  -0.0003608 0.000959664
          81    0.005136-0.000292938 0.000950169
          82   -0.003032-0.000326341 0.000939104
          83      0.0014-0.000305542 0.000927954
          84    0.017496 -9.3619e-05 0.000941014
          85     0.00944 1.85412e-05 0.000936617
          86    0.008704 0.000119535 0.000931155
          87   -0.012144-2.14253e-05 0.000931122
          88   -0.009888-0.000133545 0.000927283
          89     0.01088-9.79775e-06 0.000925119
          90   -0.007432-9.22667e-05 0.000918492
          91     -0.0004-9.56484e-05 0.000908349
          92   -0.005576-0.000155217 0.000900394
          93    0.003272-0.000118366 0.000891422
          94    -0.00628-0.000183915  0.00088432
          95      0.0038-0.000141979 0.000875967
          96   -0.011552-0.000260833 0.000874905
          97   -0.005624-0.000316124 0.000867602
          98   -0.006464-0.000378857 0.000860991
          99   -0.005864-0.000434263 0.000854049
         100    0.009136 -0.00033856 0.000850865
           1   -0.007384   -0.007384           0
           2   -0.010288   -0.008836    0.001452
           3   -0.001056 -0.00624267  0.00272546
           4    0.009488    -0.00231  0.00437949
           5   -0.002384  -0.0023248  0.00339237
           6    0.001424     -0.0017  0.00283945
           7    0.009816-5.48571e-05  0.00290954
           8    0.006816    0.000804  0.00266209
           9    0.013176  0.00217867  0.00272059
          10    0.024392      0.0044  0.00329478
          11    0.015224    0.005384  0.00313849
          12    0.001712    0.005078  0.00288133
          13   -0.011224    0.003824  0.00293212
          14   -0.008184  0.00296629   0.0028469
          15     -0.0022  0.00262187   0.0026726
          16    0.008168   0.0029685  0.00252391
          17    -0.00084  0.00274447  0.00238136
          18    -0.00824  0.00213422  0.00232662
          19    -0.00948  0.00152295  0.00228408
          20   -0.013952   0.0007492  0.00230087
          21     0.00136 0.000778286  0.00218876
          22    0.010352  0.00121345  0.00213179
          23    0.018608  0.00196974  0.00217286
          24     0.00936  0.00227767  0.00210302
          25    0.014304  0.00275872  0.00207371
          26     -0.0258  0.00166031  0.00227508
          27    0.008296  0.00190607  0.00220295
          28    -0.01648  0.00124943  0.00222206
          29    -0.01848 0.000569103  0.00224941
          30   -0.021304    -0.00016  0.00229219
          31     -0.0004-0.000167742  0.00221703
          32   -0.001856  -0.0002205  0.00214728
          33   -0.013784-0.000631515  0.00212139
          34   -0.007736-0.000840471  0.00206863
          35    0.012832-0.000449829  0.00204629
          36    0.008504-0.000201111  0.00200413
          37    0.008904  4.4973e-05  0.00196468
          38    0.007096 0.000230526  0.00192126
          39   -0.021584-0.000328821  0.00195316
          40   -0.004184  -0.0004252  0.00190614
          41   -0.014984-0.000780293  0.00189268
          42    -0.01256 -0.00106076  0.00186824
          43    0.009504 -0.00081507  0.00184074
          44   -0.000896-0.000816909  0.00179842
          45   -0.004792-0.000905244  0.00176022
          46   -0.004448-0.000982261  0.00172325
          47    0.012072-0.000704511  0.00170891
          48   -0.010216-0.000902667  0.00168462
          49    0.006224-0.000757224  0.00165628
          50    0.003736 -0.00066736  0.00162531
          51     0.00108-0.000633098  0.00159349
          52    0.009928    -0.00043  0.00157569
          53   -0.017104-0.000744604  0.00157736
          54     0.00784 -0.00058563  0.00155602
          55   -0.006104-0.000685964  0.00153076
          56       0.016   -0.000388  0.00153242
          57    0.023416  2.9614e-05  0.00156215
          58    0.001952 6.27586e-05  0.00153534
          59      0.0144 0.000305763  0.00152853
          60    -0.00252 0.000258667  0.00150358
          61    0.007624  0.00037941  0.00148365
          62   -0.009056 0.000227226  0.00146743
          63   -0.015688-2.53968e-05  0.00146588
          64   -0.003784 -8.4125e-05  0.00144399
          65    0.007824 3.75385e-05   0.0014268
          66       8e-05 3.81818e-05  0.00140502
          67    0.009248 0.000175642   0.0013907
          68    -0.01888-0.000104588  0.00139846
          69   -0.007464-0.000211246  0.00138216
          70     7.2e-05  -0.0002072  0.00136228
          71    0.004024-0.000147606  0.00134428
          72   -0.005448-0.000221222  0.00132752
          73    0.007144-0.000120329  0.00131309
          74   -0.000472-0.000125081  0.00129523
          75    0.004904-5.80267e-05   0.0012796
          76    0.010776 8.45263e-05  0.00127068
          77   -0.005664 9.87013e-06  0.00125629
          78    0.003648 5.65128e-05  0.00124095
          79    -0.01076-8.04051e-05  0.00123277
          80   -0.005632  -0.0001498  0.00121924
          81      0.0162 5.20494e-05  0.00122089
          82   -0.008312-4.99512e-05  0.00121022
          83   -0.019768-0.000287518  0.00121892
          84   -0.023664 -0.00056581  0.00123606
          85    -0.01856-0.000777506  0.00123964
          86    0.006224-0.000696093  0.00122784
          87   -0.012912-0.000836506  0.00122175
          88    0.001088-0.000814636  0.00120798
          89      0.0118-0.000672899  0.00120271
          90   -0.012944-0.000809244  0.00119706
          91   -0.013592-0.000949714  0.00119214
          92   -0.002376-0.000965217  0.00117921
          93    0.004896-0.000902194  0.00116817
          94   -0.008488-0.000982894  0.00115849
          95   -0.012448 -0.00110358  0.00115256
          96   -0.007664 -0.00117192  0.00114254
          97    0.015608-0.000998928  0.00114385
          98   -0.018472 -0.00117722  0.00114608
          99    0.007872 -0.00108582  0.00113812
         100    0.022056  -0.0008544   0.0011502
           1   -0.051712   -0.051712           0
           2   -0.006904   -0.029308    0.022404
           3   -0.013808  -0.0241413   0.0139287
           4   -0.006656    -0.01977   0.0107755
           5      0.0096   -0.013896   0.0102064
           6   -0.003032  -0.0120853  0.00852796
           7   -0.022928  -0.0136343    0.007372
           8     -0.0054   -0.012605  0.00646678
           9       0.013    -0.00976  0.00637339
          10    0.006096  -0.0081744  0.00591694
          11    0.040656 -0.00373527  0.00695346
          12    0.005824 -0.00293867   0.0063974
          13    0.005688 -0.00227508  0.00592205
          14   -0.025248   -0.003916  0.00572304
          15    -0.02144 -0.00508427  0.00545444
          16    -8.8e-05   -0.004772  0.00511171
          17    0.015832    -0.00356  0.00495222
          18    0.004032 -0.00313822  0.00468801
          19    0.019512 -0.00194611  0.00459186
          20    0.019672  -0.0008652  0.00448832
          21   -0.022192 -0.00188076  0.00438837
          22   -0.014848 -0.00247018  0.00422546
          23   -0.005504 -0.00260209  0.00403972
          24   -0.024776   -0.003526  0.00397656
          25   -0.011096  -0.0038288  0.00382618
          26    0.001128 -0.00363815  0.00368101
          27    0.017496 -0.00285541  0.00362751
          28   -0.018248 -0.00340514  0.00353852
          29   -0.009184 -0.00360441  0.00342014
          30   -0.006408 -0.00369787  0.00330549
          31    0.008008 -0.00332026   0.0032193
          32    0.004064  -0.0030895  0.00312561
          33      0.0106 -0.00267467  0.00305768
          34    0.017016 -0.00209553  0.00302239
          35    0.003872 -0.00192503  0.00293972
          36    -0.00564 -0.00202822  0.00285875
          37   -0.020536 -0.00252843  0.00282505
          38    0.016336   -0.002032  0.00279416
          39    0.007008 -0.00180021  0.00273142
          40    0.029248   -0.001024  0.00277311
          41    0.001976-0.000950829  0.00270562
          42    -0.00716 -0.00109867  0.00264455
          43    -0.00884  -0.0012787  0.00258858
          44    0.004032   -0.001158  0.00253195
          45    0.028104-0.000507733  0.00255904
          46    -0.00808-0.000672348   0.0025082
          47    0.003664-0.000580085  0.00245598
          48    0.016024-0.000234167  0.00242903
          49    0.009808-2.92245e-05  0.00238775
          50    -8.8e-05   -3.04e-05  0.00233951
          51   -0.002168-7.23137e-05  0.00229356
          52   -0.003736-0.000142769  0.00225013
          53    0.007368 -1.0566e-06  0.00221181
          54    -0.00012-3.25926e-06  0.00217046
          55   -0.020232-0.000371055  0.00216215
          56    0.007896-0.000223429  0.00212831
          57    -0.00744-0.000350035  0.00209447
          58    0.010504-0.000162897  0.00206653
          59   -0.004296-0.000232949  0.00203241
          60   -0.016216-0.000499333  0.00201593
          61   -0.015144 -0.00073941  0.00199709
          62    0.008896   -0.000584  0.00197075
          63     0.00908-0.000430603  0.00194527
          64   -0.011216-0.000599125  0.00192204
          65    0.002112-0.000557415   0.0018927
          66   -0.002512 -0.00058703  0.00186403
          67     -0.0012-0.000596179  0.00183603
          68   -0.000448   -0.000594  0.00180882
          69   -0.019296-0.000865043  0.00180291
          70    0.018504-0.000588343  0.00179838
          71    0.007448-0.000475155  0.00177648
          72   -0.005184-0.000540556  0.00175285
          73   -0.013288-0.000715178  0.00173747
          74     0.03068-0.000290919  0.00176556
          75   -0.025592-0.000628267  0.00177423
          76     0.00964-0.000493158  0.00175593
          77   -0.006464-0.000570701  0.00173471
          78     -0.0048-0.000624923  0.00171319
          79    0.012608-0.000457418  0.00169964
          80    0.010464  -0.0003209   0.0016838
          81   -0.000704 -0.00032563  0.00166289
          82    0.013448-0.000157659  0.00165105
          83    0.035568 0.000272771  0.00168688
          84     0.00284 0.000303333  0.00166696
          85   -0.026504-1.20471e-05  0.00167715
          86    0.004344 3.86047e-05   0.0016583
          87     0.01424 0.000201839  0.00164724
          88    0.005952 0.000267182  0.00162972
          89    0.026104 0.000557483  0.00163725
          90    -0.02184 0.000308622  0.00163797
          91    -0.00332 0.000268747  0.00162036
          92    0.013656 0.000414261  0.00160925
          93   -0.011344 0.000287828  0.00159686
          94   -0.016168 0.000112766  0.00158945
          95    0.007048 0.000185768  0.00157433
          96    0.004256 0.000228167  0.00155842
          97    0.002056  0.00024701  0.00154238
          98   -0.011616 0.000125959  0.00153136
          99     0.01124 0.000238222  0.00151996
         100    -0.02436   -7.76e-06  0.00152466
           1     0.00268     0.00268           0
           2   -0.002352    0.000164    0.002516
           3    -0.00964   -0.003104   0.0035763
           4    0.012728    0.000854  0.00469688
           5    0.002128   0.0011088   0.0036471
           6    0.026944  0.00541467  0.00523527
           7    0.012008  0.00635657  0.00452376
           8    0.009392    0.006736  0.00393602
           9    -0.01392  0.00444089  0.00416138
          10    0.040184   0.0080152  0.00516036
          11    0.026152    0.009664  0.00495037
          12   -0.018064  0.00735333  0.00507553
          13    0.007488  0.00736369  0.00466882
          14   -0.019864  0.00541886  0.00473986
          15     0.01804  0.00626027  0.00449208
          16     0.00528    0.006199   0.0042024
          17   -0.018368  0.00475388  0.00420367
          18     0.00396  0.00470978  0.00396351
          19   -0.001552  0.00438021  0.00376356
          20      0.0012   0.0042212  0.00357396
          21   -0.023744  0.00288952  0.00365104
          22   -0.000768  0.00272327   0.0034851
          23   -0.014464    0.001976  0.00341294
          24   -0.019872  0.00106567  0.00339208
          25   -0.017504  0.00032288  0.00333728
          26    0.020848  0.00111231   0.0033021
          27   -0.026832 7.73333e-05  0.00334176
          28    0.014048 0.000576286  0.00325863
          29    -0.01332 9.71034e-05  0.00318056
          30     0.00932 0.000404533  0.00308805
          31    0.006264 0.000593548  0.00299275
          32    0.007392    0.000806   0.0029055
          33     0.02636  0.00158036   0.0029206
          34    0.024216  0.00224612  0.00291056
          35   -0.016616   0.0017072  0.00287711
          36      -0.003  0.00157644   0.0027991
          37   -0.007992  0.00131784  0.00273465
          38    0.004136    0.001392  0.00266275
          39   -0.003112  0.00127651  0.00259614
          40    0.014848   0.0016158  0.00255305
          41    0.002808  0.00164488  0.00249018
          42   -0.009912  0.00136971  0.00244569
          43    0.007248  0.00150642  0.00239205
          44    0.007512  0.00164291  0.00234103
          45   -0.024088  0.00107111  0.00235877
          46    0.011536  0.00129861  0.00231812
          47    0.001968  0.00131285   0.0022683
          48   -0.017824 0.000914167  0.00225605
          49   -0.008976 0.000712327  0.00221873
          50   -0.016648  0.00036512  0.00220145
          51   -0.007152 0.000217725  0.00216288
          52    0.006056     0.00033  0.00212385
          53   -0.021688 -8.5434e-05  0.00212441
          54    0.022688 0.000336296  0.00212693
          55    0.001568 0.000358691  0.00208802
          56    -0.00028 0.000347286  0.00205042
          57   -0.022912-6.07719e-05  0.00205505
          58    0.040456 0.000637793  0.00213673
          59    0.016096 0.000899797  0.00211648
          60    0.006048   0.0009856  0.00208267
          61   -0.028752 0.000498098  0.00210546
          62   -0.012384 0.000290323  0.00208162
          63   -0.006912    0.000176   0.0020515
          64    0.007448 0.000289625  0.00202239
          65   -0.023464-7.58154e-05  0.00202429
          66    0.025208 0.000307273  0.00202986
          67   -0.018216  3.0806e-05  0.00201836
          68   -0.022616-0.000302235  0.00201615
          69   -0.003912-0.000354551   0.0019874
          70   -0.023672-0.000687657  0.00198693
          71     0.01708-0.000437408  0.00197467
          72    0.005096-0.000360556  0.00194856
          73   -0.017824-0.000599781  0.00193652
          74    0.002432-0.000558811  0.00191061
          75   -0.005752-0.000628053  0.00188623
          76   -0.025352-0.000953368  0.00188946
          77    -0.00472 -0.00100229  0.00186541
          78   -0.000888 -0.00100082  0.00184134
          79    0.005336-0.000920608  0.00181965
          80    -0.00688  -0.0009951   0.0017983
          81    0.026592-0.000654519  0.00180832
          82    -0.00192-0.000669951   0.0017862
          83   -0.006872-0.000744675  0.00176613
          84   -0.021856   -0.000996  0.00176298
          85    0.020448-0.000743718  0.00176029
          86     0.02024-0.000499721  0.00175673
          87   -0.003792-0.000537563  0.00173683
          88    0.012752-0.000386545  0.00172361
          89   -0.005448-0.000443416  0.00170508
          90     0.00892-0.000339378  0.00168924
          91   -0.000864-0.000345143  0.00167058
          92   -0.005784-0.000404261  0.00165338
          93    0.010736-0.000284473  0.00163989
          94   -0.040392-0.000711149  0.00167752
          95   -0.001672-0.000721263   0.0016598
          96    0.013384-0.000574333  0.00164898
          97    0.023744-0.000323629  0.00165103
          98    0.009328-0.000225143  0.00163706
          99   -0.017296-0.000397576  0.00162959
         100    0.000592 -0.00038768  0.00161324
           1    0.021072    0.021072           0
           2    0.010024    0.015548    0.005524
           3    0.008088   0.0130613  0.00404414
           4    0.005568    0.011188  0.00341861
           5     0.02436   0.0138224  0.00373526
           6   -0.007176   0.0103227  0.00464215
           7     0.02388   0.0122594  0.00437534
           8   -0.041848    0.005496  0.00775253
           9    -0.02728  0.00185422   0.0077465
          10   -0.012176   0.0004512  0.00706931
          11   -0.011728   -0.000656  0.00648958
          12   -0.007568   -0.001232  0.00595208
          13    0.021072 0.000483692  0.00573764
          14   -0.008544-0.000161143  0.00535102
          15   -0.009256-0.000767467  0.00501829
          16   -0.019256   -0.001923  0.00483432
          17    0.015344-0.000907294  0.00465325
          18     0.01112-0.000239111  0.00443772
          19   -0.001112-0.000285053  0.00419792
          20    0.043784   0.0019184  0.00455142
          21    0.020592  0.00280762  0.00441965
          22   -0.007264  0.00234982  0.00423876
          23   -0.051344 1.53043e-05   0.0046749
          24    0.005448 0.000241667   0.0044816
          25    0.016456  0.00089024  0.00434725
          26    0.005544  0.00106923  0.00418054
          27    0.011848  0.00146844  0.00404248
          28   -0.016368 0.000831429  0.00394718
          29    0.014416  0.00129986  0.00383733
          30    -0.03284 0.000161867  0.00387795
          31    0.007584  0.00040129   0.0037584
          32   -0.013968  -4.775e-05  0.00366666
          33   -0.018344-0.000602182   0.0035968
          34     0.01812-5.15294e-05  0.00353259
          35    0.034816 0.000944686  0.00357191
          36     0.00288 0.000998444  0.00347169
          37   -0.027376 0.000231568  0.00346255
          38    0.033976  0.00111958  0.00348522
          39    0.020984  0.00162892  0.00343268
          40    0.009688   0.0018304  0.00335182
          41    -0.02168  0.00125698  0.00331896
          42   -0.041264 0.000244571  0.00339351
          43   -0.013912-8.46512e-05  0.00332997
          44   -0.046688 -0.00114382  0.00342147
          45   -0.035896 -0.00191609  0.00343258
          46   -0.030576 -0.00253913  0.00341445
          47    0.000176 -0.00248136  0.00334151
          48      0.0296   -0.001813  0.00333874
          49    0.022464 -0.00131755  0.00330722
          50   -0.023632 -0.00176384  0.00327098
          51    0.002232 -0.00168549  0.00320716
          52    0.017864 -0.00130954  0.00316727
          53   -0.019104 -0.00164528  0.00312503
          54    0.037912-0.000912741  0.00315289
          55    0.032096-0.000312582  0.00315269
          56    0.020008 5.02857e-05  0.00311707
          57   -0.002304 8.98246e-06  0.00306217
          58   -0.000264 4.27586e-06  0.00300892
          59   -0.006568-0.000107119  0.00295958
          60    0.027928 0.000360133  0.00294711
          61   -0.019232 3.89508e-05  0.00291614
          62   -0.014928-0.000202452  0.00287885
          63    0.043504 0.000491302   0.0029165
          64     0.01076  0.00065175  0.00287505
          65   -0.054856-0.000202215  0.00295649
          66    0.003296-0.000149212  0.00291183
          67   -0.019296-0.000434985  0.00288225
          68    0.033976 7.10588e-05  0.00288428
          69   -0.003392 2.08696e-05  0.00284262
          70    0.002384 5.46286e-05  0.00280192
          71   -0.011952-0.000114479  0.00276734
          72   -0.042248-0.000699667  0.00279068
          73    0.040784-0.000131397  0.00281024
          74   -0.009256-0.000254703  0.00277475
          75    0.009712-0.000121813  0.00274073
          76     0.00952 5.05263e-06   0.0027074
          77   -0.028488-0.000364987  0.00269751
          78     0.00324-0.000318769   0.0026631
          79    0.035976 0.000140658  0.00266901
          80     -0.0198  -0.0001086   0.0026472
          81   -0.009152-0.000220247   0.0026167
          82   -0.001992-0.000241854  0.00258468
          83     2.4e-05-0.000238651  0.00255335
          84   -0.009704-0.000351333  0.00252529
          85   -0.007296-0.000433035  0.00249674
          86   -0.055368 -0.00107181  0.00254888
          87    0.003544 -0.00101876  0.00251997
          88    0.005624-0.000943273  0.00249231
          89    -0.02828 -0.00125043  0.00248322
          90    0.029504-0.000908711  0.00247913
          91   -0.014496 -0.00105802  0.00245628
          92    0.025992   -0.000764  0.00244716
          93    0.042672-0.000296946  0.00246535
          94   -0.020104 -0.00050766  0.00244807
          95    0.007456-0.000423832  0.00242361
          96    0.010392-0.000311167  0.00240088
          97    -0.02496-0.000565278  0.00238955
          98    0.002024-0.000538857  0.00236519
          99    0.013904 -0.00039297  0.00234572
         100     0.03768  -1.224e-05  0.00235314
           1    0.028912    0.028912           0
           2     -0.0564   -0.013744    0.042656
           3     -0.0818  -0.0364293   0.0334834
           4   -0.021136   -0.032606    0.023983
           5    0.030056  -0.0200736   0.0224092
           6   -0.006216   -0.017764   0.0184422
           7    0.039136 -0.00963543   0.0175788
           8    0.036888    -0.00382   0.0162966
           9   -0.065008  -0.0106187   0.0158992
          10    0.029152  -0.0066416   0.0147663
          11    0.057184-0.000839273   0.0145625
          12    -0.01716 -0.00219933   0.0133631
          13   -0.029416 -0.00429292   0.0124693
          14    0.073312  0.00125029   0.0128062
          15   -0.019216-0.000114133   0.0119997
          16   -0.005632   -0.000459     0.01123
          17   -0.068816    -0.00448   0.0112891
          18     -0.0614 -0.00764222   0.0111033
          19   -0.008496 -0.00768716   0.0105028
          20    0.019136   -0.006346   0.0100537
          21    0.019544 -0.00511314  0.00964209
          22    -0.03232 -0.00634982  0.00927618
          23    0.023744 -0.00504139  0.00895975
          24   -0.007816   -0.005157  0.00857908
          25   -0.007496 -0.00525056   0.0082293
          26   -0.046232 -0.00682677  0.00806204
          27   -0.027344 -0.00758667  0.00779483
          28    0.062536 -0.00508229  0.00791779
          29    0.013144 -0.00445379  0.00766569
          30    -0.02284 -0.00506667  0.00743108
          31    0.035584 -0.00375535  0.00730601
          32    -0.05788 -0.00544675  0.00727341
          33   -0.008376 -0.00553552  0.00705012
          34    0.018632 -0.00482471  0.00687646
          35     0.02312 -0.00402629  0.00672466
          36    0.063688 -0.00214533   0.0068005
          37    0.012048 -0.00176173  0.00662526
          38     0.08212 0.000445684  0.00681591
          39   -0.011688 0.000134564  0.00664613
          40   -0.013592  -0.0002086  0.00648692
          41   -0.092008 -0.00244761  0.00671123
          42     0.00612 -0.00224362  0.00655267
          43     0.01348 -0.00187795  0.00640891
          44    0.013064 -0.00153836  0.00627076
          45    0.049832  -0.0003968  0.00623522
          46    0.023616 0.000125217  0.00612046
          47   -0.020632-0.000316426  0.00600509
          48    0.020896   0.0001255  0.00589524
          49     0.04304  0.00100131  0.00583972
          50   -0.005248  0.00087632   0.0057231
          51    0.002032  0.00089898  0.00560981
          52   -0.054112-0.000158923  0.00560167
          53       0.032 0.000447849  0.00552836
          54    0.065376  0.00165022  0.00555666
          55    0.058832  0.00268989   0.0055529
          56   -0.009344    0.002475  0.00545707
          57    0.088768  0.00398891  0.00557015
          58   -0.005544  0.00382455  0.00547574
          59    -0.03336  0.00319431  0.00541891
          60    -0.00136   0.0031184  0.00532837
          61    0.032616  0.00360197  0.00526255
          62   -0.038048  0.00293019  0.00522038
          63    0.016736  0.00314933  0.00514152
          64    0.025696  0.00350163   0.0050728
          65    0.030032  0.00390978  0.00501079
          66   -0.027304  0.00343685   0.0049569
          67    0.022192  0.00371678  0.00489038
          68   -0.055912  0.00283988  0.00489707
          69    0.008744  0.00292545  0.00482634
          70     0.06084   0.0037528   0.0048283
          71   -0.015312  0.00348428  0.00476738
          72   -0.046056  0.00279622  0.00475079
          73   -0.061072  0.00192132  0.00476625
          74    -0.02092  0.00161265  0.00471152
          75   -0.021064  0.00131029   0.0046581
          76    0.003544  0.00133968  0.00459649
          77    0.020736  0.00159158  0.00454339
          78   -0.053728 0.000882359   0.0045405
          79   -0.020168 0.000615899  0.00449057
          80   -0.024448   0.0003026  0.00444514
          81    0.018776 0.000530667  0.00439584
          82    0.001712 0.000545073  0.00434192
          83    0.016112 0.000732627  0.00429339
          84    0.051112  0.00133238  0.00428416
          85   -0.012488  0.00116979  0.00423658
          86    0.014584  0.00132577  0.00418993
          87    0.031664  0.00167448  0.00415614
          88   -0.025672  0.00136373  0.00412038
          89   -0.033048 0.000977079  0.00409213
          90    -0.03744 0.000550222  0.00406885
          91    -0.02044  0.00031956   0.0040305
          92    0.047696 0.000834522  0.00401957
          93    0.012832 0.000963527  0.00397821
          94     0.03616  0.00133796  0.00395343
          95    0.028472  0.00162358  0.00392201
          96   -0.016632  0.00143342  0.00388559
          97    -0.04004  0.00100586  0.00386903
          98     0.06296  0.00163804  0.00388118
          99     0.02908  0.00191523  0.00385176
         100    0.015496  0.00205104  0.00381546
           1   -0.009536   -0.009536           0
           2   -0.112608   -0.061072    0.051536
           3    0.002728  -0.0398053   0.0365731
           4    -0.05728   -0.044174   0.0262275
           5    -0.05348  -0.0460352   0.0204008
           6    -0.03376  -0.0439893   0.0167823
           7      0.1018  -0.0231623   0.0251981
           8    0.111072   -0.006383   0.0275273
           9    -0.08248  -0.0148382   0.0257071
          10    0.025016  -0.0108528   0.0233359
          11    0.012064 -0.00876945   0.0212107
          12    0.063056   -0.002784   0.0202667
          13    0.044592 0.000860308   0.0189955
          14       8e-05 0.000804571   0.0175865
          15   -0.082392 -0.00474187   0.0172861
          16    -0.00568  -0.0048005   0.0161698
          17    -0.09024 -0.00982635   0.0159988
          18    0.081464 -0.00475467   0.0159136
          19    0.005744 -0.00420211   0.0150629
          20    -0.05548   -0.006766   0.0145181
          21   -0.153824  -0.0137688   0.0154835
          22   -0.078112  -0.0166935   0.0150499
          23    0.079728  -0.0125012   0.0149793
          24   -0.004968  -0.0121873    0.014345
          25     -0.0152  -0.0123078   0.0137598
          26     0.09004 -0.00837138   0.0137936
          27   -0.008032 -0.00835881   0.0132729
          28   -0.031376 -0.00918086   0.0128165
          29    0.075864 -0.00624828   0.0127096
          30     -0.0166 -0.00659333   0.0122835
          31    0.002824 -0.00628955   0.0118845
          32   -0.007808   -0.006337   0.0115072
          33    0.099464 -0.00313091   0.0116047
          34    -0.10768 -0.00620588   0.0116706
          35   -0.044264 -0.00729326   0.0113843
          36     0.04456 -0.00585289   0.0111569
          37    0.042592 -0.00454357   0.0109299
          38    -0.05268 -0.00581032   0.0107136
          39   -0.129904 -0.00899221   0.0109096
          40    0.056584  -0.0073528    0.010759
          41   -0.011304 -0.00744917   0.0104937
          42   -0.127496  -0.0103074   0.0106322
          43    0.013544 -0.00975274   0.0103968
          44   -0.090192  -0.0115809    0.010321
          45    0.027024   -0.010723   0.0101254
          46    0.072832 -0.00890661   0.0100681
          47   -0.037608 -0.00951728  0.00987043
          48   -0.021528  -0.0097675  0.00966585
          49    0.005016  -0.0094658  0.00947134
          50   -0.039232  -0.0100611  0.00929906
          51   -0.003544 -0.00993333  0.00911579
          52   -0.014936  -0.0100295  0.00893929
          53    0.024272 -0.00938234  0.00879285
          54    0.058088 -0.00813289  0.00871848
          55    0.035952 -0.00733135  0.00859595
          56    -0.02824 -0.00770471   0.0084493
          57   -0.000672 -0.00758133  0.00830066
          58   -0.020504 -0.00780414  0.00815934
          59    0.015248 -0.00741342  0.00802936
          60    0.091208 -0.00576973  0.00806371
          61    0.018008 -0.00537993  0.00793999
          62   -0.011472 -0.00547819  0.00781149
          63    0.014832 -0.00515581  0.00769326
          64    0.049488   -0.004302  0.00762008
          65    0.025784 -0.00383914   0.0075162
          66   -0.023944 -0.00414376  0.00740771
          67   -0.131848 -0.00604979  0.00754116
          68    -0.00676 -0.00606024  0.00742944
          69     -0.0042 -0.00603328  0.00732102
          70    0.033032  -0.0054752  0.00723723
          71    0.057072 -0.00459425  0.00718875
          72   -0.137872 -0.00644533  0.00732592
          73   -0.071224 -0.00733271  0.00727916
          74   -0.039712 -0.00777027  0.00719344
          75    0.020144 -0.00739808  0.00710663
          76    0.013976 -0.00711684  0.00701814
          77     0.05636 -0.00629247  0.00697528
          78   -0.077096 -0.00720021  0.00694485
          79    -0.16016 -0.00913641  0.00712452
          80   -0.037896  -0.0094959  0.00704408
          81    -0.12328  -0.0109006  0.00709698
          82    0.040144  -0.0102781  0.00703748
          83   -0.098184  -0.0113373  0.00703239
          84     0.04536  -0.0106623  0.00698087
          85    0.089872 -0.00947953  0.00699892
          86   -0.144344  -0.0110477  0.00709259
          87    0.007072  -0.0108394  0.00701369
          88     0.00532  -0.0106558  0.00693596
          89    0.038192   -0.010107  0.00687952
          90   -0.097568  -0.0110788  0.00687171
          91    0.009056  -0.0108575  0.00679938
          92    0.070064 -0.00997791  0.00678234
          93   -0.089776   -0.010836  0.00676366
          94    0.032064  -0.0103796  0.00670687
          95    0.087664 -0.00934754  0.00671567
          96     0.07132 -0.00850725  0.00669826
          97    0.046648 -0.00793864  0.00665319
          98    0.108776 -0.00674767  0.00669178
          99   -0.013224 -0.00681309  0.00662417
         100    -0.01188 -0.00686376  0.00655779
           1   -0.121128   -0.121128           0
           2   -0.044888   -0.083008     0.03812
           3     0.17792    0.003968   0.0897173
           4   -0.130136   -0.029558   0.0717537
           5     0.28132   0.0326176   0.0833964
           6    -0.04292    0.020028   0.0692469
           7      -0.088  0.00459543   0.0605249
           8   -0.013608     0.00232   0.0524655
           9   -0.166816  -0.0164729    0.049941
          10    0.139272  -0.0008984   0.0473059
          11   -0.010152 -0.00173964   0.0427981
          12   -0.000208   -0.001612   0.0390693
          13     0.02544 0.000468923   0.0359987
          14   -0.017784-0.000834857   0.0333538
          15     0.18956   0.0118581   0.0335449
          16   -0.124568   0.0033315   0.0325162
          17   -0.067152-0.000814588   0.0308238
          18    -0.10232 -0.00645378    0.029603
          19    0.178424  0.00327663   0.0296441
          20    0.046832   0.0054544   0.0282071
          21   -0.132776   -0.001128   0.0276259
          22    0.026176 0.000113091   0.0263695
          23   -0.117864 -0.00501635   0.0257138
          24   -0.071736 -0.00779633   0.0247755
          25     0.30536  0.00472992   0.0268631
          26    0.064016  0.00701015   0.0259098
          27    0.126064   0.0114196   0.0253186
          28     0.15816   0.0166603   0.0249542
          29       -0.26  0.00712028   0.0258993
          30    0.212968   0.0139819   0.0259449
          31    -0.21852  0.00648181   0.0261909
          32    0.002816  0.00636725   0.0253595
          33    -0.00952  0.00588582   0.0245837
          34    0.118224  0.00918988   0.0240775
          35   -0.089728  0.00636366   0.0235496
          36   -0.003424  0.00609178   0.0228877
          37   -0.102744  0.00315027   0.0224541
          38    0.028376  0.00381411   0.0218653
          39    0.227688  0.00955446   0.0220573
          40      -0.164   0.0052156   0.0219322
          41   -0.069208  0.00340039   0.0214675
          42    0.049224  0.00449143   0.0209785
          43     0.31944   0.0118158   0.0217549
          44    0.052456   0.0127395   0.0212748
          45   -0.141888  0.00930329   0.0210786
          46   -0.187048  0.00503478   0.0210525
          47    0.091056  0.00686502   0.0206809
          48    0.106376  0.00893817   0.0203513
          49   -0.119832   0.0063102   0.0201042
          50    -0.09652   0.0042536   0.0198051
          51    -0.01188  0.00393725   0.0194154
          52    0.019336  0.00423338   0.0190407
          53    0.203024  0.00798415   0.0190508
          54    0.042512  0.00862356   0.0187057
          55    0.234432   0.0127292   0.0188158
          56   -0.081136    0.011053   0.0185526
          57   -0.012832    0.010634    0.018229
          58   -0.280088  0.00562152   0.0186001
          59   -0.082592  0.00412637   0.0183432
          60   -0.033504   0.0034992   0.0180458
          61   -0.226056   -0.000264    0.018142
          62   -0.187664 -0.00328658   0.0181012
          63   -0.039624 -0.00386337   0.0178209
          64    0.053544 -0.00296637   0.0175631
          65    0.052544 -0.00211237   0.0173119
          66    -0.20568 -0.00519673   0.0173244
          67    -0.30164 -0.00962125   0.0176281
          68    0.235072 -0.00602282   0.0177358
          69   -0.074984 -0.00702226   0.0175054
          70     0.00624  -0.0068328   0.0172546
          71    0.383696 -0.00133239   0.0178771
          72     0.02588-0.000954444   0.0176311
          73   -0.186384 -0.00349458   0.0175724
          74   -0.202288 -0.00618097   0.0175403
          75    0.186288 -0.00361472   0.0174941
          76   -0.059424 -0.00434905    0.017278
          77    0.143104 -0.00243408   0.0171593
          78    0.245336 0.000742462   0.0172332
          79     0.14688   0.0025923   0.0171139
          80      0.1426   0.0043424    0.016989
          81     0.02892  0.00464583   0.0167807
          82    -0.05084  0.00396917   0.0165886
          83   -0.002632  0.00388964   0.0163877
          84   -0.150888  0.00204705   0.0162959
          85     0.05204   0.0026352   0.0161138
          86    0.089896  0.00364986   0.0159576
          87     0.12104  0.00499917   0.0158308
          88    0.116824  0.00626991   0.0157013
          89    -0.26056  0.00327182   0.0158108
          90   -0.282952 9.15556e-05   0.0159543
          91   -0.331048 -0.00354734   0.0161922
          92    -0.02388 -0.00376835   0.0160167
          93    0.311336-0.000380129   0.0162018
          94   -0.135352   -0.001816   0.0160927
          95   -0.013952 -0.00194375   0.0159229
          96     0.18036  -4.475e-05   0.0158702
          97   -0.046192-0.000520495    0.015713
          98    0.203472  0.00156106   0.0156905
          99    -0.00432  0.00150166   0.0155313
         100    0.089768  0.00238432   0.0154005
           1   -0.013152   -0.013152           0
           2      0.1344    0.060624    0.073776
           3    0.185112     0.10212   0.0594661
           4      0.0434     0.08744   0.0445377
           5    0.468784    0.163709   0.0837084
           6    0.547888    0.227739   0.0936548
           7   -0.598248    0.109741    0.142087
           8    0.192576    0.120095    0.123486
           9    0.136184    0.121883    0.108919
          10   -0.297632   0.0799312    0.106069
          11    0.502144    0.118314    0.103336
          12    -0.20708    0.091198   0.0981522
          13   -0.026424   0.0821502   0.0907391
          14    0.041248   0.0792286   0.0840589
          15     0.12216   0.0820907   0.0783069
          16   -0.496088   0.0459545    0.081678
          17   -0.093176   0.0377704   0.0771584
          18   -0.463848  0.00990267   0.0779008
          19     0.69076   0.0457373   0.0819381
          20    0.350616   0.0609812    0.079214
          21    0.626648   0.0879177   0.0800176
          22     0.11172   0.0889996   0.0763015
          23    0.838632    0.121592   0.0798621
          24   -0.304408    0.103842   0.0784953
          25    0.021424    0.100546   0.0753622
          26   -0.029576   0.0955409   0.0725784
          27   -0.237112   0.0832204    0.070917
          28    0.310616   0.0913417   0.0688183
          29   -0.148008   0.0830883   0.0669138
          30      -0.568   0.0613853   0.0681907
          31    0.156368   0.0644493   0.0660255
          32    0.558704   0.0798948   0.0657683
          33    0.163312   0.0824225   0.0637943
          34    0.671848   0.0997586   0.0642717
          35   -0.037824   0.0958277    0.062532
          36   -0.694736   0.0738676   0.0646163
          37    0.681152   0.0902806   0.0649535
          38   -0.212888   0.0823025   0.0637225
          39    0.810968    0.100986   0.0648183
          40    0.283456    0.105548   0.0633415
          41   -0.496632   0.0908607   0.0634992
          42    0.839472    0.108685   0.0644813
          43    0.875808    0.126525   0.0654425
          44     0.37704    0.132218   0.0641909
          45    0.913864    0.149588    0.065108
          46   -0.295664    0.139909   0.0644084
          47   -0.401392    0.128392   0.0640668
          48    0.231816    0.130546   0.0627548
          49     0.57964    0.139712   0.0621404
          50   -0.706576    0.122786   0.0631938
          51   -0.451184    0.111532   0.0629564
          52    0.465688    0.118342   0.0621084
          53   -0.284328    0.110745   0.0613971
          54    0.046376    0.109553   0.0602612
          55      0.1042    0.109455   0.0591555
          56    0.552096     0.11736   0.0586248
          57    0.366968    0.121739   0.0577534
          58    0.344352    0.125577   0.0568786
          59    0.010016    0.123618   0.0559405
          60   -0.889896    0.106726   0.0575358
          61      0.8038    0.118154   0.0577271
          62   -0.173944    0.113443   0.0569835
          63   -0.736504   0.0999514   0.0576719
          64    -0.64084   0.0883765   0.0579317
          65   -0.841816   0.0740658   0.0588015
          66   -0.391264   0.0670154   0.0583314
          67    0.790264   0.0778101   0.0584594
          68   -0.195112   0.0737966    0.057733
          69    0.587568   0.0812426   0.0573753
          70    0.632904   0.0891234   0.0570963
          71   -0.591584    0.079536    0.057097
          72    -0.31348   0.0740774   0.0565624
          73    0.791832   0.0839097   0.0566421
          74    0.147384   0.0847675    0.055878
          75    -0.00612   0.0835556   0.0551413
          76    0.747728   0.0922947   0.0551082
          77     0.17212   0.0933314   0.0543977
          78   -0.016544   0.0919228   0.0537142
          79   -0.819704   0.0803832    0.054271
          80    0.250792   0.0825133   0.0536306
          81   -0.156192   0.0795663   0.0530463
          82    0.781048    0.088121   0.0530892
          83      0.6448    0.094828   0.0528728
          84    0.418432   0.0986804   0.0523814
          85      0.3458    0.101588    0.051843
          86    0.606504    0.107459    0.051572
          87    0.187288    0.108376    0.050984
          88    0.230744    0.109767   0.0504205
          89   -0.179824    0.106513   0.0499568
          90    0.094312    0.106378   0.0493988
          91    0.001368    0.105224   0.0488666
          92   -0.467232   0.0990012   0.0487314
          93    0.386632    0.102094   0.0483037
          94    0.326112    0.104477   0.0478464
          95    -0.84096   0.0945252   0.0483748
          96    0.605872   0.0998517   0.0481637
          97    0.751008    0.106565    0.048135
          98    0.842416    0.114073   0.0482294
          99    0.065232     0.11358   0.0477423
         100    0.834168    0.120786   0.0478086
