           1     1.33661     1.33661           0
           2     1.39344     1.36502   0.0284171
           3      1.3475     1.35918   0.0174161
           4     1.39983     1.36934   0.0159666
           5     1.43347     1.38217   0.0178173
           6     1.33551     1.37439   0.0164962
           7     1.30458     1.36442   0.0171415
           8     1.29941     1.35629   0.0169236
           9     1.32138     1.35241   0.0154211
          10     1.37007     1.35418   0.0139055
          11     1.30874     1.35005    0.013239
          12     1.37357     1.35201   0.0122433
          13     1.35184       1.352   0.0112622
          14     1.33884     1.35106    0.010469
          15     1.37076     1.35237  0.00983426
          16     1.38883     1.35465  0.00947715
          17     1.33374     1.35342  0.00898677
          18     1.34735     1.35308   0.0084795
          19      1.4104      1.3561   0.0085693
          20     1.32904     1.35475  0.00824135
          21     1.28402     1.35138  0.00853189
          22     1.36956      1.3522  0.00817672
          23     1.31317     1.35051  0.00799534
          24     1.28598     1.34782  0.00811345
          25     1.28892     1.34546  0.00813093
          26     1.37871     1.34674  0.00791595
          27     1.32413      1.3459  0.00766301
          28     1.42393     1.34869  0.00789252
          29     1.44635     1.35206  0.00832685
          30     1.43926     1.35496  0.00855357
          31     1.33174     1.35422  0.00830689
          32     1.33932     1.35375  0.00805657
          33     1.36206       1.354  0.00781267
          34     1.37955     1.35475  0.00761657
          35     1.39315     1.35585  0.00747669
          36     1.30506     1.35444  0.00740172
          37     1.42827     1.35644  0.00747034
          38     1.24606     1.35353   0.0078298
          39     1.33016     1.35293  0.00764989
          40     1.28164     1.35115  0.00766625
          41     1.42195     1.35288  0.00767374
          42     1.40835      1.3542  0.00760438
          43      1.3929      1.3551  0.00747979
          44     1.32999     1.35453  0.00733005
          45     1.40439     1.35563  0.00725047
          46     1.35662     1.35566  0.00709114
          47     1.38731     1.35633  0.00697123
          48     1.36275     1.35646  0.00682576
          49     1.34984     1.35633  0.00668637
          50     1.37482      1.3567  0.00656172
          51     1.35486     1.35666  0.00643187
          52     1.35436     1.35662  0.00630712
          53     1.38648     1.35718  0.00621258
          54     1.40347     1.35804  0.00615642
          55     1.31414     1.35724  0.00609591
          56     1.39093     1.35784  0.00601622
          57     1.34002     1.35753  0.00591799
          58     1.35719     1.35752  0.00581507
          59     1.33374     1.35712  0.00572985
          60     1.36406     1.35724  0.00563473
          61       1.318     1.35659   0.0055788
          62     1.29916     1.35567  0.00556572
          63     1.38061     1.35606  0.00549096
          64     1.43808     1.35734  0.00555435
          65     1.33441     1.35699  0.00547961
          66     1.36435      1.3571  0.00539709
          67     1.38452     1.35751  0.00533166
          68     1.40376     1.35819  0.00529652
          69     1.29145     1.35722  0.00530808
          70     1.42082     1.35813  0.00531001
          71     1.32419     1.35765  0.00525647
          72     1.45737     1.35904  0.00536478
          73      1.3323     1.35867  0.00530345
          74      1.3287     1.35827  0.00524695
          75     1.28509     1.35729  0.00526767
          76     1.41387     1.35804  0.00525093
          77     1.38656     1.35841  0.00519552
          78     1.35197     1.35832  0.00512914
          79     1.43936     1.35935  0.00516665
          80     1.36834     1.35946  0.00510289
          81     1.36508     1.35953  0.00503998
          82     1.38635     1.35986  0.00498887
          83     1.30092     1.35915  0.00497929
          84     1.26146     1.35799  0.00505524
          85     1.34015     1.35778  0.00499981
          86     1.37188     1.35794  0.00494405
          87     1.36233     1.35799  0.00488716
          88      1.4919     1.35951  0.00506528
          89     1.38863     1.35984  0.00501871
          90     1.34576     1.35968   0.0049651
          91     1.29035     1.35892  0.00496899
          92     1.36049     1.35894  0.00491471
          93     1.34826     1.35882  0.00486293
          94     1.34092     1.35863  0.00481469
          95     1.33391     1.35837  0.00477084
          96     1.32153     1.35799  0.00473646
          97     1.35522     1.35796  0.00468746
          98     1.33323     1.35771  0.00464624
          99     1.33875     1.35752  0.00460305
         100     1.34751     1.35742  0.00455789
           1     1.57566     1.57566           0
           2     1.59477     1.58522  0.00955611
           3     1.67364     1.61469   0.0299878
           4     1.64073      1.6212   0.0221815
           5     1.61181     1.61932   0.0172842
           6     1.65343     1.62501   0.0152145
           7     1.57782     1.61827   0.0145188
           8      1.5294     1.60716   0.0167776
           9     1.64445      1.6113   0.0153656
          10     1.49335     1.59951   0.0181109
          11     1.56592     1.59645    0.016664
          12     1.71209     1.60609   0.0180074
          13      1.5293     1.60018   0.0175861
          14     1.70447     1.60763   0.0179047
          15     1.58458     1.60609   0.0167391
          16     1.58266     1.60463   0.0157263
          17     1.58154     1.60327   0.0148346
          18     1.53961     1.59973   0.0144265
          19     1.58377     1.59889    0.013672
          20     1.68637     1.60327   0.0136879
          21     1.59118     1.60269   0.0130325
          22      1.6368     1.60424   0.0125224
          23     1.52713     1.60089   0.0124264
          24     1.58774     1.60034     0.01191
          25     1.58549     1.59975   0.0114391
          26      1.5812     1.59903   0.0110135
          27     1.55777     1.59751   0.0107073
          28     1.52101     1.59477   0.0106734
          29      1.5689     1.59388   0.0103374
          30     1.72293     1.59818   0.0108739
          31     1.56853     1.59723   0.0105607
          32     1.56208     1.59613   0.0102841
          33     1.63475      1.5973   0.0100361
          34      1.6892         1.6   0.0101046
          35     1.64197      1.6012  0.00988466
          36     1.57877     1.60058  0.00962636
          37     1.49574     1.59774  0.00978197
          38     1.61013     1.59807  0.00952665
          39     1.61759     1.59857  0.00929266
          40     1.57574       1.598  0.00907532
          41     1.58826     1.59776  0.00885439
          42     1.54996     1.59662  0.00871563
          43     1.58298     1.59631  0.00851645
          44     1.61966     1.59684  0.00833755
          45     1.60312     1.59698  0.00815136
          46     1.62307     1.59754  0.00799234
          47     1.61572     1.59793     0.00783
          48     1.66885     1.59941  0.00780622
          49     1.69235     1.60131  0.00787704
          50     1.58662     1.60101  0.00772348
          51     1.60526      1.6011  0.00757099
          52     1.60156      1.6011  0.00742397
          53     1.56265     1.60038  0.00731859
          54      1.6357     1.60103  0.00721152
          55     1.54216     1.59996  0.00715964
          56     1.59515     1.59988  0.00703115
          57      1.5624     1.59922  0.00693793
          58      1.5245     1.59793  0.00693791
          59     1.65815     1.59895  0.00689527
          60     1.58827     1.59877  0.00678172
          61     1.62796     1.59925  0.00668675
          62     1.64143     1.59993  0.00661309
          63     1.55195     1.59917  0.00655169
          64     1.59796     1.59915  0.00644853
          65     1.59901     1.59915  0.00634855
          66      1.6081     1.59928  0.00625309
          67     1.62406     1.59965  0.00617014
          68     1.51389     1.59839   0.0062082
          69     1.58789     1.59824  0.00611945
          70     1.60824     1.59838  0.00603309
          71     1.58443     1.59819  0.00595076
          72     1.63294     1.59867  0.00588735
          73     1.60113      1.5987  0.00580624
          74     1.53028     1.59778   0.0058014
          75     1.66532     1.59868  0.00579394
          76     1.63701     1.59918   0.0057394
          77      1.5445     1.59847  0.00570872
          78     1.66006     1.59926   0.0056901
          79     1.59108     1.59916  0.00561857
          80     1.66415     1.59997  0.00560705
          81     1.60565     1.60004  0.00553784
          82     1.55859     1.59954   0.0054932
          83     1.59995     1.59954  0.00542661
          84     1.60388     1.59959  0.00536187
          85     1.48344     1.59823  0.00547179
          86     1.50185     1.59711  0.00552269
          87     1.56863     1.59678  0.00546865
          88     1.58004     1.59659  0.00540949
          89     1.61149     1.59676  0.00535099
          90     1.51351     1.59583  0.00537143
          91     1.62308     1.59613  0.00532051
          92     1.62454     1.59644  0.00527142
          93     1.62817     1.59678  0.00522558
          94     1.68381     1.59771  0.00525194
          95     1.57964     1.59752  0.00519984
          96     1.62912     1.59785  0.00515592
          97     1.63081     1.59819  0.00511379
          98     1.52573     1.59745  0.00511505
          99      1.5444     1.59691   0.0050914
         100     1.56613      1.5966  0.00504962
           1     1.88567     1.88567           0
           2     1.78624     1.83595   0.0497135
           3     2.00149     1.89113    0.062196
           4     1.90227     1.89392   0.0440672
           5     1.95001     1.90514   0.0359309
           6     1.87522     1.90015   0.0297581
           7     1.83555     1.89092   0.0267901
           8      1.8926     1.89113   0.0232019
           9     1.89992     1.89211   0.0204854
          10     1.84874     1.88777    0.018829
          11     1.83073     1.88258   0.0178033
          12     1.98199     1.89087   0.0182416
          13     1.90709     1.89212   0.0168261
          14     1.91415     1.89369   0.0156572
          15     1.89458     1.89375   0.0145762
          16      1.8291     1.88971    0.014221
          17     2.00733     1.89663   0.0150439
          18     1.97689     1.90109   0.0148679
          19     1.87486     1.89971   0.0141312
          20     1.84242     1.89684   0.0137086
          21      1.8606     1.89512   0.0131531
          22     1.87085     1.89401   0.0125894
          23     1.82616     1.89106   0.0123861
          24      1.7766     1.88629   0.0127819
          25     1.76981     1.88163   0.0131155
          26      1.8753     1.88139   0.0126034
          27     1.93949     1.88354    0.012317
          28     1.85489     1.88252    0.011913
          29     1.87875     1.88239   0.0114956
          30     1.96895     1.88527   0.0114745
          31     1.78976     1.88219   0.0115179
          32     1.89213      1.8825   0.0111565
          33     1.95521     1.88471   0.0110353
          34     1.88902     1.88483   0.0107066
          35     1.80271     1.88249   0.0106577
          36     1.95136      1.8844   0.0105326
          37     1.89896     1.88479   0.0102515
          38     1.80744     1.88276   0.0101836
          39     1.97805      1.8852   0.0102156
          40     1.85168     1.88436  0.00999213
          41     1.83668      1.8832  0.00981453
          42     1.98484     1.88562  0.00987896
          43     1.91483      1.8863  0.00967036
          44     1.92135      1.8871  0.00948155
          45     1.92042     1.88784  0.00929799
          46     1.78783     1.88566  0.00934987
          47     1.97093     1.88748  0.00932689
          48     1.87676     1.88725  0.00913324
          49      2.0051     1.88966  0.00926259
          50     1.83766     1.88862  0.00913484
          51     1.85505     1.88796   0.0089781
          52     1.94041     1.88897  0.00886134
          53      1.9768     1.89063  0.00884908
          54     1.90894     1.89097  0.00869028
          55     1.96852     1.89238  0.00864655
          56     1.88092     1.89217  0.00849321
          57     1.93144     1.89286  0.00837128
          58       1.871     1.89248  0.00823431
          59     1.90995     1.89278  0.00809896
          60     1.88173      1.8926  0.00796496
          61     1.84913     1.89188  0.00786564
          62     1.97745     1.89326  0.00785987
          63     1.87063      1.8929  0.00774244
          64     1.92102     1.89334  0.00763316
          65     1.84945     1.89267  0.00754508
          66     1.88942     1.89262  0.00743005
          67     1.85557     1.89207  0.00733918
          68     1.90478     1.89225  0.00723286
          69     1.88854      1.8922  0.00712747
          70     2.07466     1.89481  0.00749292
          71     1.87277     1.89449  0.00739316
          72     1.84437      1.8938  0.00732292
          73      1.9084       1.894  0.00722468
          74     2.03391     1.89589  0.00737291
          75     1.91878     1.89619  0.00728034
          76     1.95684     1.89699  0.00722809
          77     1.93012     1.89742  0.00714656
          78     1.92749     1.89781  0.00706487
          79     1.85414     1.89726  0.00699674
          80     1.95031     1.89792  0.00694049
          81     1.92472     1.89825  0.00686225
          82      1.8234     1.89734  0.00683923
          83     1.95669     1.89805  0.00679407
          84     1.91754     1.89828  0.00671671
          85     2.07338     1.90034  0.00694954
          86     1.79226     1.89909  0.00698229
          87     1.83102      1.8983  0.00694576
          88     1.99234     1.89937  0.00694903
          89     1.89057     1.89927  0.00687121
          90     1.85737     1.89881  0.00681038
          91     2.04273     1.90039  0.00691832
          92     1.80888      1.8994  0.00691462
          93     1.88768     1.89927  0.00684103
          94     2.19333      1.9024  0.00745586
          95     1.91407     1.90252  0.00737798
          96     1.96453     1.90317  0.00732925
          97     1.79049       1.902  0.00734572
          98     1.80801     1.90105  0.00733337
          99     1.94366     1.90148  0.00727166
         100     1.91037     1.90157  0.00719913
           1     2.28862     2.28862           0
           2     2.35225     2.32043   0.0318143
           3     2.32279     2.32122   0.0183848
           4     2.40352     2.34179   0.0243393
           5     2.31983      2.3374   0.0193581
           6     2.33284     2.33664   0.0158241
           7      2.3123     2.33316   0.0138186
           8     2.35703     2.33615   0.0123336
           9     2.24159     2.32564   0.0151225
          10     2.51168     2.34424   0.0230017
          11     2.24519     2.33524    0.022671
          12      2.4537     2.34511   0.0229293
          13     2.33929     2.34466   0.0210967
          14     2.30925     2.34213   0.0196948
          15     2.39722     2.34581   0.0186991
          16     2.33266     2.34498   0.0175106
          17     2.17847     2.33519    0.019144
          18     2.45768     2.34199   0.0192894
          19     2.41883     2.34604   0.0186887
          20     2.48765     2.35312   0.0190913
          21     2.34727     2.35284   0.0181615
          22     2.23176     2.34734   0.0181699
          23     2.57879      2.3574   0.0200676
          24     2.28071      2.3542   0.0194772
          25     2.20156      2.3481   0.0196543
          26     2.25243     2.34442   0.0192384
          27      2.5668     2.35266   0.0202616
          28     2.39095     2.35402   0.0195724
          29      2.2409     2.35012   0.0192841
          30     2.29014     2.34812   0.0187372
          31     2.35217     2.34825   0.0181232
          32      2.1948     2.34346   0.0181911
          33     2.29748     2.34206   0.0176862
          34     2.14907     2.33639   0.0180727
          35     2.26069     2.33423   0.0176815
          36     2.41668     2.33652   0.0173353
          37     2.55555     2.34244   0.0178694
          38     2.36119     2.34293   0.0173998
          39     2.30564     2.34197   0.0169747
          40     2.54139     2.34696   0.0172797
          41     2.41475     2.34861   0.0169339
          42     2.32651     2.34809   0.0165342
          43     2.38554     2.34896   0.0161686
          44     2.30679       2.348   0.0158259
          45      2.3166      2.3473   0.0154859
          46     2.37659     2.34794   0.0151589
          47     2.28367     2.34657   0.0148958
          48     2.28027     2.34519   0.0146474
          49     2.42692     2.34686    0.014442
          50     2.44954     2.34891   0.0142985
          51     2.25095     2.34699   0.0141464
          52     2.24889      2.3451   0.0139993
          53     2.26673     2.34362    0.013812
          54     2.39682     2.34461   0.0135896
          55     2.38086     2.34527   0.0133565
          56     2.45138     2.34716    0.013252
          57     2.38864     2.34789   0.0130377
          58     2.22385     2.34575   0.0129883
          59     2.28606     2.34474   0.0128062
          60     2.43456     2.34624   0.0126797
          61     2.22845     2.34431   0.0126187
          62     2.32745     2.34404   0.0124165
          63     2.36853     2.34442    0.012224
          64      2.4565     2.34618   0.0121583
          65     2.22995     2.34439   0.0121026
          66      2.4833     2.34649   0.0121022
          67      2.2003     2.34431   0.0121183
          68     2.31628      2.3439   0.0119459
          69     2.47931     2.34586   0.0119339
          70     2.36446     2.34613   0.0117652
          71     2.50157     2.34832   0.0118032
          72     2.24347     2.34686   0.0117288
          73     2.44992     2.34827   0.0116529
          74     2.33042     2.34803   0.0114968
          75      2.3613     2.34821   0.0113439
          76      2.3392     2.34809   0.0111943
          77     2.23148     2.34657   0.0111512
          78     2.47608     2.34823   0.0111319
          79     2.30016     2.34763   0.0110069
          80     2.52559     2.34985   0.0110938
          81     2.41067      2.3506   0.0109817
          82     2.30495     2.35004   0.0108612
          83     2.43612     2.35108   0.0107795
          84     2.24962     2.34987   0.0107187
          85     2.27634     2.34901   0.0106271
          86     2.35609     2.34909   0.0105031
          87     2.23921     2.34783   0.0104583
          88     2.33016     2.34763   0.0103407
          89     2.36195     2.34779   0.0102251
          90     2.42405     2.34864   0.0101463
          91     2.49797     2.35028   0.0101675
          92     2.37847     2.35058    0.010061
          93     2.35129     2.35059  0.00995226
          94     2.32605     2.35033  0.00984928
          95      2.2524      2.3493  0.00979942
          96     2.48839     2.35075  0.00980445
          97     2.34345     2.35067  0.00970314
          98     2.45349     2.35172  0.00966076
          99     2.50884     2.35331  0.00969348
         100     2.29915     2.35277  0.00961133
           1     3.04894     3.04894           0
           2     3.08632     3.06763   0.0186904
           3      3.0186     3.05128   0.0195843
           4     2.69068     2.96113   0.0912096
           5      2.9245     2.95381   0.0710295
           6     3.01472     2.96396   0.0588773
           7     2.83109     2.94498   0.0532579
           8     3.01594     2.95385   0.0469679
           9     2.95904     2.95442   0.0414258
          10     2.86213      2.9452   0.0381844
          11     3.04872     2.95461   0.0357985
          12     2.83226     2.94441   0.0342328
          13     3.24121     2.96724   0.0388953
          14     2.88972      2.9617   0.0364334
          15     2.88932     2.95688   0.0342592
          16     2.88625     2.95247   0.0323491
          17     2.95311      2.9525   0.0303867
          18     2.92782     2.95113   0.0286817
          19     2.65606      2.9356   0.0312605
          20     2.74232     2.92594   0.0311912
          21     2.87311     2.92342   0.0297752
          22     3.12255     2.93247   0.0297975
          23     2.90941     2.93147   0.0284901
          24     3.13499     2.93995   0.0285649
          25     3.07045     2.94517   0.0278913
          26     2.82833     2.94068   0.0271713
          27     2.85225      2.9374   0.0263499
          28     2.95815     2.93814   0.0254022
          29     3.00426     2.94042   0.0246164
          30     2.81826     2.93635   0.0241278
          31     3.16902     2.94386   0.0245138
          32     2.95564     2.94422   0.0237383
          33     2.77327     2.93904   0.0235837
          34     2.84553     2.93629   0.0230443
          35     2.93226     2.93618   0.0223765
          36     2.88853     2.93485   0.0217863
          37     2.94398      2.9351   0.0211907
          38     2.84762      2.9328   0.0207536
          39     2.83824     2.93037   0.0203593
          40     3.07871     2.93408   0.0201874
          41     3.02348     2.93626   0.0198092
          42     2.91925     2.93586   0.0193361
          43     2.95445     2.93629    0.018886
          44     2.83306     2.93394   0.0186003
          45     2.83209     2.93168   0.0183226
          46     2.94606     2.93199   0.0179226
          47     2.87935     2.93087   0.0175729
          48     3.09468     2.93429   0.0175381
          49      2.9984     2.93559   0.0172262
          50     2.98019     2.93649   0.0169017
          51     2.88913     2.93556    0.016593
          52     3.07337     2.93821   0.0164852
          53     2.88057     2.93712   0.0162077
          54     2.70593     2.93284   0.0164709
          55      3.0657     2.93525   0.0163481
          56     2.94228     2.93538    0.016054
          57     2.61409     2.92974   0.0167469
          58     2.64932     2.92491   0.0171512
          59      2.9924     2.92605   0.0168968
          60     2.96523     2.92671   0.0166256
          61     2.77062     2.92415   0.0165498
          62     3.05441     2.92625   0.0164157
          63     3.01289     2.92762   0.0162115
          64     2.79309     2.92552    0.016094
          65     2.82555     2.92398    0.015919
          66     2.91997     2.92392    0.015676
          67     2.95547     2.92439   0.0154475
          68     2.97602     2.92515   0.0152375
          69     3.08267     2.92744   0.0151876
          70     3.05441     2.92925   0.0150786
          71     2.89586     2.92878   0.0148721
          72      3.0122     2.92994   0.0147098
          73     3.04493     2.93151   0.0145922
          74     2.85715     2.93051   0.0144287
          75     2.91513      2.9303   0.0142365
          76     2.97809     2.93093    0.014062
          77     2.90759     2.93063   0.0138815
          78     2.72295     2.92797   0.0139586
          79     2.92546     2.92793   0.0137808
          80     2.78906      2.9262   0.0137178
          81     3.19326      2.9295   0.0139428
          82     3.07567     2.93128   0.0138866
          83     2.97899     2.93185   0.0137303
          84     2.73897     2.92956   0.0137588
          85     2.91743     2.92941   0.0135967
          86     3.22564     2.93286   0.0138721
          87     2.97331     2.93332   0.0137196
          88       2.847     2.93234   0.0135983
          89     2.84575     2.93137   0.0134798
          90     3.00574      2.9322   0.0133547
          91     3.17621     2.93488   0.0134766
          92     2.91464     2.93466   0.0133312
          93     3.22136     2.93774   0.0135426
          94     3.23159     2.94087   0.0137576
          95     3.16206     2.94319   0.0138097
          96     2.79287     2.94163   0.0137545
          97     2.96936     2.94191    0.013615
          98     3.01287     2.94264   0.0134948
          99     2.96135     2.94283   0.0133591
         100     3.18486     2.94525   0.0134445
           1     3.60738     3.60738           0
           2     4.13562      3.8715    0.264122
           3      4.0353      3.9261    0.161971
           4     4.15798     3.98407    0.128366
           5     4.27701     4.04266    0.115409
           6     4.17556     4.06481   0.0967996
           7     3.68187      4.0101   0.0984161
           8     4.35199     4.05284   0.0953449
           9     4.40098     4.09152   0.0925574
          10     3.84767     4.06714   0.0863027
          11      4.0547     4.06601   0.0780719
          12     3.84702     4.04776   0.0735688
          13     3.94977     4.04022   0.0680919
          14     3.99186     4.03676   0.0631354
          15      4.0057     4.03469   0.0588123
          16     3.58991      4.0069   0.0616385
          17     3.76465     3.99265    0.059627
          18     3.78731     3.98124   0.0573626
          19     3.65063     3.96384   0.0569813
          20     4.41431     3.98636   0.0585619
          21     3.93513     3.98392   0.0557568
          22     3.70486     3.97124   0.0546544
          23     3.90146      3.9682   0.0523122
          24     4.31369      3.9826   0.0521128
          25     4.13686     3.98877   0.0503642
          26     3.80974     3.98188   0.0488758
          27     4.28078     3.99295   0.0483161
          28     4.04542     3.99483   0.0465963
          29       3.894     3.99135    0.045095
          30     3.56324     3.97708   0.0458435
          31     4.14984     3.98265   0.0446889
          32     4.15516     3.98804   0.0436043
          33      4.1788     3.99382   0.0426558
          34     4.14345     3.99823   0.0416156
          35     4.26628     4.00588   0.0411285
          36     3.59767     3.99454    0.041547
          37     4.09528     3.99727   0.0405001
          38     3.85722     3.99358   0.0395918
          39     3.88782     3.99087   0.0386585
          40     4.40923     4.00133   0.0391043
          41       4.309     4.00883   0.0388698
          42     4.02859      4.0093    0.037936
          43     3.89414     4.00663   0.0371399
          44      3.8761     4.00366   0.0364071
          45     3.95028     4.00247   0.0356086
          46     3.86147     3.99941   0.0349605
          47     3.88101     3.99689   0.0343012
          48     3.93545     3.99561   0.0336034
          49     4.08174     3.99737   0.0329574
          50     3.95624     3.99654    0.032302
          51     3.93464     3.99533   0.0316855
          52     4.12388      3.9978   0.0311684
          53      3.9442     3.99679   0.0305914
          54     3.72987     3.99185   0.0304238
          55     3.79845     3.98833   0.0300718
          56     3.97249     3.98805   0.0295313
          57     3.62467     3.98167   0.0297008
          58     4.11332     3.98394   0.0292724
          59     3.83623     3.98144   0.0288807
          60     3.92503      3.9805   0.0284108
          61     3.98614     3.98059   0.0279413
          62     3.82927     3.97815   0.0275951
          63      3.7203     3.97406   0.0274603
          64     4.11273     3.97623   0.0271145
          65     3.96306     3.97602   0.0266949
          66     3.95453      3.9757   0.0262893
          67     4.11442     3.97777   0.0259766
          68     4.10574     3.97965   0.0256609
          69     3.94893      3.9792   0.0252902
          70     4.09282     3.98083    0.024979
          71     3.81996     3.97856   0.0247287
          72     3.58109     3.97304       0.025
          73      4.2724     3.97714   0.0249938
          74     4.25689     3.98092   0.0249419
          75     3.81179     3.97867   0.0247102
          76     4.01988     3.97921   0.0243889
          77     3.90411     3.97823   0.0240899
          78      4.2191     3.98132   0.0239787
          79     4.09514     3.98276    0.023717
          80      3.9155     3.98192   0.0234338
          81     3.78988     3.97955   0.0232638
          82     3.95886      3.9793   0.0229797
          83     4.29426     3.98309   0.0230161
          84     3.85158     3.98153   0.0227943
          85     4.13554     3.98334   0.0225973
          86      3.8337      3.9816   0.0224007
          87     3.87644     3.98039   0.0221747
          88     3.98727     3.98047   0.0219214
          89     3.95354     3.98017   0.0216758
          90     4.11639     3.98168    0.021487
          91     4.03113     3.98222   0.0212565
          92     3.99698     3.98238   0.0210248
          93     3.83663     3.98082   0.0208564
          94     4.07836     3.98185   0.0206594
          95     3.57938     3.97762   0.0208753
          96     4.40378     3.98206   0.0211283
          97     3.97885     3.98202   0.0209093
          98     3.65994     3.97874   0.0209542
          99     4.08856     3.97985   0.0207711
         100     4.38528      3.9839   0.0209582
           1      5.3451      5.3451           0
           2     5.42429      5.3847   0.0395972
           3     5.93479     5.56806    0.184783
           4     6.06676     5.69273      0.1806
           5     5.80797     5.71578    0.141778
           6     5.62969     5.70143    0.116647
           7     5.96628     5.73927    0.105596
           8     5.83183     5.75084   0.0921778
           9     5.41421     5.71344   0.0894852
          10     6.15325     5.75742   0.0913259
          11     5.96615     5.77639   0.0847588
          12     5.57591     5.75969   0.0791569
          13     5.51927     5.74119   0.0751257
          14     5.36132     5.71406   0.0746581
          15      5.2541     5.68339   0.0759667
          16     5.64203     5.68081   0.0711074
          17     5.38219     5.66324   0.0690649
          18     5.06533     5.63003   0.0730983
          19     5.28039     5.61162   0.0715509
          20     5.44278     5.60318   0.0684021
          21     5.61249     5.60363   0.0650649
          22     5.22776     5.58654   0.0643465
          23     5.69063     5.59107   0.0616515
          24     5.67454     5.59454   0.0591292
          25     5.31078     5.58319   0.0578394
          26     5.57403     5.58284   0.0555714
          27     5.44668      5.5778   0.0537109
          28     6.10865     5.59676   0.0551202
          29     5.41166     5.59038   0.0535672
          30      5.9363     5.60191   0.0530199
          31     5.51535     5.59911    0.051357
          32     5.55372      5.5977   0.0497465
          33     5.54045     5.59596   0.0482466
          34     5.40361      5.5903   0.0471468
          35     5.91111     5.59947   0.0466884
          36     6.04485     5.61184   0.0470294
          37     5.61979     5.61206   0.0457412
          38     5.53082     5.60992   0.0445725
          39     5.47111     5.60636   0.0435603
          40     5.66145     5.60774   0.0424796
          41      5.6292     5.60826   0.0414339
          42     5.83324     5.61362   0.0407886
          43     5.43144     5.60938   0.0400534
          44      5.7342     5.61222   0.0392352
          45      5.5095     5.60993   0.0384213
          46     5.52721     5.60814   0.0376198
          47     5.20276     5.59951   0.0378076
          48     5.41536     5.59567   0.0372098
          49     5.49308     5.59358   0.0365026
          50     6.24555     5.60662    0.038068
          51      5.2408     5.59945   0.0379973
          52     5.75728     5.60248   0.0373828
          53     5.55289     5.60155   0.0366826
          54     5.61298     5.60176   0.0359976
          55     5.95187     5.60812   0.0359058
          56     5.69887     5.60974    0.035296
          57     5.36933     5.60553   0.0349268
          58     5.94692     5.61141   0.0348205
          59     5.27945     5.60579   0.0346846
          60     5.25608     5.59996   0.0345961
          61      5.2499     5.59422   0.0345048
          62     5.72059     5.59626   0.0340049
          63     5.60678     5.59642   0.0334612
          64     5.68845     5.59786   0.0329656
          65     5.33449     5.59381   0.0327064
          66     5.24904     5.58859   0.0326279
          67     6.21289      5.5979   0.0334609
          68     5.18722     5.59186   0.0335138
          69     5.46739     5.59006   0.0330737
          70     5.60863     5.59033   0.0325989
          71     5.66569     5.59139    0.032154
          72     5.45408     5.58948   0.0317616
          73     6.06964     5.59606   0.0320066
          74      5.5023     5.59479   0.0315965
          75     6.36139     5.60501   0.0328054
          76     5.65789     5.60571   0.0323784
          77     5.59001      5.6055   0.0319557
          78     6.15771     5.61258   0.0323281
          79     5.51971     5.61141   0.0319379
          80      5.4585      5.6095    0.031594
          81     5.36521     5.60648   0.0313469
          82     4.87992     5.59762   0.0322051
          83      5.4113     5.59538   0.0318939
          84     5.88748     5.59885   0.0317032
          85      5.4158      5.5967   0.0314019
          86     5.97056     5.60105   0.0313376
          87     5.41603     5.59892   0.0310482
          88     5.53639     5.59821   0.0307016
          89     5.54449     5.59761   0.0303607
          90     5.74767     5.59927   0.0300677
          91     5.41207     5.59722   0.0298066
          92     5.52396     5.59642   0.0294915
          93      5.0808     5.59088   0.0296949
          94     5.29581     5.58774   0.0295445
          95     5.75701     5.58952   0.0292861
          96     5.35749      5.5871   0.0290801
          97     5.55388     5.58676   0.0287807
          98     6.05191     5.59151   0.0288783
          99     5.50197      5.5906   0.0285994
         100     5.60501     5.59075   0.0283123
           1     8.74237     8.74237           0
           2     7.91615     8.32926    0.413114
           3     8.53022     8.39625    0.247739
           4     8.25889     8.36191    0.178512
           5     8.50963     8.39145    0.141396
           6      8.6389     8.43269    0.122595
           7     7.21949     8.25938    0.201924
           8     8.74264     8.31979    0.185011
           9     9.12534     8.40929    0.186102
          10     9.28942      8.4973    0.188291
          11     8.79404     8.52428    0.172439
          12     8.60476     8.53099    0.157557
          13     8.33576     8.51597    0.145707
          14     8.02437     8.48085    0.139394
          15      8.3394     8.47142    0.130111
          16      8.6753     8.48417    0.122373
          17     9.08913     8.51975    0.120332
          18     8.23679     8.50403    0.114534
          19     8.43557     8.50043    0.108398
          20     8.36069     8.49344    0.103072
          21     9.69904     8.55085    0.113613
          22     9.01848     8.57211    0.110392
          23     9.46659       8.611    0.112424
          24     8.93149     8.62435    0.108463
          25     8.44119     8.61703    0.104291
          26     8.57711     8.61549    0.100212
          27     11.3427      8.7165    0.139646
          28     7.85073     8.68558    0.138073
          29     8.27299     8.67135    0.133984
          30      7.1453     8.62048    0.139077
          31     7.13696     8.57263    0.142775
          32     10.3511      8.6282    0.148996
          33     8.38078     8.62071    0.144604
          34     8.80627     8.62616    0.140393
          35     8.37659     8.61903    0.136509
          36     9.13142     8.63327    0.133424
          37      9.8446       8.666    0.133834
          38     8.66046     8.66586    0.130265
          39     8.81837     8.66977    0.126941
          40     8.83587     8.67392    0.123796
          41     8.96789     8.68109    0.120952
          42     8.63355     8.67996    0.118043
          43     8.80054     8.68276    0.115299
          44     7.83833     8.66357    0.114271
          45     8.80316     8.66667    0.111746
          46     8.38385     8.66053    0.109462
          47     9.08449     8.66955    0.107487
          48     9.11337     8.67879     0.10563
          49     8.65765     8.67836    0.103452
          50     8.82891     8.68137    0.101407
          51     8.72815     8.68229   0.0994029
          52     8.81964     8.68493   0.0975083
          53     8.40837     8.67971   0.0957931
          54     8.63687     8.67892   0.0940057
          55     8.93976     8.68366   0.0924025
          56     8.82275     8.68615   0.0907714
          57     9.38392     8.69839   0.0900011
          58     9.53056     8.71274   0.0895921
          59     8.56178     8.71018   0.0880977
          60     10.3536     8.73757   0.0908444
          61     8.79744     8.73855   0.0893482
          62     8.45689     8.73401   0.0880126
          63     8.15184     8.72476   0.0870959
          64     8.87126     8.72705   0.0857548
          65      8.4021     8.72205    0.084573
          66     7.67651     8.70621   0.0847751
          67     9.39114     8.71644   0.0841236
          68     8.50488     8.71332   0.0829356
          69     9.68075     8.72735   0.0829188
          70      8.1288     8.71879   0.0821718
          71     8.42341     8.71463   0.0811129
          72     7.81442     8.70213   0.0809498
          73     9.35822     8.71112   0.0803375
          74     8.52728     8.70863   0.0792834
          75     8.89406     8.71111   0.0782582
          76     9.76573     8.72498   0.0784585
          77     7.31278     8.70664   0.0795752
          78     9.24148      8.7135   0.0788471
          79     9.97539     8.72947   0.0794646
          80     7.79912     8.71784   0.0793221
          81     8.66058     8.71714   0.0783399
          82     7.98201     8.70817   0.0778963
          83     9.12927     8.71325   0.0771191
          84     8.48929     8.71058   0.0762421
          85     8.95649     8.71347   0.0753953
          86     8.96627     8.71641   0.0745714
          87     7.80265     8.70591   0.0744538
          88     9.27868     8.71242   0.0738901
          89     7.86527      8.7029   0.0736727
          90     8.93142     8.70544   0.0728937
          91     8.83729     8.70689   0.0721028
          92     8.42397     8.70381   0.0713811
          93     8.83864     8.70526   0.0706242
          94     8.49429     8.70302   0.0699049
          95     7.83001     8.69383    0.069773
          96     8.19036     8.68858   0.0692412
          97     8.27826     8.68435   0.0686541
          98     9.00151     8.68759    0.068027
          99     7.66445     8.67725   0.0681248
         100     7.83759     8.66886   0.0679608
           1     14.5743     14.5743           0
           2     16.5942     15.5843     1.00991
           3     14.6314     15.2666     0.66397
           4     15.7945     15.3986    0.487694
           5     15.2708      15.373     0.37863
           6     15.6269     15.4153    0.312031
           7     14.6181     15.3015    0.287255
           8     14.9699       15.26    0.252199
           9     14.1601     15.1378    0.253784
          10     16.9426     15.3183    0.289997
          11     15.4756     15.3326    0.262702
          12     15.1527     15.3176    0.240281
          13     14.3523     15.2433    0.233165
          14     16.5931     15.3397     0.23642
          15     15.6578     15.3609    0.221115
          16     16.9783      15.462    0.230215
          17     16.0118     15.4944    0.218654
          18     14.5959     15.4445    0.212106
          19     15.6579     15.4557    0.200946
          20     17.2536     15.5456    0.210766
          21     16.4105     15.5868    0.204666
          22     14.5526     15.5398    0.200724
          23     17.3381      15.618    0.207124
          24     17.3314     15.6893    0.210765
          25     14.0284     15.6229    0.212795
          26     14.8497     15.5932    0.206599
          27     16.1705     15.6146    0.199947
          28     13.2902     15.5315    0.209796
          29     17.3612     15.5946    0.212036
          30     13.6205     15.5288    0.215157
          31     15.4549     15.5264    0.208114
          32     19.3463     15.6458     0.23421
          33     14.0343      15.597    0.232195
          34     16.4488      15.622    0.226651
          35     14.4262     15.5879    0.222716
          36     13.1902     15.5213    0.226457
          37     14.8435      15.503    0.221012
          38     14.1378      15.467    0.218096
          39     14.9054     15.4526    0.212918
          40     16.3089      15.474    0.208628
          41     13.3833      15.423    0.209768
          42     15.3357      15.421    0.204723
          43      16.408     15.4439    0.201219
          44     17.4527     15.4896    0.201824
          45     15.6001      15.492    0.197303
          46     14.4275     15.4689    0.194349
          47     13.8777      15.435    0.193159
          48     11.9215     15.3618    0.202766
          49     16.4397     15.3838    0.199799
          50     15.6742     15.3896    0.195849
          51      14.037     15.3631    0.193794
          52     16.0861      15.377    0.190538
          53     15.0014     15.3699    0.187043
          54     13.6499     15.3381     0.18629
          55     14.0868     15.3153    0.184281
          56     15.3635     15.3162    0.180962
          57     15.5376     15.3201    0.177802
          58     16.5113     15.3406    0.175912
          59     16.1804     15.3548     0.17349
          60     13.3145     15.3208    0.173931
          61     15.8169      15.329    0.171249
          62     17.0541     15.3568    0.170746
          63     16.2694     15.3713    0.168638
          64     14.5002     15.3577    0.166539
          65     14.6818     15.3473    0.164286
          66     14.2768     15.3311    0.162589
          67     17.0222     15.3563     0.16212
          68     13.7854     15.3332    0.161381
          69     14.0081      15.314     0.16018
          70     15.6906     15.3194    0.157967
          71     16.0291     15.3294    0.156046
          72     17.8179     15.3639    0.157698
          73      15.825     15.3702    0.155651
          74     15.9085     15.3775    0.153705
          75     16.2609     15.3893    0.152099
          76     15.4129     15.3896    0.150085
          77     15.0458     15.3851     0.14819
          78      17.265     15.4092     0.14825
          79     15.5826     15.4114    0.146378
          80     14.8178      15.404    0.144727
          81     14.2505     15.3898    0.143636
          82     12.6424     15.3563    0.145777
          83     12.8147     15.3256    0.147229
          84     14.1403     15.3115    0.146148
          85     12.2026      15.275    0.148979
          86     12.5949     15.2438    0.150498
          87     13.4426     15.2231    0.150192
          88     16.0302     15.2323    0.148758
          89     14.2527     15.2213    0.147489
          90      14.376     15.2119    0.146143
          91     13.4693     15.1927    0.145791
          92     16.3189      15.205    0.144716
          93     14.1335     15.1934    0.143614
          94     12.6184      15.166    0.144695
          95      16.189     15.1768    0.143568
          96     14.0139     15.1647    0.142581
          97     15.9009     15.1723    0.141307
          98     15.7751     15.1784    0.139993
          99     15.1254     15.1779    0.138573
         100     12.4033     15.1502    0.139958
           1     38.9831     38.9831           0
           2     30.4731     34.7281     4.25499
           3     36.8123     35.4229     2.55296
           4     31.7682     34.5092     2.02326
           5     38.1384      35.235     1.72714
           6     39.5525     35.9546     1.58318
           7     26.5381     34.6094     1.89735
           8     33.3087     34.4468     1.65118
           9     32.7178     34.2547     1.46882
          10     31.1744     33.9467     1.34938
          11     35.8156     34.1166     1.23233
          12     34.0991     34.1151     1.12496
          13     29.2026     33.7372     1.10165
          14     29.6485     33.4452     1.06092
          15     25.5764     32.9206     1.11833
          16     33.1223     32.9332     1.04618
          17     28.8424     32.6926     1.01175
          18     30.3699     32.5635    0.962572
          19     41.3271     33.0248     1.02066
          20     32.9841     33.0227    0.968289
          21     30.4057     32.8981    0.929419
          22     25.7892      32.575    0.943241
          23     42.2822      32.997    0.995221
          24     30.1997     32.8805    0.959954
          25     35.3065     32.9775    0.925855
          26     26.6875     32.7356    0.921843
          27     26.8002     32.5158    0.913878
          28     33.3812     32.5467    0.881177
          29     33.9808     32.5961    0.851686
          30     34.2289     32.6506    0.824604
          31     27.5541     32.4862    0.814328
          32     33.6583     32.5228     0.78932
          33     38.0179     32.6893     0.78294
          34       26.39      32.504    0.781833
          35     38.2593     32.6685    0.776771
          36     39.7143     32.8642    0.779845
          37     30.6081     32.8032    0.760922
          38     33.6098     32.8244    0.740931
          39     26.3752     32.6591    0.740386
          40     36.6165      32.758     0.72839
          41     32.2618     32.7459    0.710505
          42     30.7694     32.6988    0.694977
          43     37.3118     32.8061    0.687049
          44     30.5778     32.7555    0.673161
          45      28.799     32.6676    0.663879
          46     33.9937     32.6964    0.649927
          47     38.9808     32.8301    0.649853
          48     30.6325     32.7843    0.637815
          49     29.5278     32.7178    0.628188
          50     26.4661     32.5928    0.628068
          51       30.92       32.56    0.616503
          52     28.3553     32.4792    0.609915
          53       34.58     32.5188    0.599608
          54      24.998     32.3795    0.604658
          55     23.6622      32.221    0.614359
          56     23.4558     32.0645    0.623263
          57     34.7241     32.1112    0.614006
          58     39.6671     32.2414    0.617232
          59     37.2099     32.3256    0.612497
          60     32.7218     32.3322    0.602238
          61      35.084     32.3774    0.593998
          62     32.7079     32.3827    0.584364
          63     30.8628     32.3586    0.575519
          64     40.6863     32.4887    0.581208
          65     32.1913     32.4841    0.572215
          66     31.4571     32.4685    0.563693
          67     30.4788     32.4389     0.55601
          68     29.7921     32.3999    0.549153
          69     29.9393     32.3643     0.54231
          70     27.3595     32.2928    0.539267
          71     35.6762     32.3404    0.533749
          72     36.5241     32.3985    0.529481
          73     39.2851     32.4929    0.530631
          74     36.3749     32.5453    0.526033
          75     35.2131     32.5809     0.52019
          76     35.3461     32.6173    0.514587
          77     31.2334     32.5993    0.508178
          78     30.7381     32.5754    0.502188
          79     36.0165      32.619      0.4977
          80     30.7708     32.5959    0.491982
          81     36.4829     32.6439    0.488235
          82     30.6488     32.6196    0.482857
          83     35.1217     32.6497    0.477956
          84     30.1827     32.6203    0.473144
          85     36.0884     32.6611    0.469321
          86     27.0228     32.5956    0.468443
          87     33.7573     32.6089     0.46322
          88     31.3288     32.5944    0.458156
          89     30.7571     32.5737     0.45345
          90      34.902     32.5996    0.449129
          91     38.2301     32.6615    0.448455
          92     27.2727     32.6029    0.447404
          93      35.365     32.6326    0.443563
          94     36.6536     32.6754    0.440898
          95     34.8244      32.698    0.436819
          96     35.0171     32.7222    0.432919
          97     40.5369     32.8027    0.435942
          98     27.6445     32.7501    0.434669
          99     37.8933      32.802    0.433381
         100     39.3478     32.8675    0.433991
           1     72.8725     72.8725           0
           2     68.1091     70.4908     2.38168
           3     89.2214     76.7343     6.39316
           4     83.2762     78.3698     4.80739
           5     79.7222     78.6403      3.7336
           6     83.0965      79.383     3.13764
           7     73.9424     78.6057     2.76334
           8      79.194     78.6793     2.39426
           9     81.5711     79.0006     2.13584
          10     68.8936     77.9899     2.16124
          11     69.8045     77.2458     2.09175
          12     79.9072     77.4675     1.92234
          13     61.9337     76.2726     2.13417
          14     82.1397     76.6917     2.01981
          15     75.6341     76.6212     1.88166
          16     83.3862      77.044      1.8102
          17     78.3301     77.1197     1.70207
          18     87.0969      77.674     1.69776
          19     77.0858      77.643     1.60622
          20     77.1489     77.6183     1.52399
          21     68.6577     77.1916      1.5111
          22     83.6926     77.4871     1.47077
          23     80.4622     77.6165     1.41131
          24     74.1571     77.4723     1.35889
          25     84.0975     77.7373     1.33007
          26     70.8201     77.4713     1.30529
          27     77.7211     77.4805     1.25605
          28     60.2283     76.8644     1.35817
          29     83.9186     77.1076     1.33288
          30     79.2447     77.1789     1.28966
          31     83.6091     77.3863     1.26449
          32     76.8223     77.3687     1.22446
          33      72.055     77.2076     1.19765
          34     81.1109     77.3224     1.16755
          35     79.2456     77.3774     1.13503
          36     90.3275     77.7371     1.16023
          37      84.001     77.9064     1.14106
          38     78.1449     77.9127     1.11065
          39     83.6827     78.0606     1.09186
          40     85.7767     78.2535     1.08156
          41     87.5602     78.4805       1.079
          42     80.0458     78.5178     1.05365
          43     85.5008     78.6802     1.04159
          44     80.2035     78.7148     1.01823
          45     87.8588      78.918     1.01588
          46     80.9622     78.9625    0.994543
          47     58.3522     78.5239     1.06739
          48      87.624     78.7135     1.06198
          49       76.85     78.6755     1.04077
          50     75.5155     78.6123      1.0217
          51       86.12     78.7595     1.01223
          52     70.2646     78.5961     1.00593
          53     85.4966     78.7263    0.995316
          54     76.7627       78.69    0.977387
          55     65.0912     78.4427    0.990798
          56     72.4279     78.3353    0.978855
          57     78.6723     78.3412    0.961547
          58     78.7989     78.3491    0.944856
          59     92.2678      78.585    0.958198
          60     84.9929     78.6918    0.948127
          61     78.0919      78.682    0.932506
          62     81.4456     78.7266    0.918425
          63     88.0472     78.8745    0.915759
          64     84.9967     78.9702    0.906398
          65     83.0447     79.0329    0.894544
          66     90.9107     79.2128    0.899082
          67      75.449     79.1566    0.887341
          68     88.2976     79.2911     0.88447
          69     67.9445     79.1266    0.886935
          70      68.599     78.9762    0.887015
          71     73.5586     78.8999    0.877756
          72     75.8774     78.8579    0.866496
          73     83.1247     78.9164    0.856541
          74     83.4149     78.9772    0.847071
          75     80.2028     78.9935     0.83586
          76     73.3777     78.9196    0.828092
          77     73.4131     78.8481    0.820389
          78     78.9933       78.85    0.809805
          79     80.9395     78.8764    0.799926
          80     71.6423      78.786    0.795023
          81     86.5435     78.8818    0.790967
          82     74.8331     78.8324     0.78282
          83      86.211     78.9213    0.778424
          84      71.065     78.8278    0.774767
          85     85.5542     78.9069    0.769676
          86     71.5691     78.8216    0.765444
          87     81.8512     78.8564    0.757396
          88     73.8884        78.8    0.750865
          89     81.2161     78.8271    0.742877
          90     87.0956      78.919    0.740299
          91      72.228     78.8454    0.735801
          92     74.3147     78.7962    0.729424
          93     85.7524      78.871    0.725405
          94      82.437     78.9089    0.718648
          95      81.402     78.9352    0.711527
          96     81.9361     78.9664     0.70477
          97     78.1086     78.9576    0.697523
          98      79.536     78.9635    0.690394
          99     54.0864     78.7122    0.728119
         100     81.8565     78.7437    0.721487
