           1   -0.462944   -0.462944           0
           2     -0.4592   -0.461072    0.001872
           3    -0.46376   -0.461968   0.0014039
           4   -0.464592   -0.462624  0.00118988
           5   -0.463024   -0.462704  0.00092514
           6   -0.460368   -0.462315 0.000849806
           7   -0.459264   -0.461879 0.000840099
           8   -0.456816   -0.461246 0.000964278
           9   -0.461056   -0.461225 0.000850675
          10    -0.45888    -0.46099 0.000796181
          11    -0.46248   -0.461126 0.000732794
          12   -0.463456    -0.46132  0.00069656
          13   -0.461808   -0.461358 0.000641841
          14   -0.463888   -0.461538  0.00062111
          15    -0.46048   -0.461468  0.00058251
          16    -0.46264   -0.461541 0.000549792
          17   -0.465536   -0.461776 0.000567393
          18   -0.464832   -0.461946 0.000561239
          19   -0.460496   -0.461869 0.000536334
          20   -0.462336   -0.461893 0.000509346
          21   -0.460368    -0.46182 0.000489895
          22     -0.4628   -0.461865 0.000469215
          23    -0.46016   -0.461791 0.000454436
          24   -0.463792   -0.461874 0.000443009
          25   -0.460464   -0.461818 0.000428646
          26   -0.465584   -0.461962 0.000436564
          27   -0.466736   -0.462139 0.000455772
          28   -0.462688   -0.462159  0.00043963
          29   -0.464944   -0.462255 0.000434935
          30   -0.465216   -0.462354 0.000431625
          31   -0.463792     -0.4624  0.00042004
          32   -0.462416     -0.4624 0.000406702
          33   -0.461088   -0.462361 0.000396187
          34   -0.462352    -0.46236 0.000384358
          35   -0.462256   -0.462357 0.000373226
          36   -0.465056   -0.462432 0.000370375
          37   -0.463744   -0.462468 0.000361966
          38   -0.458048   -0.462352 0.000371015
          39   -0.460784   -0.462311 0.000363605
          40   -0.459536   -0.462242 0.000361127
          41   -0.465856    -0.46233 0.000363071
          42   -0.463648   -0.462362 0.000355708
          43   -0.461936   -0.462352 0.000347478
          44   -0.460624   -0.462312 0.000341752
          45   -0.465616   -0.462386 0.000342043
          46    -0.45832   -0.462297 0.000346004
          47   -0.463568   -0.462324  0.00033964
          48   -0.462192   -0.462322   0.0003325
          49    -0.46328   -0.462341 0.000326231
          50   -0.464464   -0.462384 0.000322447
          51   -0.457632   -0.462291 0.000329508
          52   -0.462864   -0.462302 0.000323297
          53   -0.462272   -0.462301 0.000317139
          54    -0.46312   -0.462316  0.00031158
          55    -0.46096   -0.462291 0.000306854
          56   -0.466672    -0.46237 0.000311313
          57    -0.46184    -0.46236 0.000305944
          58   -0.459248   -0.462307 0.000305374
          59   -0.460816   -0.462281 0.000301216
          60   -0.463872   -0.462308 0.000297337
          61   -0.460864   -0.462284 0.000293378
          62   -0.461264   -0.462268 0.000289077
          63   -0.461472   -0.462255 0.000284731
          64   -0.466688   -0.462324 0.000288679
          65   -0.465152   -0.462368 0.000287513
          66   -0.461872    -0.46236 0.000283223
          67   -0.461616   -0.462349 0.000279185
          68   -0.462304   -0.462349 0.000275049
          69   -0.462528   -0.462351 0.000271046
          70    -0.46344   -0.462367 0.000267599
          71   -0.464416   -0.462396 0.000265377
          72   -0.465792   -0.462443 0.000265883
          73   -0.459776   -0.462406 0.000264748
          74   -0.465104   -0.462443 0.000263678
          75   -0.458128   -0.462385 0.000266424
          76   -0.464176   -0.462409 0.000263949
          77   -0.461104   -0.462392 0.000261049
          78   -0.459728   -0.462358 0.000259934
          79   -0.466944   -0.462416 0.000263107
          80    -0.45992   -0.462385 0.000261664
          81    -0.45904   -0.462343 0.000261692
          82     -0.4616   -0.462334 0.000258639
          83   -0.467024   -0.462391 0.000261677
          84   -0.461056   -0.462375 0.000259031
          85   -0.465088   -0.462407 0.000257948
          86   -0.462768   -0.462411 0.000254966
          87   -0.463296   -0.462421 0.000252223
          88   -0.465008   -0.462451 0.000251067
          89   -0.462448   -0.462451  0.00024823
          90    -0.45496   -0.462367 0.000259183
          91   -0.465376     -0.4624 0.000258443
          92   -0.460512    -0.46238 0.000256441
          93    -0.46008   -0.462355 0.000254871
          94   -0.466384   -0.462398 0.000255762
          95   -0.464352   -0.462419  0.00025389
          96   -0.457536   -0.462368 0.000256328
          97   -0.459456   -0.462338 0.000255441
          98    -0.45968   -0.462311 0.000254272
          99   -0.462624   -0.462314  0.00025171
         100   -0.463216   -0.462323 0.000249343
           1   -0.493456   -0.493456           0
           2    -0.49016   -0.491808    0.001648
           3    -0.49632   -0.493312   0.0017797
           4    -0.49608   -0.494004  0.00143615
           5   -0.496752   -0.494554   0.0012408
           6   -0.495888   -0.494776  0.00103723
           7   -0.491408   -0.494295 0.000999979
           8   -0.490048   -0.493764  0.00101576
           9   -0.492848   -0.493662 0.000901584
          10   -0.487632   -0.493059  0.00100694
          11   -0.493056   -0.493059 0.000910807
          12   -0.495744   -0.493283 0.000861032
          13   -0.496992   -0.493568 0.000841863
          14   -0.496384   -0.493769 0.000804949
          15   -0.494096   -0.493791 0.000749684
          16   -0.494976   -0.493865 0.000705166
          17   -0.493744   -0.493858 0.000662426
          18   -0.493632   -0.493845 0.000624667
          19   -0.492912   -0.493796 0.000592915
          20   -0.494848   -0.493849 0.000564941
          21   -0.489312   -0.493633 0.000579167
          22   -0.492992   -0.493604 0.000552982
          23   -0.490144   -0.493453 0.000549386
          24   -0.493408   -0.493451    0.000526
          25   -0.492384   -0.493409 0.000506325
          26   -0.494864   -0.493465 0.000489671
          27   -0.498256   -0.493642 0.000503496
          28      -0.494   -0.493655 0.000485349
          29   -0.495808   -0.493729 0.000474163
          30    -0.49576   -0.493797  0.00046306
          31   -0.492272   -0.493748 0.000450566
          32   -0.491152   -0.493666 0.000443736
          33   -0.495904   -0.493734 0.000435391
          34   -0.492464   -0.493697  0.00042404
          35   -0.491952   -0.493647 0.000414754
          36    -0.49568   -0.493704 0.000407005
          37   -0.494016   -0.493712 0.000395942
          38     -0.4916   -0.493656 0.000389369
          39   -0.492352   -0.493623 0.000380725
          40   -0.489792   -0.493527 0.000383245
          41   -0.495792   -0.493582 0.000377841
          42   -0.492528   -0.493557 0.000369589
          43   -0.491792   -0.493516 0.000363219
          44   -0.493664    -0.49352 0.000354884
          45   -0.496048   -0.493576 0.000351428
          46   -0.489504   -0.493487 0.000354919
          47   -0.493744   -0.493493 0.000347328
          48   -0.496592   -0.493557 0.000346092
          49   -0.492192   -0.493529 0.000340098
          50      -0.496   -0.493579  0.00033687
          51   -0.490464   -0.493518   0.0003358
          52    -0.49072   -0.493464 0.000333646
          53    -0.49304   -0.493456 0.000327388
          54    -0.49376   -0.493462 0.000321317
          55   -0.492976   -0.493453 0.000315545
          56   -0.496528   -0.493508 0.000314687
          57   -0.492144   -0.493484 0.000310041
          58   -0.488192   -0.493393 0.000318018
          59   -0.491152   -0.493355  0.00031488
          60   -0.495696   -0.493394 0.000312037
          61    -0.49096   -0.493354 0.000309461
          62   -0.493552   -0.493357 0.000304446
          63   -0.492592   -0.493345  0.00029982
          64   -0.496832   -0.493399 0.000300087
          65   -0.495712   -0.493435 0.000297569
          66   -0.493424   -0.493435 0.000293026
          67   -0.494784   -0.493455 0.000289321
          68   -0.492832   -0.493446 0.000285181
          69    -0.49048   -0.493403 0.000284286
          70   -0.492736   -0.493393 0.000280357
          71   -0.494032   -0.493402 0.000276526
          72   -0.495072   -0.493425 0.000273643
          73   -0.493616   -0.493428 0.000269881
          74   -0.497232   -0.493479 0.000271127
          75   -0.493712   -0.493482 0.000267506
          76    -0.49392   -0.493488 0.000264025
          77   -0.493744   -0.493492 0.000260595
          78   -0.491856   -0.493471 0.000258086
          79   -0.494944   -0.493489 0.000255479
          80   -0.491152    -0.49346 0.000253952
          81   -0.493184   -0.493457  0.00025082
          82   -0.492448   -0.493444 0.000248048
          83   -0.497008   -0.493487 0.000248774
          84   -0.493008   -0.493482 0.000245861
          85   -0.495744   -0.493508 0.000244405
          86   -0.492592   -0.493497 0.000241781
          87   -0.494208   -0.493506 0.000239125
          88   -0.492768   -0.493497 0.000236541
          89   -0.494528   -0.493509 0.000234155
          90   -0.488048   -0.493448 0.000239357
          91    -0.49656   -0.493482 0.000239169
          92    -0.49104   -0.493456  0.00023804
          93   -0.495216   -0.493475 0.000236226
          94   -0.495856     -0.4935 0.000235068
          95   -0.495936   -0.493526  0.00023399
          96   -0.486816   -0.493456 0.000241859
          97   -0.490464   -0.493425 0.000241332
          98    -0.49536   -0.493445 0.000239671
          99   -0.491104   -0.493421 0.000238413
         100   -0.494336    -0.49343 0.000236194
           1   -0.527712   -0.527712           0
           2   -0.528112   -0.527912      0.0002
           3   -0.532128   -0.529317  0.00141007
           4       -0.53   -0.529488  0.00101157
           5   -0.530192   -0.529629 0.000796109
           6      -0.524   -0.528691  0.00114132
           7    -0.52432   -0.528066  0.00114904
           8   -0.527072   -0.527942  0.00100283
           9    -0.52528   -0.527646 0.000932561
          10    -0.52824   -0.527706 0.000836219
          11   -0.529616   -0.527879 0.000776071
          12    -0.52848   -0.527929 0.000710219
          13   -0.530752   -0.528146 0.000688443
          14   -0.532848   -0.528482 0.000720433
          15   -0.529488   -0.528549  0.00067403
          16   -0.527824   -0.528504 0.000632125
          17   -0.529488   -0.528562 0.000596592
          18    -0.52992   -0.528637 0.000567511
          19   -0.526208   -0.528509 0.000551828
          20   -0.528896   -0.528529 0.000523867
          21   -0.524624   -0.528343  0.00053186
          22   -0.527488   -0.528304 0.000508595
          23    -0.52616   -0.528211 0.000494839
          24   -0.527728   -0.528191 0.000474199
          25   -0.527872   -0.528178 0.000455014
          26    -0.52912   -0.528214 0.000438662
          27   -0.532464   -0.528372 0.000450496
          28    -0.52936   -0.528407 0.000435541
          29    -0.53088   -0.528492  0.00042882
          30   -0.528352   -0.528487 0.000414306
          31   -0.524448   -0.528357 0.000421372
          32   -0.529056   -0.528379 0.000408576
          33   -0.526992   -0.528337 0.000398226
          34   -0.522336    -0.52816 0.000424744
          35      -0.526   -0.528099 0.000417023
          36   -0.526944   -0.528067 0.000406541
          37    -0.53168   -0.528164 0.000407282
          38   -0.526176   -0.528112 0.000399858
          39     -0.5228   -0.527976   0.0004126
          40   -0.528528    -0.52799  0.00040239
          41    -0.52776   -0.527984 0.000392493
          42   -0.525824   -0.527933 0.000386471
          43   -0.526624   -0.527902 0.000378601
          44    -0.52776   -0.527899 0.000369911
          45   -0.527056    -0.52788 0.000362082
          46    -0.52488   -0.527815 0.000360079
          47   -0.529248   -0.527845 0.000353651
          48   -0.529984    -0.52789  0.00034906
          49   -0.526176   -0.527855 0.000343647
          50   -0.527504   -0.527848 0.000336777
          51   -0.526368   -0.527819 0.000331381
          52   -0.525216   -0.527769 0.000328779
          53   -0.530176   -0.527814 0.000325698
          54   -0.527536   -0.527809 0.000319651
          55   -0.527168   -0.527798 0.000314002
          56   -0.531584   -0.527865  0.00031567
          57   -0.528832   -0.527882 0.000310546
          58   -0.525456    -0.52784 0.000307999
          59   -0.525472     -0.5278 0.000305383
          60   -0.530864   -0.527851 0.000304561
          61   -0.528128   -0.527856 0.000299561
          62   -0.530464   -0.527898 0.000297678
          63   -0.527856   -0.527897 0.000292915
          64   -0.531232   -0.527949 0.000292973
          65   -0.532064   -0.528013 0.000295296
          66    -0.53072   -0.528054 0.000293667
          67     -0.5268   -0.528035 0.000289855
          68   -0.527232   -0.528023 0.000285804
          69    -0.52896   -0.528037 0.000281959
          70   -0.528704   -0.528046 0.000278065
          71   -0.530832   -0.528085 0.000276915
          72   -0.530832   -0.528124 0.000275694
          73   -0.528496   -0.528129 0.000271939
          74     -0.5316   -0.528176  0.00027231
          75     -0.5304   -0.528205 0.000270286
          76   -0.531376   -0.528247  0.00026995
          77   -0.528112   -0.528245 0.000266427
          78    -0.53024   -0.528271 0.000264229
          79   -0.531968   -0.528318 0.000265028
          80   -0.527728    -0.52831 0.000261798
          81   -0.529856   -0.528329 0.000259249
          82    -0.52872   -0.528334 0.000256112
          83   -0.529168   -0.528344 0.000253207
          84   -0.529728   -0.528361 0.000250717
          85   -0.535456   -0.528444 0.000261434
          86   -0.526096   -0.528417 0.000259815
          87    -0.52752   -0.528406 0.000257018
          88   -0.528352   -0.528406 0.000254082
          89    -0.53072   -0.528432 0.000252553
          90   -0.524224   -0.528385 0.000254069
          91   -0.530912   -0.528413 0.000252792
          92   -0.524592   -0.528371 0.000253455
          93   -0.527264   -0.528359 0.000250997
          94    -0.53192   -0.528397 0.000251185
          95   -0.528416   -0.528397 0.000248527
          96   -0.525248   -0.528365 0.000248103
          97   -0.524528   -0.528325 0.000248698
          98   -0.527456   -0.528316 0.000246306
          99   -0.527696    -0.52831 0.000243886
         100   -0.529408   -0.528321 0.000241685
           1   -0.567552   -0.567552           0
           2   -0.572528    -0.57004    0.002488
           3   -0.568896   -0.569659   0.0014862
           4   -0.568656   -0.569408  0.00108039
           5   -0.569248   -0.569376 0.000837474
           6   -0.565632   -0.568752 0.000925717
           7       -0.56   -0.567502   0.0014749
           8   -0.567536   -0.567506  0.00127731
           9   -0.567104   -0.567461  0.00112736
          10   -0.566848     -0.5674  0.00101021
          11   -0.572336   -0.567849    0.001018
          12   -0.569648   -0.567999 0.000941322
          13   -0.571136    -0.56824 0.000898893
          14   -0.571072   -0.568442 0.000856445
          15   -0.568304   -0.568433  0.00079736
          16   -0.568672   -0.568448 0.000746012
          17   -0.566384   -0.568327 0.000711196
          18    -0.57288    -0.56858 0.000716653
          19   -0.567312   -0.568513 0.000681161
          20   -0.567552   -0.568465  0.00064799
          21    -0.56568   -0.568332 0.000630465
          22   -0.570992   -0.568453 0.000613162
          23   -0.569456   -0.568497 0.000587517
          24   -0.568128   -0.568481 0.000562715
          25   -0.570064   -0.568545 0.000543437
          26   -0.569808   -0.568593 0.000524374
          27   -0.570064   -0.568648  0.00050751
          28     -0.5712   -0.568739 0.000497472
          29   -0.567808   -0.568707 0.000481083
          30   -0.565632   -0.568604 0.000475937
          31   -0.567664   -0.568574 0.000461327
          32   -0.567968   -0.568555 0.000447079
          33    -0.57224   -0.568667 0.000447476
          34   -0.564752   -0.568552 0.000449125
          35    -0.56648   -0.568492 0.000440102
          36   -0.568144   -0.568483 0.000427812
          37   -0.571152   -0.568555 0.000422297
          38   -0.567344   -0.568523 0.000412266
          39   -0.564352   -0.568416 0.000415554
          40   -0.567536   -0.568394 0.000405629
          41   -0.568384   -0.568394 0.000395612
          42   -0.566944   -0.568359 0.000387618
          43   -0.566576   -0.568318 0.000380761
          44   -0.566128   -0.568268 0.000375321
          45   -0.573072   -0.568375 0.000382102
          46   -0.570864   -0.568429 0.000377601
          47    -0.56888   -0.568438 0.000369604
          48   -0.567728   -0.568424 0.000362125
          49   -0.566256   -0.568379 0.000357406
          50   -0.570016   -0.568412 0.000351711
          51   -0.567616   -0.568397 0.000345099
          52   -0.565424   -0.568339 0.000343192
          53    -0.57256   -0.568419 0.000345945
          54    -0.56408   -0.568339 0.000348858
          55   -0.568176   -0.568336 0.000342469
          56   -0.573088   -0.568421  0.00034684
          57   -0.568496   -0.568422 0.000340703
          58   -0.566224   -0.568384 0.000336915
          59   -0.564928   -0.568325 0.000336296
          60   -0.567568   -0.568313 0.000330885
          61    -0.56672   -0.568287 0.000326461
          62   -0.565664   -0.568244 0.000323926
          63   -0.569552   -0.568265 0.000319418
          64   -0.570816   -0.568305 0.000316904
          65   -0.567088   -0.568286 0.000312552
          66   -0.567552   -0.568275 0.000307981
          67   -0.564416   -0.568218 0.000308769
          68   -0.564704   -0.568166 0.000308552
          69   -0.574672    -0.56826 0.000318333
          70   -0.569648    -0.56828 0.000314378
          71    -0.57144   -0.568325 0.000313098
          72   -0.569792   -0.568345 0.000309391
          73    -0.56968   -0.568363 0.000305671
          74   -0.566464   -0.568338 0.000302602
          75   -0.571056   -0.568374 0.000300732
          76    -0.56992   -0.568394 0.000297446
          77   -0.566704   -0.568372 0.000294377
          78   -0.564624   -0.568324 0.000294525
          79   -0.570352    -0.56835 0.000291903
          80   -0.565216   -0.568311 0.000290881
          81   -0.569856    -0.56833   0.0002879
          82    -0.56976   -0.568347 0.000284902
          83    -0.57152   -0.568385 0.000284033
          84   -0.570736   -0.568413 0.000282023
          85   -0.569088   -0.568421 0.000278798
          86   -0.569936   -0.568439   0.0002761
          87   -0.570304    -0.56846 0.000273749
          88   -0.568944   -0.568466 0.000270676
          89   -0.572464   -0.568511 0.000271362
          90   -0.565248   -0.568474 0.000270767
          91    -0.57264    -0.56852  0.00027166
          92   -0.569024   -0.568526 0.000268746
          93   -0.568144   -0.568522 0.000265873
          94   -0.567488   -0.568511 0.000263259
          95   -0.572624   -0.568554 0.000264047
          96   -0.569952   -0.568568 0.000261688
          97    -0.56496   -0.568531 0.000261634
          98   -0.569792   -0.568544  0.00025927
          99   -0.569056   -0.568549  0.00025669
         100   -0.570048   -0.568564 0.000254551
           1      -0.616      -0.616           0
           2   -0.611024   -0.613512    0.002488
           3   -0.615184   -0.614069  0.00154078
           4   -0.613744   -0.613988  0.00109253
           5   -0.613248    -0.61384 0.000859112
           6     -0.6108   -0.613333 0.000865309
           7    -0.60944   -0.612777 0.000918791
           8   -0.610992   -0.612554 0.000826393
           9   -0.612608    -0.61256 0.000728835
          10    -0.60752   -0.612056    0.000824
          11   -0.613648   -0.612201 0.000759257
          12   -0.616416   -0.612552 0.000777036
          13    -0.61952   -0.613088 0.000893416
          14    -0.61456   -0.613193 0.000833798
          15   -0.617808   -0.613501 0.000834971
          16   -0.612976   -0.613468 0.000781732
          17   -0.613344   -0.613461 0.000734346
          18   -0.613568   -0.613467 0.000692373
          19   -0.609968   -0.613283 0.000680314
          20   -0.609824    -0.61311 0.000668168
          21   -0.608608   -0.612895 0.000670731
          22   -0.614896   -0.612986 0.000645951
          23   -0.612112   -0.612948 0.000618397
          24   -0.616144   -0.613081 0.000606859
          25   -0.613776   -0.613109 0.000582742
          26   -0.612272   -0.613077 0.000560805
          27   -0.614288   -0.613122 0.000541496
          28   -0.610896   -0.613042 0.000527819
          29   -0.611904   -0.613003 0.000510803
          30   -0.611584   -0.612956 0.000495745
          31   -0.611968   -0.612924 0.000480544
          32    -0.61176   -0.612888 0.000466704
          33    -0.61272   -0.612882 0.000452369
          34   -0.609232   -0.612775 0.000451805
          35   -0.611552    -0.61274 0.000440096
          36   -0.612608   -0.612736 0.000427712
          37   -0.614896   -0.612795 0.000420066
          38    -0.61216   -0.612778 0.000409203
          39   -0.612416   -0.612769 0.000398681
          40   -0.612736   -0.612768 0.000388587
          41    -0.61464   -0.612814 0.000381731
          42   -0.615632   -0.612881 0.000378527
          43     -0.6108   -0.612832 0.000372773
          44   -0.610848   -0.612787 0.000366984
          45   -0.611376   -0.612756 0.000360105
          46   -0.616032   -0.612827 0.000359318
          47   -0.614208   -0.612857 0.000352815
          48   -0.613616   -0.612872 0.000345749
          49   -0.613968   -0.612895 0.000339357
          50   -0.612464   -0.612886 0.000332612
          51   -0.613616     -0.6129 0.000326339
          52     -0.6096   -0.612837 0.000326235
          53   -0.615008   -0.612878 0.000322632
          54   -0.608224   -0.612792 0.000328121
          55   -0.610896   -0.612757 0.000323939
          56   -0.615952   -0.612814 0.000323177
          57    -0.61312    -0.61282 0.000317502
          58    -0.60928   -0.612759 0.000317893
          59   -0.610784   -0.612725 0.000314246
          60   -0.611952   -0.612712 0.000309233
          61     -0.6124   -0.612707 0.000304164
          62   -0.610608   -0.612673 0.000301127
          63   -0.610112   -0.612633 0.000299085
          64   -0.615728   -0.612681 0.000298321
          65   -0.611712   -0.612666 0.000294074
          66   -0.613216   -0.612674 0.000289704
          67   -0.612528   -0.612672 0.000285356
          68   -0.612144   -0.612664 0.000281235
          69   -0.617328   -0.612732 0.000285252
          70   -0.615648   -0.612774 0.000284217
          71   -0.618016   -0.612848  0.00028975
          72   -0.613264   -0.612853 0.000285756
          73   -0.615648   -0.612892 0.000284403
          74   -0.614544   -0.612914 0.000281421
          75   -0.610752   -0.612885 0.000279136
          76   -0.614096   -0.612901 0.000275899
          77   -0.609792   -0.612861 0.000275269
          78   -0.609776   -0.612821  0.00027458
          79   -0.615296   -0.612852 0.000272886
          80    -0.60888   -0.612803 0.000273991
          81    -0.61624   -0.612845 0.000273894
          82   -0.616928   -0.612895 0.000275077
          83   -0.618272    -0.61296 0.000279358
          84   -0.611072   -0.612937 0.000276926
          85   -0.614592   -0.612957  0.00027434
          86   -0.616608   -0.612999 0.000274435
          87   -0.615808   -0.613032 0.000273177
          88   -0.611392   -0.613013 0.000270697
          89   -0.609648   -0.612975 0.000270295
          90     -0.6108   -0.612951 0.000268365
          91   -0.613936   -0.612962 0.000265621
          92   -0.614608    -0.61298 0.000263326
          93   -0.614816   -0.612999 0.000261227
          94   -0.612224   -0.612991 0.000258564
          95   -0.618304   -0.613047 0.000261869
          96   -0.612032   -0.613036 0.000259343
          97   -0.612176   -0.613028 0.000256809
          98   -0.617264   -0.613071 0.000257824
          99     -0.6128   -0.613068 0.000255221
         100   -0.616912   -0.613107 0.000255564
           1   -0.665152   -0.665152           0
           2   -0.662448     -0.6638    0.001352
           3   -0.667328   -0.664976  0.00141148
           4   -0.668032    -0.66574  0.00125691
           5    -0.66616   -0.665824 0.000977219
           6   -0.665904   -0.665837 0.000798007
           7   -0.658896   -0.664846  0.00119924
           8   -0.663776   -0.664712  0.00104714
           9   -0.664032   -0.664636  0.00092658
          10   -0.663552   -0.664528 0.000835824
          11   -0.668128   -0.664855 0.000823827
          12   -0.665616   -0.664919 0.000754715
          13   -0.661696   -0.664671 0.000737168
          14   -0.667104   -0.664845 0.000704268
          15   -0.665728   -0.664903 0.000658278
          16   -0.661472   -0.664689 0.000652042
          17   -0.664064   -0.664652  0.00061359
          18   -0.664592   -0.664649 0.000578508
          19   -0.663632   -0.664595 0.000549824
          20   -0.665824   -0.664657 0.000525214
          21   -0.661072   -0.664486 0.000527938
          22   -0.665344   -0.664525 0.000504878
          23   -0.663008   -0.664459 0.000486916
          24   -0.665504   -0.664503 0.000468215
          25   -0.663904   -0.664479 0.000449734
          26   -0.664896   -0.664495 0.000432388
          27   -0.670528   -0.664718 0.000472273
          28   -0.661264   -0.664595 0.000471518
          29   -0.663376   -0.664553 0.000456906
          30   -0.660672   -0.664423 0.000459978
          31     -0.6632   -0.664384 0.000446639
          32   -0.665488   -0.664419 0.000433831
          33   -0.665136    -0.66444 0.000421041
          34    -0.66384   -0.664423 0.000408851
          35     -0.6644   -0.664422 0.000396998
          36   -0.659136   -0.664275 0.000412809
          37   -0.669264    -0.66441 0.000423533
          38   -0.663216   -0.664379 0.000413432
          39    -0.66512   -0.664398  0.00040314
          40   -0.662992   -0.664362 0.000394501
          41   -0.669488   -0.664487 0.000404559
          42   -0.663216   -0.664457 0.000395968
          43   -0.663184   -0.664428 0.000387781
          44   -0.664384   -0.664427 0.000378867
          45   -0.661808   -0.664368 0.000374896
          46   -0.668336   -0.664455 0.000376664
          47    -0.66768   -0.664523 0.000374897
          48      -0.662   -0.664471 0.000370749
          49    -0.66424   -0.664466 0.000363135
          50   -0.668224   -0.664541  0.00036365
          51   -0.667952   -0.664608 0.000362668
          52    -0.66192   -0.664556 0.000359363
          53   -0.661424   -0.664497 0.000357437
          54   -0.657328   -0.664364  0.00037504
          55   -0.658976   -0.664266 0.000380971
          56   -0.671072   -0.664388  0.00039335
          57   -0.664832   -0.664396 0.000386466
          58    -0.66464     -0.6644 0.000379768
          59    -0.66048   -0.664334 0.000379142
          60    -0.66592    -0.66436 0.000373706
          61   -0.661104   -0.664307 0.000371385
          62   -0.661312   -0.664258 0.000368525
          63   -0.662928   -0.664237 0.000363242
          64   -0.668592   -0.664305 0.000363939
          65   -0.659792   -0.664236 0.000364962
          66    -0.66656   -0.664271 0.000361111
          67   -0.663392   -0.664258 0.000355922
          68   -0.667744   -0.664309 0.000354377
          69   -0.665584   -0.664328 0.000349692
          70   -0.665328   -0.664342 0.000344956
          71   -0.667616   -0.664388 0.000343175
          72   -0.662048   -0.664356 0.000339932
          73   -0.662928   -0.664336 0.000335813
          74   -0.666592   -0.664366 0.000332644
          75    -0.66288   -0.664347 0.000328777
          76   -0.662208   -0.664319  0.00032564
          77   -0.663104   -0.664303  0.00032177
          78   -0.663792   -0.664296 0.000317686
          79   -0.663152   -0.664282 0.000313973
          80   -0.663648   -0.664274 0.000310124
          81    -0.66448   -0.664276 0.000306282
          82   -0.664528   -0.664279  0.00030254
          83   -0.667872   -0.664323  0.00030199
          84   -0.664448   -0.664324 0.000298377
          85   -0.667952   -0.664367 0.000297919
          86   -0.664208   -0.664365  0.00029444
          87   -0.665296   -0.664376 0.000291233
          88    -0.66328   -0.664363 0.000288174
          89   -0.660544    -0.66432 0.000288131
          90   -0.659504   -0.664267 0.000289894
          91   -0.667824   -0.664306 0.000289343
          92   -0.663248   -0.664294 0.000286412
          93   -0.661856   -0.664268 0.000284526
          94   -0.661856   -0.664243  0.00028265
          95   -0.668112   -0.664283  0.00028261
          96   -0.664384   -0.664284 0.000279652
          97    -0.66488    -0.66429 0.000276822
          98   -0.667936   -0.664328 0.000276497
          99   -0.665888   -0.664343 0.000274143
         100   -0.672704   -0.664427 0.000283974
           1     -0.7172     -0.7172           0
           2    -0.71536    -0.71628     0.00092
           3     -0.7212    -0.71792  0.00172387
           4   -0.728576   -0.720584  0.00292964
           5   -0.728144   -0.722096  0.00272687
           6   -0.721712   -0.722032   0.0022274
           7    -0.71976   -0.721707  0.00191027
           8   -0.720016   -0.721496   0.0016678
           9   -0.718928   -0.721211  0.00149828
          10   -0.719344   -0.721024  0.00135304
          11   -0.722944   -0.721199  0.00123626
          12    -0.72064   -0.721152   0.0011295
          13   -0.718896   -0.720978  0.00105338
          14   -0.721664   -0.721027 0.000976471
          15   -0.721088   -0.721031 0.000909054
          16   -0.723904   -0.721211 0.000869088
          17   -0.721104   -0.721205 0.000816391
          18   -0.720352   -0.721157 0.000771157
          19   -0.724448   -0.721331  0.00074972
          20    -0.72352    -0.72144 0.000719623
          21   -0.718128   -0.721282 0.000702432
          22   -0.717776   -0.721123 0.000688445
          23   -0.720576   -0.721099 0.000658262
          24   -0.718192   -0.720978 0.000641772
          25   -0.721856   -0.721013 0.000616568
          26   -0.720992   -0.721012 0.000592379
          27   -0.722928   -0.721083 0.000574416
          28   -0.721472   -0.721097 0.000553695
          29   -0.718512   -0.721008 0.000541647
          30   -0.719856    -0.72097 0.000524688
          31   -0.714944   -0.720775 0.000543431
          32   -0.722112   -0.720817 0.000527831
          33   -0.717952    -0.72073   0.0005189
          34   -0.718832   -0.720674 0.000506494
          35   -0.724416   -0.720781 0.000503294
          36    -0.71688   -0.720673 0.000500975
          37   -0.719104    -0.72063 0.000489089
          38   -0.720624    -0.72063 0.000476044
          39    -0.72096   -0.720639 0.000463754
          40   -0.721184   -0.720652 0.000452217
          41   -0.724912   -0.720756 0.000453121
          42   -0.718336   -0.720699  0.00044594
          43    -0.72224   -0.720735 0.000436918
          44   -0.719408   -0.720704 0.000427936
          45   -0.722192   -0.720737 0.000419623
          46   -0.721696   -0.720758 0.000410928
          47   -0.717552    -0.72069 0.000407836
          48   -0.722592    -0.72073  0.00040121
          49   -0.721072   -0.720737 0.000392999
          50   -0.730512   -0.720932 0.000431849
          51   -0.722048   -0.720954 0.000423861
          52   -0.719408   -0.720924 0.000416692
          53   -0.715104   -0.720814 0.000423249
          54   -0.718432    -0.72077 0.000417674
          55    -0.72016   -0.720759  0.00041016
          56   -0.723808   -0.720814 0.000406432
          57   -0.726544   -0.720914 0.000411701
          58   -0.721472   -0.720924 0.000404654
          59   -0.717952   -0.720873 0.000400914
          60   -0.721712   -0.720887 0.000394423
          61    -0.71712   -0.720826 0.000392789
          62     -0.7224   -0.720851 0.000387235
          63   -0.721984   -0.720869 0.000381463
          64   -0.726768   -0.720961 0.000386603
          65   -0.715376   -0.720875 0.000390188
          66   -0.718112   -0.720833 0.000386505
          67    -0.72072   -0.720832 0.000380696
          68    -0.72136    -0.72084 0.000375137
          69    -0.71704   -0.720784 0.000373739
          70   -0.720032   -0.720774 0.000368518
          71   -0.721408   -0.720783   0.0003634
          72   -0.719072   -0.720759 0.000359104
          73   -0.725136   -0.720819 0.000359191
          74   -0.720624   -0.720816 0.000354313
          75   -0.723632   -0.720854 0.000351568
          76   -0.720528   -0.720849 0.000346937
          77    -0.72136   -0.720856 0.000342466
          78   -0.720784   -0.720855 0.000338048
          79   -0.720112   -0.720846 0.000333874
          80       -0.72   -0.720835 0.000329844
          81    -0.71856   -0.720807 0.000326955
          82   -0.717904   -0.720772 0.000324878
          83    -0.72696   -0.720846 0.000329487
          84   -0.721392   -0.720853 0.000325605
          85    -0.72232    -0.72087 0.000322215
          86   -0.718688   -0.720845 0.000319455
          87    -0.72496   -0.720892 0.000319285
          88   -0.716096   -0.720837 0.000320307
          89    -0.71712   -0.720796  0.00031943
          90   -0.718304   -0.720768 0.000317072
          91   -0.722192   -0.720784 0.000313958
          92   -0.720032   -0.720775 0.000310635
          93   -0.720288    -0.72077 0.000307321
          94    -0.71584   -0.720718 0.000308525
          95   -0.720224   -0.720713 0.000305304
          96   -0.716112   -0.720665 0.000305885
          97   -0.721936   -0.720678 0.000302998
          98   -0.727456   -0.720747 0.000307763
          99   -0.723952   -0.720779 0.000306354
         100   -0.722144   -0.720793 0.000303582
           1   -0.784576   -0.784576           0
           2   -0.776416   -0.780496     0.00408
           3   -0.783488   -0.781493  0.00255802
           4   -0.779952   -0.781108  0.00184938
           5   -0.791008   -0.783088  0.00244388
           6      -0.784    -0.78324   0.0020012
           7    -0.77752   -0.782423  0.00187837
           8   -0.776256   -0.781652  0.00180012
           9   -0.784864   -0.782009  0.00162718
          10   -0.784208   -0.782229  0.00147191
          11   -0.782992   -0.782298   0.0013332
          12   -0.785344   -0.782552  0.00124323
          13   -0.784272   -0.782684  0.00115123
          14   -0.783088   -0.782713  0.00106622
          15   -0.786288   -0.782951  0.00102081
          16   -0.783312   -0.782974 0.000955145
          17      -0.784   -0.783034  0.00089923
          18    -0.77936    -0.78283 0.000872031
          19   -0.779152   -0.782637 0.000847272
          20   -0.786176   -0.782814 0.000823044
          21   -0.780176   -0.782688 0.000792882
          22   -0.777088   -0.782433 0.000797687
          23   -0.787056   -0.782634 0.000788268
          24   -0.788176   -0.782865  0.00078924
          25   -0.782336   -0.782844 0.000757309
          26    -0.78168   -0.782799 0.000728975
          27   -0.790528   -0.783086 0.000757613
          28   -0.780864   -0.783006 0.000734353
          29   -0.772528   -0.782645 0.000795384
          30   -0.778368   -0.782502 0.000781527
          31   -0.774816   -0.782254 0.000795523
          32   -0.789664   -0.782486 0.000804312
          33   -0.778816   -0.782375 0.000787451
          34    -0.78176   -0.782357 0.000764154
          35   -0.780608   -0.782307  0.00074368
          36   -0.785952   -0.782408 0.000729786
          37   -0.785728   -0.782498 0.000715437
          38    -0.78064   -0.782449 0.000698069
          39   -0.786096   -0.782542 0.000686336
          40   -0.782096   -0.782531  0.00066905
          41   -0.784992   -0.782591 0.000655282
          42     -0.7812   -0.782558 0.000640347
          43     -0.7804   -0.782508 0.000627289
          44   -0.778864   -0.782425 0.000618437
          45   -0.782688   -0.782431 0.000604566
          46   -0.784976   -0.782486  0.00059386
          47    -0.78176   -0.782471 0.000581293
          48   -0.782016   -0.782461 0.000569133
          49    -0.78432   -0.782499 0.000558686
          50   -0.786096   -0.782571 0.000552104
          51      -0.784   -0.782599 0.000541895
          52   -0.782896   -0.782605 0.000531403
          53   -0.777392   -0.782507 0.000530478
          54    -0.78008   -0.782462 0.000522497
          55   -0.779744   -0.782412 0.000515284
          56   -0.782016   -0.782405 0.000506048
          57      -0.784   -0.782433 0.000497878
          58   -0.784352   -0.782466 0.000490336
          59   -0.783872    -0.78249 0.000482542
          60   -0.788784   -0.782595  0.00048589
          61   -0.776384   -0.782493 0.000488585
          62   -0.782992   -0.782501 0.000480708
          63   -0.786048   -0.782557 0.000476354
          64   -0.788304   -0.782647 0.000477373
          65    -0.77992   -0.782605  0.00047184
          66   -0.784112   -0.782628 0.000465197
          67   -0.783568   -0.782642 0.000458416
          68   -0.777152   -0.782561 0.000458784
          69     -0.7816   -0.782547 0.000452301
          70   -0.782448   -0.782546 0.000445795
          71     -0.7816   -0.782533 0.000439673
          72    -0.77904   -0.782484 0.000436229
          73    -0.78872    -0.78257  0.00043861
          74   -0.781632   -0.782557 0.000432828
          75   -0.785072   -0.782591 0.000428333
          76    -0.78232   -0.782587 0.000422674
          77   -0.779536   -0.782547 0.000419026
          78    -0.78376   -0.782563 0.000413911
          79   -0.785968   -0.782606 0.000410905
          80   -0.774096     -0.7825 0.000419449
          81   -0.780192   -0.782471 0.000415217
          82   -0.782752   -0.782475 0.000410136
          83   -0.784176   -0.782495 0.000405683
          84   -0.780176   -0.782467 0.000401774
          85   -0.791424   -0.782573 0.000410764
          86   -0.780112   -0.782544 0.000406967
          87   -0.785408   -0.782577 0.000403607
          88   -0.785776   -0.782613 0.000400646
          89   -0.780304   -0.782588 0.000396968
          90   -0.779376   -0.782552 0.000394151
          91   -0.781824   -0.782544 0.000389878
          92   -0.784192   -0.782562 0.000386033
          93    -0.78448   -0.782582 0.000382416
          94     -0.7828   -0.782585 0.000378333
          95   -0.782592   -0.782585 0.000374329
          96   -0.780608   -0.782564 0.000370981
          97   -0.784576   -0.782585 0.000367722
          98    -0.78496   -0.782609 0.000364757
          99   -0.782992   -0.782613 0.000361074
         100   -0.784688   -0.782634 0.000358047
           1   -0.849552   -0.849552           0
           2   -0.851568    -0.85056    0.001008
           3   -0.852352   -0.851157 0.000833963
           4   -0.845504   -0.849744  0.00153142
           5   -0.849984   -0.849792  0.00118721
           6    -0.84768    -0.84944  0.00103128
           7   -0.846064   -0.848958 0.000996129
           8     -0.8448   -0.848438  0.00100713
           9    -0.84616   -0.848185 0.000923565
          10    -0.85256   -0.848622 0.000934769
          11   -0.851248   -0.848861 0.000878576
          12   -0.843728   -0.848433 0.000908968
          13   -0.851952   -0.848704 0.000878847
          14   -0.847056   -0.848586 0.000822125
          15   -0.852064   -0.848818 0.000799703
          16   -0.855728    -0.84925 0.000863766
          17   -0.850416   -0.849319 0.000814261
          18   -0.851104   -0.849418 0.000774074
          19   -0.848176   -0.849352 0.000735112
          20   -0.853648   -0.849567 0.000729713
          21   -0.845792   -0.849387 0.000716998
          22    -0.84776   -0.849313 0.000687621
          23   -0.854656   -0.849546 0.000696896
          24    -0.86072   -0.850011 0.000813615
          25   -0.853472    -0.85015 0.000792575
          26    -0.84696   -0.850027   0.0007713
          27   -0.853248   -0.850146  0.00075171
          28   -0.845568   -0.849983 0.000742592
          29   -0.844752   -0.849802 0.000738882
          30   -0.842512   -0.849559 0.000754061
          31    -0.84448   -0.849396  0.00074751
          32   -0.858768   -0.849689 0.000780789
          33    -0.84032   -0.849405 0.000808257
          34   -0.854464   -0.849553 0.000798119
          35   -0.842624   -0.849355  0.00079987
          36    -0.84824   -0.849324 0.000777951
          37   -0.847312    -0.84927 0.000758586
          38   -0.852048   -0.849343 0.000741963
          39   -0.846128   -0.849261 0.000727375
          40   -0.849904   -0.849277  0.00070914
          41   -0.844128   -0.849151 0.000702936
          42   -0.852432   -0.849229 0.000690429
          43    -0.85664   -0.849402  0.00069586
          44   -0.848336   -0.849377 0.000680293
          45   -0.849728   -0.849385 0.000665049
          46     -0.8488   -0.849373 0.000650555
          47   -0.845056   -0.849281 0.000643154
          48   -0.846144   -0.849215 0.000632994
          49   -0.848304   -0.849197 0.000620221
          50    -0.84992   -0.849211 0.000607862
          51   -0.849344   -0.849214 0.000595829
          52   -0.848784   -0.849206 0.000584317
          53   -0.844384   -0.849115 0.000580361
          54   -0.844176   -0.849023 0.000576808
          55   -0.842096   -0.848897 0.000580062
          56   -0.852736   -0.848966  0.00057372
          57   -0.850192   -0.848987 0.000563975
          58   -0.849936   -0.849004 0.000554408
          59   -0.847504   -0.848978 0.000545522
          60   -0.843856   -0.848893 0.000543105
          61   -0.847424   -0.848869 0.000534669
          62    -0.85136   -0.848909 0.000527508
          63   -0.850784   -0.848939  0.00051992
          64   -0.852368   -0.848992 0.000514529
          65   -0.846064   -0.848947 0.000508551
          66   -0.846896   -0.848916  0.00050175
          67   -0.849904   -0.848931 0.000494424
          68   -0.848832   -0.848929 0.000487101
          69   -0.846496   -0.848894 0.000481283
          70    -0.85072    -0.84892 0.000475075
          71   -0.851456   -0.848956 0.000469696
          72   -0.857744   -0.849078  0.00047894
          73   -0.849072   -0.849078 0.000472334
          74    -0.85072     -0.8491 0.000466435
          75    -0.84856   -0.849093  0.00046023
          76   -0.847984   -0.849078 0.000454369
          77    -0.84592   -0.849037 0.000450301
          78   -0.855536   -0.849121 0.000452232
          79   -0.852624   -0.849165 0.000448667
          80    -0.84368   -0.849096 0.000448297
          81    -0.85304   -0.849145 0.000445397
          82   -0.845472     -0.8491 0.000442207
          83   -0.846512   -0.849069 0.000437958
          84    -0.84016   -0.848963 0.000445521
          85   -0.847632   -0.848947 0.000440527
          86    -0.84344   -0.848883 0.000440059
          87   -0.841632     -0.8488 0.000442885
          88   -0.849328   -0.848806 0.000437865
          89    -0.84528   -0.848766 0.000434726
          90   -0.838816   -0.848656 0.000443858
          91   -0.843104   -0.848595 0.000443173
          92    -0.85216   -0.848634 0.000440039
          93    -0.84208   -0.848563 0.000440949
          94   -0.848416   -0.848562 0.000436236
          95   -0.854336   -0.848622 0.000435879
          96   -0.840896   -0.848542 0.000438759
          97   -0.851776   -0.848575  0.00043549
          98   -0.858032   -0.848672 0.000441694
          99   -0.842528    -0.84861 0.000441592
         100   -0.846064   -0.848584 0.000437894
           1   -0.925056   -0.925056           0
           2      -0.912   -0.918528    0.006528
           3   -0.918208   -0.918421  0.00377045
           4   -0.909792   -0.916264  0.00342961
           5   -0.920192    -0.91705  0.00277029
           6   -0.924928   -0.918363  0.00261543
           7   -0.904128   -0.916329  0.00300354
           8   -0.914128   -0.916054  0.00261566
           9   -0.911952   -0.915598  0.00235139
          10   -0.913008   -0.915339  0.00211904
          11   -0.916816   -0.915473  0.00192144
          12   -0.906704   -0.914743  0.00190017
          13   -0.904992   -0.913993  0.00190204
          14   -0.905344   -0.913375  0.00186616
          15   -0.905248   -0.912833  0.00181982
          16   -0.913168   -0.912854  0.00170241
          17   -0.909056   -0.912631  0.00161467
          18   -0.906208   -0.912274  0.00156358
          19   -0.925616   -0.912976  0.00163724
          20   -0.915088   -0.913082  0.00155681
          21   -0.906752    -0.91278  0.00151118
          22    -0.90432   -0.912396  0.00149129
          23   -0.925664   -0.912973  0.00153732
          24    -0.91112   -0.912895   0.0014739
          25   -0.914464   -0.912958   0.0014151
          26   -0.905472    -0.91267  0.00138974
          27   -0.912048   -0.912647  0.00133748
          28   -0.912928   -0.912657  0.00128887
          29   -0.913248   -0.912678  0.00124379
          30   -0.916592   -0.912808  0.00120868
          31   -0.909184   -0.912691  0.00117487
          32     -0.9172   -0.912832  0.00114626
          33   -0.917952   -0.912987  0.00112176
          34   -0.907168   -0.912816  0.00110165
          35   -0.920112   -0.913024  0.00108983
          36    -0.92584    -0.91338  0.00111735
          37   -0.911216   -0.913322  0.00108831
          38    -0.91712   -0.913422  0.00106398
          39   -0.900896   -0.913101  0.00108497
          40    -0.92208   -0.913325  0.00108106
          41   -0.914528   -0.913355  0.00105477
          42   -0.913616   -0.913361  0.00102937
          43    -0.91776   -0.913463  0.00101034
          44   -0.910432   -0.913394 0.000989513
          45   -0.910048    -0.91332 0.000970128
          46   -0.917488    -0.91341 0.000953121
          47   -0.918816   -0.913525 0.000939686
          48   -0.914976   -0.913556 0.000920397
          49   -0.913008   -0.913544 0.000901487
          50   -0.905312    -0.91338 0.000898489
          51   -0.914384     -0.9134 0.000880915
          52    -0.90888   -0.913313  0.00086817
          53    -0.91528    -0.91335  0.00085244
          54   -0.902656   -0.913152 0.000859627
          55   -0.897232   -0.912862 0.000892114
          56   -0.900576   -0.912643 0.000903094
          57   -0.914144   -0.912669   0.0008875
          58   -0.918368   -0.912767 0.000877582
          59   -0.922352    -0.91293 0.000877743
          60   -0.909552   -0.912874 0.000864824
          61   -0.915456   -0.912916 0.000851582
          62   -0.915184   -0.912953 0.000838532
          63   -0.911872   -0.912935 0.000825293
          64   -0.927008   -0.913155  0.00084153
          65   -0.911888   -0.913136 0.000828712
          66   -0.909872   -0.913086 0.000817556
          67   -0.904528   -0.912959 0.000815329
          68   -0.910208   -0.912918 0.000804268
          69    -0.90832   -0.912851 0.000795323
          70   -0.905728    -0.91275 0.000790457
          71   -0.917744    -0.91282 0.000782412
          72   -0.919648   -0.912915 0.000777276
          73   -0.922176   -0.913042 0.000776981
          74   -0.919184   -0.913125 0.000770891
          75   -0.914496   -0.913143 0.000760763
          76     -0.9232   -0.913275  0.00076226
          77   -0.911632   -0.913254 0.000752598
          78   -0.911376    -0.91323 0.000743277
          79   -0.916368    -0.91327 0.000734882
          80    -0.90912   -0.913218  0.00072749
          81   -0.920832   -0.913312 0.000724576
          82   -0.915584    -0.91334 0.000716221
          83   -0.918416   -0.913401 0.000710178
          84   -0.908608   -0.913344 0.000703988
          85   -0.920512   -0.913428  0.00070075
          86   -0.905392   -0.913335 0.000698829
          87   -0.917088   -0.913378 0.000692096
          88   -0.912992   -0.913373   0.0006842
          89     -0.9096   -0.913331 0.000677796
          90     -0.9148   -0.913347 0.000670421
          91   -0.917568   -0.913394 0.000664634
          92   -0.906816   -0.913322 0.000661246
          93   -0.916848    -0.91336 0.000655195
          94   -0.920112   -0.913432 0.000652155
          95   -0.917712   -0.913477 0.000646825
          96   -0.916336   -0.913507 0.000640744
          97   -0.923872   -0.913614 0.000643045
          98   -0.913952   -0.913617 0.000636459
          99   -0.920256   -0.913684 0.000633557
         100   -0.924976   -0.913797 0.000637273
           1   -0.968208   -0.968208           0
           2     -0.9624   -0.965304    0.002904
           3    -0.98448   -0.971696  0.00660823
           4   -0.977808   -0.973224  0.00491621
           5   -0.974224   -0.973424  0.00381333
           6    -0.97888   -0.974333  0.00324364
           7   -0.969504   -0.973643  0.00282686
           8   -0.974112   -0.973702  0.00244883
           9   -0.976112    -0.97397   0.0021762
          10   -0.963136   -0.972886  0.00222764
          11   -0.965216   -0.972189  0.00213222
          12   -0.972384   -0.972205  0.00194651
          13   -0.956336   -0.970985  0.00216706
          14   -0.976784   -0.971399  0.00204863
          15   -0.970256   -0.971323  0.00190869
          16   -0.979952   -0.971862   0.0018651
          17   -0.973696    -0.97197  0.00175527
          18    -0.98296    -0.97258  0.00176393
          19   -0.972944     -0.9726  0.00166862
          20   -0.970848   -0.972512  0.00158541
          21   -0.967648    -0.97228  0.00152571
          22     -0.9796   -0.972613  0.00149227
          23    -0.97648   -0.972781  0.00143579
          24    -0.96864   -0.972609  0.00138545
          25   -0.978208   -0.972833  0.00134762
          26   -0.968016   -0.972647  0.00130794
          27   -0.971872   -0.972619  0.00125889
          28   -0.956224   -0.972033  0.00134701
          29    -0.97872   -0.972264  0.00132003
          30   -0.973376   -0.972301  0.00127581
          31    -0.97816    -0.97249  0.00124836
          32   -0.972784   -0.972499  0.00120875
          33   -0.967648   -0.972352  0.00118074
          34   -0.976016    -0.97246  0.00115054
          35   -0.973776   -0.972497  0.00111782
          36   -0.986144   -0.972876  0.00115056
          37   -0.981568   -0.973111  0.00114343
          38   -0.972816   -0.973104  0.00111296
          39   -0.979984    -0.97328  0.00109831
          40   -0.981216   -0.973478  0.00108873
          41    -0.98264   -0.973702   0.0010851
          42   -0.974608   -0.973723  0.00105917
          43   -0.981632   -0.973907  0.00105047
          44    -0.97488   -0.973929  0.00102655
          45     -0.9828   -0.974127  0.00102266
          46   -0.975568   -0.974158  0.00100067
          47   -0.954464   -0.973739  0.00106504
          48   -0.984848    -0.97397  0.00106799
          49   -0.972816   -0.973947  0.00104624
          50   -0.970832   -0.973884  0.00102699
          51   -0.981184   -0.974028  0.00101678
          52    -0.96392   -0.973833   0.0010158
          53    -0.98136   -0.973975  0.00100652
          54    -0.97376   -0.973971 0.000987712
          55    -0.95952   -0.973709  0.00100456
          56   -0.967536   -0.973598 0.000992596
          57     -0.9716   -0.973563 0.000975656
          58   -0.974608   -0.973581 0.000958856
          59    -0.99016   -0.973862 0.000983462
          60   -0.980432   -0.973972 0.000973112
          61    -0.97472   -0.973984 0.000957105
          62   -0.976752   -0.974029 0.000942599
          63   -0.983568    -0.97418 0.000939795
          64     -0.9804   -0.974277 0.000930086
          65   -0.978528   -0.974343 0.000917997
          66   -0.986576   -0.974528 0.000922788
          67    -0.97224   -0.974494 0.000909552
          68    -0.98512    -0.97465   0.0009096
          69    -0.96176   -0.974463 0.000915582
          70   -0.963904   -0.974312 0.000914928
          71     -0.9684   -0.974229 0.000905786
          72   -0.972464   -0.974205 0.000893454
          73   -0.979296   -0.974274 0.000883885
          74   -0.978096   -0.974326 0.000873387
          75   -0.974528   -0.974329 0.000861668
          76   -0.970512   -0.974279 0.000851736
          77   -0.966592   -0.974179 0.000846509
          78   -0.975248   -0.974192 0.000835698
          79   -0.975232   -0.974206 0.000825156
          80   -0.966352   -0.974107 0.000820669
          81   -0.980944   -0.974192 0.000814857
          82   -0.971056   -0.974154 0.000805767
          83   -0.981984   -0.974248 0.000801571
          84   -0.966912   -0.974161 0.000796771
          85   -0.982112   -0.974254  0.00079288
          86   -0.967232   -0.974172 0.000787849
          87   -0.977344   -0.974209 0.000779593
          88   -0.967408   -0.974132 0.000774548
          89   -0.975184   -0.974143 0.000765887
          90     -0.9828    -0.97424 0.000763413
          91   -0.965312   -0.974142 0.000761325
          92   -0.968832   -0.974084 0.000755212
          93   -0.979584   -0.974143 0.000749385
          94   -0.978176   -0.974186 0.000742611
          95    -0.97536   -0.974198 0.000734856
          96   -0.978352   -0.974242 0.000728447
          97    -0.97056   -0.974204 0.000721897
          98   -0.973904     -0.9742 0.000714499
          99   -0.951776   -0.973974 0.000742632
         100   -0.975824   -0.973992 0.000735401
