0 34286.5
0 30505.5
1 26693.3
2 22730.6
3 20239.9
4 18637.7
5 17634.1
6 16870.9
7 16215.1
8 15535.3
9 14786.5
10 13760
11 12794.4
12 12064.8
13 11469.1
14 11131.7
15 10857
16 10709.2
17 10586.1
18 10394.8
19 10182.8
20 9981.05
21 9723.55
22 9309.6
23 9043.28
24 8756.57
25 8462.69
26 8271.91
27 8089.83
28 7957.04
29 7759.46
30 7601.45
31 7504.95
32 7340.13
33 7210.35
34 7093.54
35 7039.6
36 6929.04
37 6862.49
38 6782.27
39 6720.91
40 6602.27
41 6441.96
42 6283.51
43 6137.47
44 5960.95
45 5814.33
46 5706.23
47 5610.95
48 5525.55
49 5482.06
50 5472.41
51 5447.79
52 5421.99
53 5395.07
54 5353.66
55 5312.39
56 5265.47
57 5222.68
58 5191.58
59 5167.2
60 5141.51
61 5103.21
62 5044.09
63 4997.61
64 4957.04
65 4927.03
66 4892.16
67 4851.7
68 4817.32
69 4790.28
70 4781.3
71 4797.99
72 4798.56
73 4766.26
74 4742.9
75 4736.99
76 4722.45
77 4714.89
78 4706.78
79 4701.08
80 4698.13
81 4702.69
82 4710.47
83 4740.5
84 4751.46
85 4773.19
86 4768.94
87 4755
88 4737.45
89 4746.04
90 4728.47
91 4717.83
92 4695.89
93 4681.12
94 4662.21
95 4655.79
96 4654.26
97 4652.42
98 4649.77
99 4648.46
100 4647.76
101 4647.54
102 4647.19
103 4645.46
104 4644.3
105 4644.1
106 4643.85
107 4643.81
108 4643.81
109 4643.81
110 4643.81
111 4643.81
112 4643.81
113 4643.81
114 4643.81
115 4643.81
116 4643.81
117 4643.81
118 4643.81
119 4643.81
120 4643.8
121 4643.42
122 4642.82
123 4642.5
124 4642.01
125 4641.73
126 4641.7
127 4641.67
128 4641.67
129 4641.67
130 4641.67
131 4641.67
132 4641.67
133 4641.67
134 4641.67
135 4641.67
136 4641.67
137 4641.67
138 4641.67
139 4641.67
140 4641.67
141 4641.67
142 4641.67
143 4641.67
144 4641.67
145 4641.67
146 4641.67
147 4641.67
148 4641.67
149 4641.67
150 4641.67
151 4641.67
152 4641.67
153 4641.67
154 4641.67
155 4641.67
156 4641.67
157 4641.67
158 4641.67
159 4641.67
160 4641.65
161 4641.44
162 4642.82
163 4658.69
164 4669.47
165 4681.62
166 4683.95
167 4683.66
168 4670.97
169 4659.08
170 4643.28
171 4637.42
172 4635.09
173 4634.12
174 4634.09
175 4634.09
176 4634.09
177 4634.09
178 4634.09
179 4634.09
180 4634.09
181 4634.09
182 4634.09
183 4634.09
184 4634.09
185 4634.09
186 4634.09
187 4634.09
188 4634.09
189 4634.09
190 4634.09
191 4634.09
192 4634.09
193 4634.09
194 4634.09
195 4634.09
196 4634.09
197 4634.09
198 4634.09
199 4634.09
200 4634.09
201 4633.81
202 4633.14
203 4632.6
204 4632.23
205 4631.8
206 4631.74
207 4631.74
208 4631.74
209 4631.74
210 4631.74
211 4631.74
212 4631.74
213 4631.74
214 4631.74
215 4631.74
216 4631.74
217 4631.74
218 4631.74
219 4631.74
220 4631.74
221 4631.5
222 4631.05
223 4630.61
224 4630.23
225 4629.51
226 4628.02
227 4625.21
228 4622.5
229 4620.25
230 4618.52
231 4618.01
232 4617.36
233 4617.23
234 4617.21
235 4616.14
236 4614.2
237 4612.65
238 4613.23
239 4616.83
240 4617.22
241 4619.29
242 4616.07
243 4611.47
244 4607.88
245 4606.66
246 4604.48
247 4605.14
248 4604.65
249 4603.79
250 4603.79
251 4603.79
252 4603.79
253 4603.79
254 4603.79
255 4603.79
256 4603.79
257 4603.79
258 4603.79
259 4603.79
260 4603.79
261 4603.79
262 4603.79
263 4603.79
264 4603.79
265 4603.79
266 4603.79
267 4603.79
268 4603.79
269 4603.79
270 4603.79
271 4603.79
272 4603.79
273 4603.79
274 4603.79
275 4603.79
276 4603.79
277 4603.79
278 4603.79
279 4603.79
280 4603.79
281 4603.79
282 4603.79
283 4603.79
284 4603.79
285 4603.79
286 4603.79
287 4603.79
288 4603.79
289 4603.79
290 4603.79
291 4603.79
292 4603.79
293 4603.79
294 4603.79
295 4603.79
296 4603.79
297 4603.79
298 4603.79
299 4603.79
300 4603.79
301 4603.79
302 4603.79
303 4603.79
304 4603.79
305 4603.79
306 4603.79
307 4603.79
308 4603.79
309 4603.79
310 4603.79
311 4603.79
312 4603.79
313 4603.79
314 4603.79
315 4603.79
316 4603.79
317 4603.79
318 4603.79
319 4603.79
320 4603.79
321 4603.79
322 4603.79
323 4603.79
324 4603.79
325 4603.79
326 4603.79
327 4603.79
328 4603.79
329 4603.79
330 4603.79
331 4603.79
332 4603.79
333 4603.79
334 4603.79
335 4603.79
336 4603.79
337 4603.79
338 4603.79
339 4603.79
340 4603.79
341 4603.79
342 4603.79
343 4603.79
344 4603.79
345 4603.79
346 4603.79
347 4603.79
348 4603.79
349 4603.79
350 4603.79
351 4603.79
352 4603.79
353 4603.79
354 4603.79
355 4603.79
356 4603.79
357 4603.79
358 4603.79
359 4603.79
360 4603.79
361 4603.79
362 4603.79
363 4603.79
364 4603.79
365 4603.79
366 4603.79
367 4603.79
368 4603.79
369 4603.79
370 4603.79
371 4603.79
372 4603.79
373 4603.79
374 4603.79
375 4603.79
376 4603.79
377 4603.79
378 4603.79
379 4603.79
380 4603.79
381 4603.79
382 4603.79
383 4603.79
384 4603.79
385 4603.79
386 4603.79
387 4603.79
388 4603.79
389 4603.79
390 4603.79
391 4603.79
392 4603.79
393 4603.79
394 4603.79
395 4603.79
396 4603.79
397 4603.79
398 4603.79
399 4603.79
400 4603.79
401 4603.79
402 4603.79
403 4603.79
404 4603.79
405 4603.79
406 4603.79
407 4603.79
408 4603.79
409 4603.79
410 4603.79
411 4603.79
412 4603.79
413 4603.79
414 4603.79
415 4603.79
416 4603.79
417 4603.79
418 4603.79
419 4603.79
420 4603.79
421 4603.79
422 4603.79
423 4603.79
424 4603.79
425 4603.79
426 4603.79
427 4603.79
428 4603.79
429 4603.79
430 4603.79
431 4603.79
432 4603.79
433 4603.79
434 4603.79
435 4603.79
436 4603.79
437 4603.79
438 4603.79
439 4603.79
440 4603.79
441 4603.79
442 4603.79
443 4603.79
444 4603.79
445 4603.79
446 4603.79
447 4603.79
448 4603.79
449 4603.79
450 4603.79
451 4603.79
452 4603.79
453 4603.79
454 4603.79
455 4603.79
456 4603.79
457 4603.79
458 4603.79
459 4603.79
460 4603.79
461 4603.79
462 4603.79
463 4603.79
464 4603.79
465 4603.79
466 4603.79
467 4603.79
468 4603.79
469 4603.79
470 4603.79
471 4603.79
472 4603.79
473 4603.79
474 4603.79
475 4603.79
476 4603.79
477 4603.79
478 4603.79
479 4603.79
480 4603.79
481 4603.79
482 4603.79
483 4603.79
484 4603.79
485 4603.79
486 4603.79
487 4603.79
488 4603.79
489 4603.79
490 4603.79
491 4603.79
492 4603.79
493 4603.79
494 4603.79
495 4603.79
496 4603.79
497 4603.79
498 4603.79
499 4603.79
500 4603.79
501 4603.79
502 4603.79
503 4603.79
504 4603.79
505 4603.79
506 4603.79
507 4603.79
508 4603.79
509 4603.79
510 4603.79
511 4603.79
512 4603.79
513 4603.79
514 4603.79
515 4603.79
516 4603.79
517 4603.79
518 4603.79
519 4603.79
520 4603.79
521 4603.79
522 4603.79
523 4603.79
524 4603.79
525 4603.79
526 4603.79
527 4603.79
528 4603.79
529 4603.79
530 4603.79
531 4603.79
532 4603.79
533 4603.79
534 4603.79
535 4603.79
536 4603.79
537 4603.79
538 4603.79
539 4603.79
540 4603.79
541 4603.79
542 4603.79
543 4603.79
544 4603.79
545 4603.79
546 4603.79
547 4603.79
548 4603.79
549 4603.79
550 4603.79
551 4603.79
552 4603.79
553 4603.79
554 4603.79
555 4603.79
556 4603.79
557 4603.79
558 4603.79
559 4603.79
560 4603.79
561 4603.79
562 4603.79
563 4603.79
564 4603.79
565 4603.79
566 4603.79
567 4603.79
568 4603.79
569 4603.79
570 4603.79
571 4603.79
572 4603.79
573 4603.79
574 4603.79
575 4603.79
576 4603.79
577 4603.79
578 4603.79
579 4603.79
580 4603.79
581 4603.79
582 4603.79
583 4603.79
584 4603.79
585 4603.79
586 4603.79
587 4603.79
588 4603.79
589 4603.79
590 4603.79
591 4603.79
592 4603.79
593 4603.79
594 4603.79
595 4603.79
596 4603.79
597 4603.79
598 4603.79
599 4603.79
600 4603.79
601 4603.79
602 4603.79
603 4603.79
604 4603.79
605 4603.79
606 4603.79
607 4603.79
608 4603.79
609 4603.79
610 4603.79
611 4603.79
612 4603.79
613 4603.79
614 4603.79
615 4603.79
616 4603.79
617 4603.79
618 4603.79
619 4603.79
620 4603.79
621 4603.79
622 4603.79
623 4603.79
624 4603.79
625 4603.79
626 4603.79
627 4603.79
628 4603.79
629 4603.79
630 4603.79
631 4603.79
632 4603.79
633 4603.79
634 4603.79
635 4603.79
636 4603.79
637 4603.79
638 4603.79
639 4603.79
640 4603.79
641 4603.79
642 4603.79
643 4603.79
644 4603.79
645 4603.79
646 4603.79
647 4603.79
648 4603.79
649 4603.79
650 4603.79
651 4603.79
652 4603.79
653 4603.79
654 4603.79
655 4603.79
656 4603.79
657 4603.79
658 4603.79
659 4603.79
660 4603.79
661 4603.79
662 4603.79
663 4603.79
664 4603.79
665 4603.79
666 4603.79
667 4603.79
668 4603.79
669 4603.79
670 4603.79
671 4603.79
672 4603.79
673 4603.79
674 4603.79
675 4603.79
676 4603.79
677 4603.79
678 4603.79
679 4603.79
680 4603.79
681 4603.79
682 4603.79
683 4603.79
684 4603.79
685 4603.79
686 4603.79
687 4603.79
688 4603.79
689 4603.79
690 4603.79
691 4603.79
692 4603.79
693 4603.79
694 4603.79
695 4603.79
696 4603.79
697 4603.79
698 4603.79
699 4603.79
700 4603.79
701 4603.79
702 4612.71
703 4629.82
704 4615.54
705 4604.43
706 4603.79
707 4603.79
708 4603.79
709 4603.79
710 4603.79
711 4603.79
712 4603.79
713 4603.79
714 4603.79
715 4603.79
716 4603.79
717 4603.79
718 4603.79
719 4603.79
720 4603.79
721 4603.79
722 4603.79
723 4603.79
724 4603.79
725 4603.79
726 4603.79
727 4603.79
728 4603.79
729 4603.79
730 4603.79
731 4603.79
732 4603.79
733 4603.79
734 4603.79
735 4603.79
736 4603.79
737 4603.79
738 4603.79
739 4603.79
740 4603.79
741 4603.79
742 4603.79
743 4603.79
744 4603.79
745 4603.79
746 4603.79
747 4603.79
748 4603.79
749 4603.79
750 4603.79
751 4603.79
752 4603.79
753 4603.79
754 4603.79
755 4603.79
756 4603.79
757 4603.79
758 4603.79
759 4603.79
760 4603.79
761 4603.79
762 4603.79
763 4603.79
764 4603.79
765 4603.79
766 4603.79
767 4603.79
768 4603.79
769 4603.79
770 4603.79
771 4603.79
772 4603.79
773 4603.79
774 4603.79
775 4603.79
776 4603.79
777 4603.79
778 4603.79
779 4603.79
780 4603.79
781 4603.79
782 4603.79
783 4603.79
784 4603.79
785 4603.79
786 4603.79
787 4603.79
788 4603.79
789 4603.79
790 4603.79
791 4603.79
792 4603.79
793 4603.79
794 4603.79
795 4603.79
796 4603.79
797 4603.79
798 4603.79
799 4603.79
800 4603.79
801 4603.79
802 4603.79
803 4603.79
804 4603.79
805 4603.79
806 4603.79
807 4603.79
808 4603.79
809 4603.79
810 4603.79
811 4603.79
812 4603.79
813 4603.79
814 4603.79
815 4603.79
816 4603.79
817 4603.79
818 4603.79
819 4603.79
820 4603.79
821 4603.79
822 4603.79
823 4603.79
824 4603.79
825 4603.79
826 4603.79
827 4603.79
828 4603.79
829 4603.79
830 4603.79
831 4603.79
832 4603.79
833 4603.79
834 4603.79
835 4603.79
836 4603.79
837 4603.79
838 4603.79
839 4603.79
840 4603.77
841 4604.41
842 4636.94
843 4696.35
844 4716.18
845 4686.73
846 4674.64
847 4666.92
848 4644.31
849 4632.11
850 4612.97
851 4608.92
852 4604.09
853 4599.48
854 4595.45
855 4594.84
856 4594.84
857 4594.84
858 4594.84
859 4594.84
860 4594.84
861 4594.84
862 4594.84
863 4594.84
864 4594.84
865 4594.84
866 4594.84
867 4594.84
868 4594.84
869 4594.84
870 4594.84
871 4594.84
872 4594.84
873 4594.84
874 4594.84
875 4594.84
876 4594.84
877 4594.84
878 4594.84
879 4594.84
880 4594.84
881 4594.84
882 4594.84
883 4594.84
884 4594.84
885 4594.84
886 4594.84
887 4594.84
888 4594.84
889 4594.84
890 4594.84
891 4594.84
892 4594.84
893 4594.84
894 4594.84
895 4594.84
896 4594.84
897 4594.84
898 4594.84
899 4594.84
900 4594.84
901 4594.84
902 4594.84
903 4594.84
904 4594.84
905 4594.84
906 4594.84
907 4594.84
908 4594.84
909 4594.84
910 4594.84
911 4594.84
912 4594.84
913 4594.84
914 4594.84
915 4594.84
916 4594.84
917 4594.84
918 4594.84
919 4594.84
920 4594.84
921 4594.84
922 4594.84
923 4594.84
924 4594.84
925 4594.84
926 4594.84
927 4594.84
928 4594.84
929 4594.84
930 4594.84
931 4594.84
932 4594.84
933 4594.84
934 4594.84
935 4594.84
936 4594.84
937 4594.84
938 4594.84
939 4594.84
940 4594.84
941 4594.84
942 4594.84
943 4594.84
944 4594.84
945 4594.84
946 4594.84
947 4594.84
948 4594.84
949 4594.84
950 4594.84
951 4594.84
952 4594.84
953 4594.84
954 4594.84
955 4594.84
956 4594.84
957 4594.84
958 4594.84
959 4594.84
960 4594.84
961 4594.84
962 4594.84
963 4594.84
964 4594.84
965 4594.84
966 4594.84
967 4594.84
968 4594.84
969 4594.84
970 4594.84
971 4594.84
972 4594.84
973 4594.84
974 4594.84
975 4594.84
976 4594.84
977 4594.84
978 4594.84
979 4594.84
980 4594.84
981 4594.84
982 4594.84
983 4594.84
984 4594.84
985 4594.84
986 4594.84
987 4594.84
988 4594.84
989 4594.84
990 4594.84
991 4594.84
992 4594.84
993 4594.84
994 4594.84
995 4594.84
996 4594.84
997 4594.84
998 4594.84
999 4594.84
