           1   0.0472943   0.0472943           0
           2   0.0535567   0.0504255  0.00221412
           3   0.0661724   0.0556744  0.00453283
           4   0.0686319   0.0589138  0.00440767
           5    0.059366   0.0590042  0.00352706
           6   0.0805684   0.0625983   0.0044049
           7   0.0668853   0.0632107  0.00381797
           8   0.0489335   0.0614261  0.00373461
           9   0.0600909   0.0612777   0.0033226
          10   0.0564553   0.0607955  0.00302513
          11   0.0581031   0.0605507     0.00276
          12   0.0539795   0.0600031  0.00258376
          13   0.0399782   0.0584627  0.00280686
          14   0.0455087   0.0575374  0.00275467
          15   0.0365299   0.0561369  0.00290531
          16   0.0414169   0.0552169  0.00286569
          17   0.0418688   0.0544317  0.00280262
          18    0.038759    0.053561  0.00277889
          19   0.0417502   0.0529394  0.00270126
          20    0.059109   0.0532479  0.00258375
          21    0.048608   0.0530269  0.00247015
          22   0.0519527   0.0529781  0.00235835
          23   0.0563897   0.0531264  0.00226047
          24   0.0592763   0.0533827  0.00218076
          25   0.0418969   0.0529233  0.00214138
          26   0.0563013   0.0530532  0.00206296
          27   0.0460272    0.052793  0.00200289
          28   0.0390554   0.0523023  0.00199055
          29   0.0433287   0.0519929  0.00194581
          30   0.0554376   0.0521077  0.00188434
          31   0.0452299   0.0518859  0.00183657
          32   0.0413553   0.0515568  0.00180842
          33   0.0452559   0.0513658  0.00176367
          34   0.0447125   0.0511702  0.00172262
          35   0.0565804   0.0513247  0.00168032
          36   0.0569965   0.0514823  0.00164101
          37   0.0772488   0.0521787  0.00173815
          38   0.0578821   0.0523288  0.00169888
          39   0.0380003   0.0519614  0.00169458
          40   0.0580979   0.0521148  0.00165915
          41   0.0500302   0.0520639  0.00161946
          42    0.052921   0.0520843  0.00158103
          43   0.0401585    0.051807   0.0015684
          44   0.0486933   0.0517362  0.00153435
          45   0.0593629   0.0519057  0.00150958
          46    0.059989   0.0520814  0.00148696
          47   0.0535715   0.0521131  0.00145566
          48   0.0501918   0.0520731  0.00142588
          49   0.0476031   0.0519819   0.0013997
          50   0.0443837   0.0518299  0.00137993
          51   0.0488186   0.0517709  0.00135413
          52    0.055305   0.0518388   0.0013298
          53   0.0503156   0.0518101  0.00130502
          54    0.041823   0.0516252  0.00129389
          55   0.0365276   0.0513507  0.00129916
          56   0.0824315   0.0519057  0.00138946
          57   0.0570007   0.0519951  0.00136796
          58   0.0443225   0.0518628  0.00135075
          59    0.048947   0.0518133  0.00132876
          60    0.052174   0.0518194  0.00130663
          61   0.0549925   0.0518714  0.00128625
          62   0.0512534   0.0518614  0.00126554
          63   0.0620566   0.0520232  0.00125575
          64    0.042413   0.0518731  0.00124508
          65   0.0425496   0.0517296  0.00123416
          66   0.0467486   0.0516542  0.00121776
          67   0.0397404   0.0514764   0.0012125
          68   0.0518253   0.0514815  0.00119468
          69   0.0559988    0.051547  0.00117916
          70   0.0619775    0.051696  0.00117169
          71   0.0421812   0.0515619  0.00116283
          72    0.048479   0.0515191  0.00114747
          73    0.057931    0.051607   0.0011351
          74   0.0545874   0.0516472  0.00112048
          75   0.0585455   0.0517392  0.00110931
          76   0.0454359   0.0516563  0.00109781
          77   0.0433268   0.0515481  0.00108887
          78   0.0386035   0.0513821  0.00108748
          79   0.0348356   0.0511727   0.0010937
          80    0.033759    0.050955  0.00110148
          81   0.0384813    0.050801  0.00109859
          82   0.0406244   0.0506769  0.00109218
          83    0.050402   0.0506736  0.00107903
          84   0.0416763   0.0505665  0.00107148
          85   0.0492438   0.0505509  0.00105899
          86   0.0424531   0.0504568  0.00105085
          87   0.0583581   0.0505476  0.00104269
          88   0.0438544   0.0504715  0.00103361
          89   0.0475405   0.0504386  0.00102253
          90   0.0498637   0.0504322  0.00101118
          91   0.0539625    0.050471  0.00100082
          92   0.0507892   0.0504745 0.000989943
          93   0.0534734   0.0505067 0.000979824
          94   0.0448039    0.050446 0.000971277
          95   0.0425953   0.0503634 0.000964562
          96   0.0565456   0.0504278 0.000956662
          97   0.0434033   0.0503554 0.000949536
          98   0.0405733   0.0502556 0.000945079
          99   0.0550862   0.0503044 0.000936792
         100    0.054313   0.0503445 0.000928281
         101   0.0436573   0.0502782 0.000921448
         102   0.0462387   0.0502386 0.000913265
         103   0.0550993   0.0502858 0.000905617
         104    0.052815   0.0503102 0.000897235
         105   0.0522948   0.0503291 0.000888889
         106   0.0526805   0.0503512  0.00088078
         107   0.0416284   0.0502697 0.000876313
         108   0.0618117   0.0503766 0.000874692
         109    0.056744    0.050435 0.000868615
         110    0.046814   0.0504021 0.000861342
         111   0.0461614   0.0503639 0.000854429
         112   0.0392106   0.0502643 0.000852584
         113   0.0389267    0.050164 0.000850922
         114   0.0398645   0.0500736 0.000848241
         115   0.0343478   0.0499369 0.000851816
         116   0.0432462   0.0498792 0.000846423
         117   0.0494513   0.0498755 0.000839197
         118   0.0669813   0.0500205 0.000844513
         119     0.03856   0.0499242 0.000842889
         120   0.0567724   0.0499813 0.000837795
         121   0.0519486   0.0499975 0.000831029
         122   0.0504725   0.0500014 0.000824226
         123   0.0468176   0.0499755 0.000817932
         124   0.0411077    0.049904 0.000814456
         125   0.0455512   0.0498692 0.000808684
         126   0.0511821   0.0498796 0.000802333
         127   0.0649444   0.0499982 0.000804737
         128   0.0487186   0.0499882 0.000798512
         129   0.0553375   0.0500297 0.000793398
         130    0.057109   0.0500842 0.000789161
         131   0.0658329   0.0502044 0.000792241
         132    0.065273   0.0503185 0.000794421
         133   0.0584478   0.0503797 0.000790796
         134   0.0480602   0.0503623 0.000785084
         135   0.0592365   0.0504281 0.000782016
         136   0.0496496   0.0504224 0.000776287
         137   0.0588863   0.0504841 0.000773075
         138   0.0569767   0.0505312 0.000768903
         139   0.0623562   0.0506163 0.000768063
         140   0.0569024   0.0506612 0.000763888
         141   0.0573944   0.0507089 0.000759962
         142     0.05542   0.0507421 0.000755334
         143    0.048962   0.0507296 0.000750154
         144   0.0523101   0.0507406 0.000745025
         145   0.0525342    0.050753  0.00073999
         146   0.0429021   0.0506992 0.000736872
         147   0.0555693   0.0507323 0.000732604
         148   0.0380745   0.0506468 0.000732629
         149   0.0427497   0.0505938 0.000729627
         150   0.0378459   0.0505088 0.000729696
         151   0.0494981   0.0505021 0.000724894
         152   0.0386524   0.0504242 0.000724305
         153   0.0460317   0.0503955 0.000720139
         154   0.0384321   0.0503178 0.000719641
         155   0.0326875    0.050204 0.000723931
         156   0.0471064   0.0501842 0.000719563
         157   0.0525101    0.050199 0.000715132
         158     0.07852   0.0503782 0.000732726
         159   0.0597089   0.0504369 0.000730464
         160   0.0532519   0.0504545  0.00072611
         161   0.0555196    0.050486 0.000722281
         162   0.0437314   0.0504443 0.000719025
         163   0.0486989   0.0504336 0.000714694
         164   0.0433033   0.0503901 0.000711657
         165   0.0437841   0.0503501 0.000708469
         166   0.0491098   0.0503426 0.000704241
         167   0.0393208   0.0502766  0.00070311
         168   0.0607222   0.0503388 0.000701668
         169   0.0519242   0.0503482 0.000697579
         170   0.0470915    0.050329 0.000693739
         171   0.0430903   0.0502867 0.000690972
         172   0.0563623    0.050322 0.000687857
         173   0.0394781   0.0502593 0.000686731
         174   0.0465666   0.0502381 0.000683112
         175   0.0547567   0.0502639 0.000679696
         176   0.0547659   0.0502895 0.000676316
         177   0.0531584   0.0503057 0.000672689
         178   0.0484818   0.0502954 0.000668988
         179   0.0566036   0.0503307 0.000666178
         180    0.050921    0.050334 0.000662485
         181   0.0532938   0.0503503 0.000659027
         182   0.0559393    0.050381 0.000656121
         183   0.0418492   0.0503344  0.00065419
         184   0.0385773   0.0502705 0.000653747
         185   0.0415298   0.0502233 0.000651919
         186   0.0435413   0.0501873 0.000649403
         187   0.0741112   0.0503153 0.000658411
         188   0.0570827   0.0503513 0.000655892
         189   0.0579784   0.0503916 0.000653662
         190   0.0417086   0.0503459 0.000651818
         191   0.0692415   0.0504449  0.00065587
         192   0.0668197   0.0505301 0.000657975
         193   0.0476487   0.0505152 0.000654735
         194   0.0608009   0.0505682 0.000653504
         195   0.0491164   0.0505608 0.000650195
         196   0.0490019   0.0505528 0.000646926
         197   0.0461519   0.0505305 0.000644028
         198   0.0635893   0.0505964 0.000644143
         199   0.0553672   0.0506204 0.000641352
         200   0.0518214   0.0506264 0.000638174
         201   0.0375631   0.0505614   0.0006383
         202   0.0410115   0.0505142 0.000636888
         203   0.0433336   0.0504788 0.000634732
         204    0.043789    0.050446 0.000632467
         205   0.0526261   0.0504566 0.000629472
         206   0.0561277   0.0504842 0.000627018
         207   0.0440426    0.050453  0.00062476
         208   0.0565298   0.0504822 0.000622439
         209   0.0658571   0.0505558 0.000623793
         210   0.0462548   0.0505353 0.000621159
         211   0.0563054   0.0505627 0.000618817
         212   0.0662322   0.0506366 0.000620296
         213   0.0569364   0.0506662 0.000618089
         214   0.0575329   0.0506983 0.000616033
         215   0.0553436   0.0507199 0.000613546
         216   0.0617588    0.050771  0.00061283
         217   0.0474613   0.0507557 0.000610196
         218   0.0509626   0.0507567 0.000607398
         219   0.0487126   0.0507473 0.000604696
         220   0.0466307   0.0507286 0.000602237
         221    0.038416   0.0506729 0.000602083
         222   0.0457943   0.0506509 0.000599772
         223   0.0420565   0.0506124  0.00059832
         224   0.0425536   0.0505764 0.000596729
         225   0.0491112   0.0505699 0.000594113
         226   0.0516506   0.0505747 0.000591503
         227   0.0399133   0.0505277 0.000590759
         228   0.0371036   0.0504688 0.000591095
         229   0.0574087   0.0504991  0.00058929
         230   0.0427623   0.0504655 0.000587687
         231   0.0414203   0.0504263 0.000586446
         232   0.0532683   0.0504386 0.000584046
         233   0.0570953   0.0504672 0.000582238
         234   0.0464095   0.0504498 0.000580008
         235   0.0418472   0.0504132 0.000578694
         236   0.0409192    0.050373 0.000577638
         237   0.0583442   0.0504066 0.000576179
         238   0.0606504   0.0504497 0.000575364
         239   0.0500005   0.0504478 0.000572959
         240   0.0308929   0.0503663 0.000576336
         241   0.0335009   0.0502963 0.000578178
         242   0.0461387   0.0502791 0.000576044
         243   0.0644285   0.0503374 0.000576609
         244   0.0456563   0.0503182 0.000574565
         245   0.0393031   0.0502732 0.000573976
         246   0.0426604   0.0502423 0.000572476
         247   0.0403501   0.0502022 0.000571558
         248   0.0458553   0.0501847 0.000569522
         249   0.0454061   0.0501655 0.000567558
         250   0.0453529   0.0501463 0.000565614
         251   0.0593668    0.050183 0.000564552
         252   0.0541261   0.0501986 0.000562529
         253   0.0548391    0.050217 0.000560604
         254   0.0472238   0.0502052 0.000558521
         255   0.0500152   0.0502045 0.000556331
         256   0.0536219   0.0502178 0.000554318
         257   0.0467986   0.0502045 0.000552321
         258   0.0511684   0.0502082 0.000550193
         259   0.0465221    0.050194 0.000548252
         260    0.055855   0.0502158 0.000546576
         261   0.0538392   0.0502297 0.000544658
         262   0.0523174   0.0502376 0.000542638
         263   0.0552731   0.0502568 0.000540912
         264   0.0558415   0.0502779 0.000539277
         265   0.0544977   0.0502939 0.000537477
         266   0.0505701   0.0502949 0.000535457
         267   0.0408086   0.0502594 0.000534629
         268   0.0546646   0.0502758 0.000532887
         269   0.0405572   0.0502397 0.000532129
         270   0.0488399   0.0502345 0.000530183
         271   0.0471228    0.050223 0.000528351
         272   0.0475098    0.050213 0.000526503
         273    0.038515   0.0501702 0.000526315
         274   0.0391739   0.0501301 0.000525922
         275   0.0428184   0.0501035 0.000524681
         276   0.0470135   0.0500923   0.0005229
         277   0.0742172   0.0501794 0.000528215
         278   0.0548018    0.050196 0.000526577
         279   0.0478609   0.0501876 0.000524756
         280   0.0423328   0.0501596 0.000523631
         281   0.0462256   0.0501456 0.000521955
         282   0.0504715   0.0501467 0.000520105
         283   0.0599233   0.0501813 0.000519414
         284   0.0602317   0.0502167 0.000518789
         285   0.0471197   0.0502058 0.000517082
         286    0.050638   0.0502073 0.000515277
         287   0.0430752   0.0501825  0.00051408
         288   0.0490226   0.0501784 0.000512311
         289    0.048238   0.0501717 0.000510582
         290   0.0445427   0.0501523  0.00050919
         291   0.0486246   0.0501471 0.000507468
         292    0.066136   0.0502018 0.000508675
         293   0.0428076   0.0501766 0.000507565
         294   0.0530157   0.0501862  0.00050593
         295   0.0435676   0.0501638 0.000504712
         296   0.0584204   0.0501917 0.000503778
         297   0.0579222   0.0502177 0.000502753
         298   0.0502313   0.0502178 0.000501066
         299   0.0653463   0.0502684 0.000501939
         300    0.057802   0.0502935 0.000500893
         301   0.0351294   0.0502431 0.000501756
         302   0.0423659    0.050217 0.000500772
         303   0.0590035    0.050246 0.000499958
         304   0.0520413   0.0502519 0.000498349
         305   0.0526045   0.0502596 0.000496774
         306   0.0575486   0.0502834 0.000495722
         307   0.0619099   0.0503213 0.000495552
         308   0.0738331   0.0503977 0.000499788
         309   0.0693661    0.050459 0.000501926
         310   0.0506443   0.0504596 0.000500307
         311   0.0648902    0.050506 0.000500846
         312   0.0428551   0.0504815  0.00049984
         313   0.0410838   0.0504515 0.000499144
         314   0.0490567    0.050447 0.000497574
         315   0.0415546   0.0504188 0.000496795
         316   0.0399364   0.0503856 0.000496329
         317   0.0363493   0.0503414 0.000496735
         318   0.0380706   0.0503028 0.000496669
         319   0.0373393   0.0502621 0.000496772
         320   0.0446308   0.0502445 0.000495531
         321   0.0416373   0.0502177 0.000494712
         322   0.0541129   0.0502298 0.000493324
         323   0.0485825   0.0502247 0.000491823
         324   0.0491799   0.0502215 0.000490315
         325   0.0580131   0.0502455 0.000489393
         326   0.0516955   0.0502499 0.000487912
         327   0.0565758   0.0502693 0.000486803
         328   0.0424135   0.0502453 0.000485907
         329   0.0441902   0.0502269 0.000484779
         330   0.0397062    0.050195 0.000484357
         331   0.0484385   0.0501897 0.000482923
         332   0.0404981   0.0501605  0.00048235
         333   0.0473164    0.050152 0.000480977
         334    0.045103   0.0501369 0.000479774
         335   0.0432136   0.0501162 0.000478787
         336   0.0520677    0.050122 0.000477397
         337   0.0433125   0.0501018 0.000476408
         338   0.0538867    0.050113  0.00047513
         339   0.0471965   0.0501044 0.000473807
         340   0.0498372   0.0501036 0.000472414
         341   0.0432788   0.0500836 0.000471452
         342    0.041946   0.0500598 0.000470674
         343   0.0496591   0.0500586 0.000469303
         344   0.0662386   0.0501057  0.00047029
         345   0.0539524   0.0501168 0.000469059
         346   0.0538595   0.0501276 0.000467828
         347   0.0496977   0.0501264 0.000466481
         348   0.0456758   0.0501136 0.000465316
         349   0.0479935   0.0501075 0.000464022
         350   0.0453121   0.0500938 0.000462899
         351   0.0526472   0.0501011 0.000461637
         352   0.0449694   0.0500865 0.000460556
         353   0.0431156   0.0500668 0.000459674
         354   0.0459707   0.0500552 0.000458521
         355   0.0694789   0.0501099 0.000460483
         356   0.0633853   0.0501472 0.000460697
         357   0.0708733   0.0502053  0.00046305
         358   0.0502936   0.0502055 0.000461756
         359    0.047523   0.0501981 0.000460531
         360   0.0491574   0.0501952  0.00045926
         361    0.052505   0.0502016 0.000458033
         362   0.0606336   0.0502304 0.000457673
         363   0.0713729   0.0502886 0.000460104
         364   0.0611911   0.0503186 0.000459813
         365   0.0537695    0.050328 0.000458651
         366   0.0390623   0.0502973 0.000458429
         367    0.037257   0.0502617 0.000458555
         368   0.0378556    0.050228 0.000458547
         369   0.0519604   0.0502327 0.000457328
         370   0.0463637   0.0502222 0.000456212
         371   0.0460447    0.050211 0.000455121
         372   0.0432363   0.0501922 0.000454283
         373   0.0381545     0.05016  0.00045421
         374   0.0327329   0.0501134  0.00045538
         375   0.0325132   0.0500664 0.000456578
         376   0.0437943   0.0500498 0.000455668
         377    0.046285   0.0500398 0.000454569
         378    0.042577     0.05002 0.000453795
         379   0.0514603   0.0500238 0.000452613
         380   0.0408936   0.0499998 0.000452059
         381   0.0437987   0.0499835 0.000451166
         382    0.045794   0.0499726 0.000450118
         383   0.0618682   0.0500036 0.000450013
         384   0.0530821   0.0500116 0.000448913
         385   0.0491972   0.0500095 0.000447752
         386   0.0403254   0.0499844 0.000447294
         387   0.0425822   0.0499653 0.000446547
         388    0.036594   0.0499308 0.000446724
         389   0.0399128   0.0499051 0.000446317
         390   0.0502887   0.0499061 0.000445174
         391   0.0491593   0.0499042 0.000444039
         392   0.0378361   0.0498734 0.000443973
         393   0.0420551   0.0498535 0.000443288
         394   0.0383744   0.0498243  0.00044312
         395   0.0399971   0.0497995 0.000442696
         396    0.045775   0.0497893 0.000441694
         397   0.0498421   0.0497894 0.000440582
         398   0.0474059   0.0497834 0.000439516
         399   0.0525979   0.0497905 0.000438471
         400   0.0476959   0.0497853 0.000437406
         401   0.0473307   0.0497791 0.000436358
         402   0.0529295    0.049787 0.000435343
         403   0.0507155   0.0497893 0.000434268
         404   0.0498671   0.0497895 0.000433194
         405   0.0454995   0.0497789 0.000432253
         406   0.0478454   0.0497741 0.000431215
         407   0.0591096   0.0497971 0.000430765
         408   0.0513762   0.0498009 0.000429727
         409   0.0494091      0.0498 0.000428677
         410   0.0539666   0.0498101 0.000427752
         411   0.0379303   0.0497812 0.000427687
         412   0.0618922   0.0498106 0.000427658
         413   0.0460895   0.0498016 0.000426717
         414   0.0461625   0.0497928 0.000425777
         415   0.0403307     0.04977 0.000425361
         416   0.0445095   0.0497574 0.000424526
         417   0.0366388   0.0497259 0.000424672
         418   0.0441884   0.0497127 0.000423863
         419    0.050375   0.0497143 0.000422854
         420   0.0504886   0.0497161 0.000421852
         421   0.0508244   0.0497187 0.000420858
         422   0.0464246   0.0497109 0.000419933
         423   0.0532537   0.0497193 0.000419024
         424   0.0549439   0.0497316 0.000418216
         425   0.0537886   0.0497412 0.000417341
         426    0.047317   0.0497355   0.0004164
         427   0.0576873   0.0497541 0.000415842
         428     0.04163   0.0497351 0.000415303
         429   0.0400048   0.0497124 0.000414954
         430   0.0489002   0.0497105 0.000413993
         431   0.0480929   0.0497068  0.00041305
         432   0.0383999   0.0496806 0.000412922
         433   0.0535376   0.0496895 0.000412064
         434   0.0573341   0.0497071 0.000411491
         435    0.042842   0.0496914 0.000410848
         436   0.0536205   0.0497004 0.000410004
         437   0.0537542   0.0497096 0.000409171
         438   0.0634392    0.049741 0.000409436
         439   0.0497793   0.0497411 0.000408503
         440   0.0713855   0.0497903 0.000410526
         441    0.051743   0.0497947 0.000409619
         442   0.0417381   0.0497765 0.000409097
         443   0.0435308   0.0497624 0.000408417
         444   0.0409408   0.0497425  0.00040798
         445   0.0430583   0.0497275 0.000407339
         446   0.0443638   0.0497155 0.000406604
         447   0.0499791    0.049716 0.000405694
         448   0.0557142   0.0497294  0.00040501
         449    0.053938   0.0497388 0.000404216
         450   0.0491964   0.0497376  0.00040332
         451   0.0563211   0.0497522 0.000402689
         452   0.0505516    0.049754 0.000401802
         453   0.0574191   0.0497709 0.000401272
         454   0.0559643   0.0497845  0.00040062
         455   0.0518357    0.049789 0.000399764
         456   0.0456829     0.04978 0.000398989
         457   0.0516511   0.0497841 0.000398137
         458   0.0453075   0.0497744 0.000397388
         459   0.0453853   0.0497648 0.000396637
         460   0.0555295   0.0497773 0.000395973
         461    0.051228   0.0497805 0.000395126
         462   0.0465502   0.0497735 0.000394333
         463   0.0472345    0.049768 0.000393519
         464   0.0438735   0.0497553 0.000392876
         465   0.0513036   0.0497586 0.000392045
         466   0.0425538   0.0497432 0.000391509
         467   0.0653876   0.0497767 0.000392101
         468   0.0577253   0.0497936 0.000391631
         469   0.0557468   0.0498063 0.000391002
         470   0.0655974   0.0498399 0.000391611
         471   0.0509276   0.0498422 0.000390786
         472   0.0485326   0.0498395 0.000389968
         473   0.0443925    0.049828 0.000389313
         474   0.0391422   0.0498054 0.000389144
         475   0.0429647    0.049791 0.000388591
         476    0.056323   0.0498047 0.000388017
         477   0.0471527   0.0497992 0.000387244
         478   0.0370329   0.0497725 0.000387353
         479   0.0348105   0.0497412 0.000387802
         480   0.0408787   0.0497228 0.000387433
         481   0.0389592   0.0497004 0.000387274
         482    0.040418   0.0496811 0.000386949
         483   0.0396387   0.0496603 0.000386706
         484   0.0399095   0.0496402 0.000386431
         485   0.0448805   0.0496304 0.000385759
         486   0.0459279   0.0496228 0.000385041
         487   0.0499224   0.0496234  0.00038425
         488   0.0564132   0.0496373 0.000383715
         489   0.0656848   0.0496701 0.000384331
         490   0.0524073   0.0496757 0.000383587
         491   0.0435069   0.0496631 0.000383012
         492   0.0508502   0.0496655 0.000382241
         493    0.054524   0.0496754 0.000381592
         494    0.051676   0.0496794 0.000380841
         495   0.0457636   0.0496715 0.000380154
         496   0.0424862    0.049657 0.000379664
         497     0.04742   0.0496525 0.000378926
         498   0.0525523   0.0496584  0.00037821
         499   0.0398586   0.0496387 0.000377962
         500   0.0453931   0.0496302 0.000377301
         501   0.0440519   0.0496191 0.000376712
         502   0.0501625   0.0496202 0.000375964
         503   0.0411886   0.0496034  0.00037559
         504   0.0386592   0.0495817 0.000375472
         505   0.0515901   0.0495857 0.000374749
         506   0.0434601   0.0495736 0.000374204
         507   0.0408522   0.0495564 0.000373861
         508   0.0404754   0.0495385 0.000373552
         509   0.0620429   0.0495631 0.000373625
         510   0.0416589   0.0495476 0.000373214
         511   0.0467305   0.0495421 0.000372524
         512   0.0735456   0.0495889 0.000374735
         513   0.0463359   0.0495826 0.000374058
         514   0.0479534   0.0495794 0.000373344
         515   0.0482114   0.0495768 0.000372629
         516   0.0382935   0.0495549 0.000372548
         517   0.0521767     0.04956 0.000371861
         518   0.0711338   0.0496016 0.000373469
         519    0.047168   0.0495969 0.000372778
         520   0.0531346   0.0496037 0.000372124
         521   0.0374746   0.0495805 0.000372137
         522   0.0389982   0.0495602 0.000371976
         523    0.044698   0.0495509 0.000371381
         524   0.0476112   0.0495472  0.00037069
         525   0.0584274   0.0495641  0.00037037
         526   0.0475088   0.0495602 0.000369686
         527   0.0616013    0.049583  0.00036969
         528   0.0437576    0.049572 0.000369155
         529   0.0427199   0.0495591 0.000368684
         530   0.0559191   0.0495711 0.000368184
         531   0.0680895   0.0496059 0.000369138
         532   0.0557918   0.0496176 0.000368628
         533   0.0377066   0.0495952 0.000368613
         534     0.04497   0.0495866 0.000368024
         535   0.0395891   0.0495679  0.00036781
         536   0.0510742   0.0495707 0.000367135
         537   0.0364645   0.0495463 0.000367262
         538   0.0452165   0.0495382 0.000366667
         539   0.0397217     0.04952 0.000366439
         540   0.0517618   0.0495242 0.000365784
         541   0.0482519   0.0495218 0.000365115
         542   0.0513727   0.0495252 0.000364458
         543   0.0666673   0.0495568 0.000365151
         544   0.0701097   0.0495946 0.000366429
         545   0.0543461   0.0496033 0.000365861
         546   0.0377041   0.0495815 0.000365839
         547   0.0464456   0.0495758 0.000365215
         548   0.0368939   0.0495526 0.000365281
         549   0.0338025   0.0495239 0.000365741
         550   0.0353542   0.0494982 0.000365982
         551   0.0426736   0.0494858 0.000365527
         552   0.0473847    0.049482 0.000364885
         553   0.0441408   0.0494723 0.000364353
         554   0.0373538   0.0494504 0.000364351
         555   0.0461735   0.0494445 0.000363743
         556   0.0498983   0.0494454 0.000363089
         557   0.0519331   0.0494498 0.000362465
         558   0.0431555   0.0494385 0.000361991
         559   0.0492351   0.0494382 0.000361343
         560   0.0435148   0.0494276 0.000360853
         561   0.0469867   0.0494233 0.000360236
         562   0.0458749   0.0494169  0.00035965
         563   0.0480395   0.0494145  0.00035902
         564   0.0398443   0.0493975 0.000358784
         565   0.0401312   0.0493811 0.000358524
         566   0.0388334   0.0493625 0.000358374
         567   0.0437077   0.0493525 0.000357881
         568   0.0453198   0.0493454 0.000357321
         569   0.0450228   0.0493378 0.000356774
         570   0.0541646   0.0493463 0.000356248
         571   0.0412687   0.0493321 0.000355905
         572   0.0598258   0.0493505 0.000355756
         573   0.0474475   0.0493472  0.00035515
         574   0.0509855     0.04935 0.000354543
         575   0.0460518   0.0493443 0.000353973
         576    0.054753   0.0493537 0.000353483
         577   0.0491618   0.0493533  0.00035287
         578   0.0561253   0.0493651 0.000352454
         579   0.0474614   0.0493618 0.000351861
         580   0.0424849   0.0493499 0.000351454
         581   0.0482313    0.049348 0.000350854
         582   0.0445744   0.0493398 0.000350347
         583   0.0616562   0.0493609 0.000350383
         584   0.0553642   0.0493712 0.000349934
         585   0.0599013   0.0493892 0.000349798
         586   0.0404346   0.0493739 0.000349535
         587   0.0626569   0.0493965 0.000349671
         588   0.0477345   0.0493937 0.000349088
         589   0.0553239   0.0494038  0.00034864
         590   0.0525303   0.0494091  0.00034809
         591   0.0522414   0.0494139 0.000347534
         592   0.0424733   0.0494021 0.000347144
         593   0.0500329   0.0494032  0.00034656
         594   0.0513421   0.0494065 0.000345992
         595   0.0461353    0.049401 0.000345455
         596   0.0420461   0.0493886 0.000345095
         597   0.0372642   0.0493683 0.000345114
         598   0.0411103   0.0493545 0.000344813
         599   0.0338302   0.0493286  0.00034521
         600   0.0348257   0.0493044  0.00034548
         601   0.0519995   0.0493089 0.000344934
         602   0.0416959   0.0492963 0.000344593
         603   0.0556171   0.0493067 0.000344181
         604   0.0480927   0.0493047 0.000343617
         605   0.0595272   0.0493216 0.000343464
         606   0.0458643   0.0493159 0.000342945
         607   0.0528657   0.0493218  0.00034243
         608   0.0532429   0.0493282 0.000341927
         609   0.0457647   0.0493224 0.000341416
         610    0.049852   0.0493232 0.000340857
         611   0.0421452   0.0493115 0.000340502
         612   0.0482445   0.0493098  0.00033995
         613   0.0519235    0.049314 0.000339422
         614   0.0401133    0.049299   0.0003392
         615   0.0385728   0.0492816 0.000339097
         616   0.0566271   0.0492935 0.000338756
         617   0.0450268   0.0492866 0.000338277
         618   0.0389952   0.0492699 0.000338139
         619   0.0475247   0.0492671 0.000337605
         620   0.0557146   0.0492775 0.000337221
         621   0.0588549    0.049293  0.00033703
         622   0.0576313   0.0493064 0.000336755
         623   0.0404953   0.0492922 0.000336511
         624   0.0446821   0.0492848 0.000336053
         625   0.0411354   0.0492718 0.000335768
         626   0.0347577   0.0492486 0.000336031
         627   0.0542671   0.0492566 0.000335591
         628   0.0537618   0.0492638 0.000335133
         629   0.0583098   0.0492782 0.000334908
         630   0.0422984   0.0492671  0.00033456
         631   0.0577514   0.0492805   0.0003343
         632   0.0441018   0.0492723 0.000333871
         633   0.0433813    0.049263 0.000333474
         634   0.0499258   0.0492641 0.000332949
         635   0.0490546   0.0492637 0.000332425
         636   0.0547252   0.0492723 0.000332013
         637    0.043726   0.0492636 0.000331606
         638   0.0389574   0.0492475  0.00033148
         639   0.0452707   0.0492412 0.000331019
         640   0.0436235   0.0492325 0.000330619
         641   0.0385131   0.0492157 0.000330525
         642   0.0483802   0.0492144 0.000330013
         643   0.0586295   0.0492291 0.000329825
         644   0.0541899   0.0492368 0.000329402
         645   0.0564946    0.049248 0.000329084
         646   0.0495068   0.0492484 0.000328575
         647   0.0474884   0.0492457 0.000328078
         648   0.0626939   0.0492665 0.000328227
         649   0.0455135   0.0492607 0.000327773
         650   0.0372865   0.0492423 0.000327786
         651   0.0388432   0.0492263 0.000327671
         652   0.0456858   0.0492209 0.000327214
         653   0.0470967   0.0492176 0.000326729
         654   0.0522011   0.0492222 0.000326261
         655   0.0476911   0.0492198 0.000325771
         656   0.0475652   0.0492173 0.000325284
         657   0.0419103   0.0492062 0.000324979
         658   0.0519207   0.0492103 0.000324512
         659   0.0572596   0.0492225 0.000324249
         660   0.0439781   0.0492146 0.000323855
         661    0.050756   0.0492169 0.000323373
         662   0.0450746   0.0492107 0.000322946
         663   0.0419342   0.0491997 0.000322645
         664   0.0534399   0.0492061 0.000322222
         665   0.0553994   0.0492154 0.000321872
         666    0.042175   0.0492048 0.000321562
         667   0.0409394   0.0491924 0.000321319
         668   0.0416456   0.0491811 0.000321037
         669   0.0411597   0.0491691  0.00032078
         670   0.0451783   0.0491632 0.000320357
         671   0.0487796   0.0491626  0.00031988
         672   0.0506243   0.0491648 0.000319411
         673   0.0643738   0.0491874 0.000319735
         674   0.0594549   0.0492026 0.000319624
         675    0.053041   0.0492083 0.000319201
         676   0.0541413   0.0492156 0.000318812
         677   0.0344717   0.0491938 0.000319084
         678   0.0409594   0.0491817 0.000318844
         679   0.0459736   0.0491769  0.00031841
         680    0.044473     0.04917 0.000318017
         681   0.0525698    0.049175 0.000317589
         682   0.0505777   0.0491771  0.00031713
         683   0.0524778   0.0491819 0.000316702
         684   0.0488211   0.0491814  0.00031624
         685   0.0464337   0.0491774 0.000315804
         686   0.0448503   0.0491711 0.000315406
         687   0.0468658   0.0491677 0.000314965
         688   0.0555224   0.0491769 0.000314643
         689   0.0408192   0.0491648  0.00031442
         690    0.041213   0.0491533 0.000314175
         691   0.0413566    0.049142 0.000313923
         692   0.0395866   0.0491282 0.000313773
         693   0.0504123   0.0491301 0.000313326
         694   0.0480883   0.0491286 0.000312878
         695   0.0444486   0.0491218   0.0003125
         696   0.0537365   0.0491285 0.000312121
         697   0.0467693   0.0491251 0.000311692
         698   0.0391078   0.0491107 0.000311575
         699   0.0441619   0.0491036  0.00031121
         700   0.0480712   0.0491022 0.000310769
         701   0.0462688   0.0490981 0.000310352
         702   0.0476028    0.049096 0.000309917
         703   0.0527244   0.0491011 0.000309519
         704    0.048763   0.0491007  0.00030908
         705   0.0423691   0.0490911 0.000308789
         706   0.0571046   0.0491025  0.00030856
         707   0.0586062   0.0491159 0.000308417
         708   0.0361116   0.0490975 0.000308527
         709   0.0388669   0.0490831 0.000308429
         710   0.0388901   0.0490688 0.000308329
         711   0.0418858   0.0490587 0.000308061
         712   0.0457983   0.0490541 0.000307662
         713   0.0472818   0.0490516 0.000307241
         714   0.0527044   0.0490567 0.000306853
         715   0.0531468   0.0490624 0.000306477
         716    0.051319   0.0490656 0.000306065
         717   0.0463568   0.0490618 0.000305662
         718   0.0382863   0.0490468 0.000305604
         719   0.0526216   0.0490518  0.00030522
         720   0.0627353   0.0490708 0.000305387
         721   0.0560949   0.0490805 0.000305119
         722   0.0547066   0.0490883 0.000304796
         723   0.0426479   0.0490794 0.000304504
         724   0.0474634   0.0490772 0.000304092
         725   0.0483299   0.0490761 0.000303674
         726   0.0404447   0.0490642 0.000303488
         727   0.0468565   0.0490612 0.000303086
         728   0.0517423   0.0490649 0.000302692
         729   0.0605258   0.0490806 0.000302685
         730    0.049532   0.0490812 0.000302271
         731   0.0558957   0.0490906 0.000302001
         732   0.0443926   0.0490841 0.000301657
         733   0.0509512   0.0490867 0.000301256
         734   0.0556762   0.0490957 0.000300979
         735   0.0563427   0.0491055 0.000300731
         736   0.0489637   0.0491053 0.000300323
         737   0.0414045   0.0490949 0.000300097
         738   0.0479882   0.0490934 0.000299694
         739   0.0471268   0.0490907   0.0002993
         740   0.0426379    0.049082 0.000299023
         741   0.0419954   0.0490724 0.000298772
         742   0.0425527   0.0490636 0.000298499
         743   0.0358873   0.0490459 0.000298623
         744   0.0467536   0.0490428 0.000298238
         745   0.0460175   0.0490388 0.000297865
         746   0.0347699   0.0490196 0.000298079
         747   0.0376522   0.0490044 0.000298069
         748   0.0483716   0.0490036 0.000297671
         749     0.05149   0.0490069 0.000297292
         750   0.0477921   0.0490053   0.0002969
         751   0.0384075   0.0489912  0.00029684
         752   0.0376205    0.048976  0.00029683
         753   0.0403352   0.0489646 0.000296658
         754    0.038842   0.0489511 0.000296568
         755   0.0474793   0.0489492 0.000296182
         756   0.0729511   0.0489809 0.000297487
         757   0.0584613   0.0489935 0.000297357
         758   0.0532386   0.0489991 0.000297018
         759   0.0523888   0.0490035  0.00029666
         760   0.0515462   0.0490069 0.000296288
         761    0.043699   0.0489999 0.000295981
         762   0.0439386   0.0489933 0.000295667
         763   0.0383563   0.0489793 0.000295608
         764   0.0506463   0.0489815 0.000295229
         765   0.0578243   0.0489931  0.00029507
         766   0.0499859   0.0489944 0.000294687
         767   0.0468762   0.0489916 0.000294316
         768   0.0469264   0.0489889 0.000293945
         769   0.0499783   0.0489902 0.000293566
         770   0.0509927   0.0489928 0.000293196
         771   0.0498881    0.048994 0.000292818
         772   0.0546704   0.0490013 0.000292531
         773    0.041177   0.0489912 0.000292327
         774   0.0395429    0.048979 0.000292205
         775   0.0458418   0.0489749 0.000291856
         776   0.0451015   0.0489699 0.000291522
         777   0.0512441   0.0489729 0.000291162
         778   0.0354101   0.0489554 0.000291309
         779    0.052226   0.0489596 0.000290965
         780   0.0505815   0.0489617 0.000290599
         781   0.0442858   0.0489557 0.000290289
         782   0.0396102   0.0489438 0.000290164
         783   0.0554317   0.0489521 0.000289911
         784   0.0429689   0.0489444 0.000289642
         785   0.0466091   0.0489415 0.000289288
         786   0.0573467   0.0489522 0.000289118
         787   0.0410346   0.0489421 0.000288926
         788   0.0479697   0.0489409 0.000288562
         789   0.0504665   0.0489428 0.000288202
         790   0.0597188   0.0489564  0.00028816
         791   0.0503172   0.0489582 0.000287801
         792   0.0526575   0.0489628 0.000287475
         793   0.0467298     0.04896 0.000287127
         794   0.0578056   0.0489711 0.000286981
         795   0.0555644   0.0489794  0.00028674
         796   0.0509442   0.0489819  0.00028639
         797   0.0522911   0.0489861 0.000286061
         798   0.0560044   0.0489949 0.000285838
         799    0.049063   0.0489949  0.00028548
         800   0.0529162   0.0489998 0.000285165
         801   0.0460083   0.0489961 0.000284834
         802   0.0421256   0.0489875 0.000284607
         803   0.0490368   0.0489876 0.000284253
         804   0.0424522   0.0489795 0.000284016
         805   0.0536848   0.0489853 0.000283723
         806   0.0500464   0.0489866 0.000283374
         807   0.0412444    0.048977 0.000283185
         808    0.058277   0.0489886 0.000283069
         809   0.0656626   0.0490092 0.000283468
         810   0.0552082   0.0490168 0.000283221
         811   0.0499155   0.0490179 0.000282874
         812   0.0556991   0.0490262 0.000282646
         813   0.0497118    0.049027 0.000282299
         814   0.0573496   0.0490372 0.000282137
         815   0.0487246   0.0490368 0.000281791
         816   0.0511167   0.0490394 0.000281458
         817    0.046306    0.049036 0.000281133
         818   0.0565978   0.0490453 0.000280941
         819   0.0600789   0.0490588 0.000280921
         820   0.0485783   0.0490582 0.000280579
         821   0.0525614   0.0490624  0.00028027
         822   0.0420888    0.049054 0.000280057
         823   0.0389065   0.0490416 0.000279988
         824   0.0473667   0.0490396 0.000279656
         825   0.0548037   0.0490466 0.000279404
         826   0.0492482   0.0490468 0.000279066
         827   0.0450254    0.049042 0.000278771
         828   0.0474891   0.0490401 0.000278441
         829   0.0446638   0.0490348 0.000278155
         830   0.0431161   0.0490277 0.000277911
         831   0.0570073   0.0490373 0.000277742
         832   0.0597057   0.0490501 0.000277704
         833   0.0468894   0.0490475 0.000277383
         834   0.0551875   0.0490549 0.000277148
         835   0.0411728   0.0490454 0.000276977
         836    0.049514    0.049046 0.000276646
         837   0.0383936   0.0490333 0.000276608
         838   0.0434746   0.0490266 0.000276358
         839   0.0447315   0.0490215 0.000276076
         840   0.0417048   0.0490128 0.000275884
         841   0.0473986   0.0490109 0.000275563
         842   0.0452537   0.0490064 0.000275272
         843   0.0510588   0.0490089 0.000274956
         844   0.0550133    0.049016 0.000274722
         845    0.061227   0.0490304 0.000274777
         846    0.056602   0.0490394 0.000274598
         847    0.071188   0.0490655 0.000275516
         848   0.0593479   0.0490776 0.000275458
         849   0.0625797   0.0490935 0.000275592
         850   0.0430832   0.0490865 0.000275359
         851   0.0408202   0.0490768 0.000275206
         852   0.0468151   0.0490741 0.000274896
         853   0.0436161   0.0490677 0.000274648
         854    0.050419   0.0490693 0.000274331
         855   0.0491039   0.0490693  0.00027401
         856   0.0519695   0.0490727 0.000273711
         857   0.0693279   0.0490964  0.00027441
         858   0.0533998   0.0491014 0.000274136
         859   0.0515855   0.0491043 0.000273833
         860   0.0524711   0.0491082 0.000273542
         861   0.0560283   0.0491162 0.000273342
         862   0.0651159   0.0491348 0.000273655
         863   0.0386652   0.0491226 0.000273607
         864   0.0399752   0.0491121 0.000273495
         865    0.042891   0.0491049 0.000273273
         866    0.046729   0.0491021 0.000272971
         867   0.0465288   0.0490992 0.000272672
         868   0.0675602   0.0491204 0.000273187
         869   0.0501285   0.0491216 0.000272875
         870   0.0411515   0.0491124 0.000272715
         871   0.0527748   0.0491166 0.000272434
         872   0.0433319     0.04911 0.000272202
         873    0.044125   0.0491043  0.00027195
         874   0.0599566   0.0491167 0.000271923
         875   0.0453887   0.0491124 0.000271645
         876   0.0503876   0.0491139 0.000271339
         877   0.0430879    0.049107 0.000271117
         878    0.048609   0.0491065 0.000270808
         879   0.0418374   0.0490982 0.000270627
         880   0.0483459   0.0490973  0.00027032
         881   0.0540515    0.049103 0.000270072
         882   0.0591907   0.0491144 0.000270008
         883   0.0510801   0.0491166 0.000269711
         884   0.0478394   0.0491152  0.00026941
         885   0.0461856   0.0491119 0.000269126
         886   0.0618138   0.0491262 0.000269204
         887   0.0611759   0.0491398 0.000269243
         888    0.048766   0.0491394  0.00026894
         889   0.0455056   0.0491353 0.000268669
         890   0.0424718   0.0491278 0.000268471
         891   0.0449422   0.0491231 0.000268211
         892   0.0456676   0.0491192 0.000267938
         893   0.0721185    0.049145 0.000268873
         894    0.049961   0.0491459 0.000268574
         895    0.054185   0.0491515 0.000268333
         896   0.0622282   0.0491661  0.00026843
         897   0.0529022   0.0491703 0.000268163
         898   0.0513502   0.0491727 0.000267875
         899   0.0590658   0.0491837 0.000267803
         900   0.0587626   0.0491943 0.000267717
         901   0.0592593   0.0492055 0.000267653
         902   0.0529305   0.0492096 0.000267388
         903    0.052068   0.0492128 0.000267111
         904   0.0516665   0.0492155 0.000266829
         905    0.068292   0.0492366 0.000267365
         906   0.0645714   0.0492535 0.000267606
         907   0.0602421   0.0492656 0.000267585
         908   0.0464977   0.0492626 0.000267307
         909   0.0534671   0.0492672 0.000267053
         910    0.056367    0.049275 0.000266874
         911   0.0525398   0.0492786 0.000266605
         912   0.0433793   0.0492721 0.000266391
         913   0.0462048   0.0492688  0.00026612
         914   0.0406156   0.0492593 0.000265998
         915    0.039752   0.0492489  0.00026591
         916   0.0440246   0.0492432 0.000265681
         917   0.0465934   0.0492403 0.000265407
         918   0.0398705   0.0492301 0.000265314
         919    0.050574   0.0492316 0.000265029
         920   0.0359566   0.0492172 0.000265133
         921   0.0330146   0.0491996 0.000265429
         922   0.0462831   0.0491964 0.000265159
         923   0.0399725   0.0491864  0.00026506
         924   0.0374111   0.0491737  0.00026508
         925   0.0476784    0.049172 0.000264798
         926   0.0591082   0.0491828 0.000264729
         927   0.0465488   0.0491799 0.000264459
         928   0.0532541   0.0491843 0.000264211
         929   0.0557372   0.0491914  0.00026402
         930   0.0765097   0.0492208 0.000265366
         931   0.0396336   0.0492105  0.00026528
         932   0.0483016   0.0492095 0.000264997
         933   0.0498214   0.0492101 0.000264714
         934   0.0413086   0.0492017 0.000264566
         935   0.0438956    0.049196 0.000264344
         936   0.0447345   0.0491912 0.000264104
         937   0.0395135   0.0491809 0.000264024
         938    0.060409   0.0491929 0.000264014
         939   0.0551153   0.0491992 0.000263808
         940   0.0488734   0.0491988 0.000263528
         941   0.0559878   0.0492061 0.000263347
         942   0.0534857   0.0492106 0.000263106
         943   0.0455051   0.0492067 0.000262856
         944   0.0479097   0.0492053 0.000262582
         945   0.0437086   0.0491995 0.000262368
         946   0.0424723   0.0491924 0.000262187
         947     0.04254   0.0491853 0.000262004
         948    0.036664   0.0491721 0.000262061
         949   0.0445783   0.0491673 0.000261829
         950   0.0517445     0.04917 0.000261568
         951    0.051917   0.0491729 0.000261309
         952   0.0557313   0.0491798 0.000261125
         953   0.0484577    0.049179 0.000260852
         954   0.0594422   0.0491898   0.0002608
         955   0.0495741   0.0491902 0.000260528
         956   0.0381744   0.0491787  0.00026051
         957   0.0568301   0.0491867  0.00026036
         958   0.0583326   0.0491962 0.000260263
         959   0.0474735   0.0491944 0.000259998
         960   0.0376575   0.0491824 0.000260005
         961   0.0410614   0.0491739 0.000259872
         962   0.0470541   0.0491717 0.000259611
         963   0.0689802   0.0491923 0.000260155
         964   0.0459615    0.049189 0.000259907
         965   0.0399027   0.0491793 0.000259815
         966   0.0541946   0.0491845 0.000259598
         967   0.0468009   0.0491821 0.000259342
         968   0.0547064   0.0491878 0.000259136
         969   0.0481157   0.0491867 0.000258871
         970   0.0712836   0.0492094 0.000259605
         971   0.0580361   0.0492185 0.000259497
         972   0.0594681   0.0492291 0.000259444
         973   0.0533926   0.0492334 0.000259212
         974    0.050862    0.049235 0.000258952
         975   0.0521902   0.0492381 0.000258704
         976   0.0517499   0.0492406 0.000258452
         977   0.0494849   0.0492409 0.000258187
         978   0.0404649   0.0492319 0.000258079
         979   0.0464176    0.049229 0.000257831
         980   0.0456094   0.0492253 0.000257595
         981   0.0550972   0.0492313 0.000257402
         982    0.049718   0.0492318  0.00025714
         983   0.0439238   0.0492264 0.000256935
         984    0.040204   0.0492173 0.000256838
         985   0.0470303    0.049215 0.000256587
         986   0.0430417   0.0492088 0.000256403
         987   0.0444478   0.0492039 0.000256188
         988   0.0621398    0.049217 0.000256263
         989   0.0399579   0.0492077 0.000256175
         990   0.0507564   0.0492092 0.000255921
         991   0.0561718   0.0492163 0.000255759
         992   0.0512655   0.0492183  0.00025551
         993   0.0435328   0.0492126 0.000255317
         994   0.0608055   0.0492243 0.000255326
         995   0.0557876   0.0492309 0.000255155
         996   0.0505413   0.0492322 0.000254902
         997   0.0508417   0.0492338 0.000254651
         998   0.0455489   0.0492301 0.000254423
         999    0.043288   0.0492242 0.000254238
        1000   0.0453893   0.0492203 0.000254012
