           1     1.56285     1.56285           0
           2     1.53998     1.55141  0.00808341
           3     1.52323     1.54202  0.00937405
           4     1.49562     1.53042   0.0122622
           5     1.42672     1.50968   0.0209845
           6     1.48501     1.50557   0.0178854
           7     1.46013     1.49908   0.0164661
           8     1.39664     1.48627   0.0187363
           9     1.35333      1.4715     0.02171
          10     1.25823     1.45017   0.0281271
          11     1.26215     1.43308   0.0303222
          12      1.2629      1.4189   0.0309345
          13     1.36757     1.41495   0.0288058
          14     1.36717     1.41154   0.0269496
          15     1.36432     1.40839   0.0253362
          16     1.36413     1.40562   0.0239032
          17     1.38626     1.40448   0.0225243
          18     1.40268     1.40438   0.0212731
          19     1.40624     1.40448   0.0201537
          20     1.40063     1.40429    0.019147
          21     1.32907     1.40071   0.0185672
          22     1.32178     1.39712   0.0180665
          23     1.27918     1.39199    0.017994
          24     1.28062     1.38735   0.0178326
          25     1.26199     1.38234   0.0178104
          26     1.31417     1.37972   0.0173173
          27     1.34448     1.37841    0.016725
          28     1.39056     1.37884   0.0161333
          29     1.32572     1.37701   0.0156806
          30     1.40708     1.37801   0.0151899
          31     1.33832     1.37673   0.0147538
          32     1.30307     1.37443   0.0144712
          33     1.37291     1.37439   0.0140328
          34     1.33167     1.37313   0.0136762
          35     1.35638     1.37265   0.0132938
          36     1.35618     1.37219   0.0129324
          37      1.4927     1.37545   0.0129865
          38     1.36874     1.37527   0.0126459
          39     1.35034     1.37463   0.0123378
          40     1.42443     1.37588    0.012092
          41     1.43014      1.3772   0.0118693
          42     1.40285     1.37781   0.0116024
          43     1.39429      1.3782   0.0113389
          44     1.38254     1.37829   0.0110816
          45     1.38712     1.37849   0.0108371
          46     1.43024     1.37962   0.0106598
          47     1.47786     1.38171   0.0106359
          48     1.42342     1.38258   0.0104498
          49     1.41357     1.38321   0.0102557
          50      1.4101     1.38375   0.0100646
          51     1.38132      1.3837  0.00986741
          52     1.40351     1.38408  0.00968501
          53     1.45173     1.38536  0.00958601
          54     1.39769     1.38558  0.00941121
          55     1.40403     1.38592  0.00924607
          56     1.51735     1.38827   0.0093741
          57     1.41635     1.38876  0.00922259
          58     1.34021     1.38792  0.00910147
          59     1.44044     1.38881  0.00899064
          60     1.42669     1.38944  0.00886293
          61     1.42972      1.3901  0.00874219
          62     1.45067     1.39108  0.00865559
          63     1.45863     1.39215  0.00858436
          64     1.32425     1.39109  0.00851555
          65     1.28117      1.3894   0.0085508
          66     1.34162     1.38868  0.00845184
          67     1.33463     1.38787  0.00836411
          68     1.40332      1.3881  0.00824419
          69     1.36902     1.38782  0.00812935
          70      1.3725      1.3876  0.00801616
          71     1.41172     1.38794  0.00791045
          72     1.37333     1.38774  0.00780318
          73     1.34485     1.38715  0.00771838
          74     1.36049     1.38679  0.00762248
          75     1.37301     1.38661  0.00752306
          76     1.38874     1.38663  0.00742412
          77     1.40611     1.38689  0.00733202
          78     1.39218     1.38696  0.00723833
          79     1.35854      1.3866  0.00715564
          80     1.43354     1.38718  0.00709021
          81     1.46914     1.38819   0.0070745
          82     1.38907     1.38821  0.00698824
          83     1.36636     1.38794    0.006909
          84     1.35705     1.38757  0.00683653
          85     1.38638     1.38756  0.00675612
          86     1.39816     1.38768  0.00667868
          87     1.35601     1.38732  0.00661183
          88     1.35415     1.38694  0.00654743
          89     1.38463     1.38692  0.00647392
          90     1.32811     1.38626  0.00643487
          91     1.38775     1.38628  0.00636418
          92     1.38523     1.38627  0.00629501
          93     1.41736      1.3866   0.0062362
          94     1.40502      1.3868  0.00617293
          95     1.40164     1.38695  0.00610993
          96     1.44334     1.38754  0.00607445
          97      1.4129      1.3878  0.00601745
          98     1.38288     1.38775  0.00595626
          99     1.39087     1.38778  0.00589617
         100     1.38723     1.38778  0.00583722
         101     1.40922     1.38799  0.00578328
         102     1.41141     1.38822  0.00573114
         103     1.42091     1.38854  0.00568428
         104     1.38744     1.38853  0.00562963
         105     1.39247     1.38857  0.00557614
         106     1.37516     1.38844  0.00552497
         107     1.37041     1.38827   0.0054759
         108     1.39796     1.38836  0.00542593
         109     1.38255     1.38831  0.00537642
         110     1.38305     1.38826  0.00532775
         111     1.34687     1.38789  0.00529278
         112      1.3663     1.38769  0.00524903
         113     1.33878     1.38726   0.0052204
         114     1.38204     1.38721  0.00517481
         115     1.32837      1.3867  0.00515504
         116     1.33722     1.38628  0.00512822
         117     1.33594     1.38585  0.00510241
         118     1.39623     1.38593  0.00505993
         119     1.40012     1.38605  0.00501881
         120     1.40594     1.38622  0.00497972
         121     1.41785     1.38648  0.00494542
         122     1.43749      1.3869  0.00492253
         123      1.3736     1.38679   0.0048837
         124     1.36576     1.38662  0.00484725
         125     1.35998     1.38641  0.00481316
         126     1.36984     1.38628  0.00477676
         127     1.38505     1.38627  0.00473915
         128     1.39583     1.38634  0.00470272
         129     1.40126     1.38646  0.00466768
         130     1.44333     1.38689  0.00465224
         131     1.40282     1.38702  0.00461831
         132     1.26779     1.38611  0.00467081
         133     1.33607     1.38574  0.00465083
         134     1.37933     1.38569  0.00461636
         135     1.44574     1.38613  0.00460355
         136     1.40471     1.38627  0.00457173
         137     1.44237     1.38668  0.00455666
         138     1.39103     1.38671  0.00452375
         139     1.42523     1.38699  0.00449968
         140     1.44133     1.38738  0.00448425
         141     1.44531     1.38779  0.00447124
         142     1.38261     1.38775   0.0044399
         143     1.43025     1.38805  0.00441879
         144     1.45817     1.38854  0.00441485
         145      1.4539     1.38899  0.00440735
         146     1.44819     1.38939  0.00439578
         147     1.39795     1.38945  0.00436626
         148     1.32313       1.389  0.00435969
         149     1.42229     1.38922  0.00433615
         150     1.37221     1.38911  0.00430873
         151     1.39782     1.38917  0.00428058
         152     1.39693     1.38922  0.00425272
         153      1.3869     1.38921  0.00422495
         154     1.30841     1.38868  0.00422997
         155     1.28326       1.388  0.00425701
         156     1.31145     1.38751  0.00425791
         157     1.31881     1.38707  0.00425321
         158     1.34072     1.38678   0.0042364
         159     1.33265     1.38644  0.00422341
         160     1.34207     1.38616  0.00420611
         161     1.40667     1.38629  0.00418191
         162     1.34421     1.38603  0.00416415
         163     1.39912     1.38611  0.00413938
         164     1.33812     1.38582  0.00412447
         165      1.3691     1.38571  0.00410072
         166     1.29221     1.38515  0.00411452
         167     1.31329     1.38472  0.00411231
         168     1.42012     1.38493  0.00409323
         169     1.35127     1.38473  0.00407386
         170      1.3468     1.38451    0.004056
         171     1.34924      1.3843  0.00403752
         172     1.35726     1.38415   0.0040171
         173     1.39766     1.38422  0.00399464
         174     1.36516     1.38411  0.00397319
         175     1.43817     1.38442  0.00396247
         176     1.37279     1.38436  0.00394051
         177     1.33621     1.38409  0.00392762
         178     1.43989      1.3844  0.00391805
         179     1.40466     1.38451   0.0038978
         180     1.39722     1.38458  0.00387678
         181     1.40855     1.38472  0.00385762
         182     1.43647       1.385  0.00384689
         183     1.39373     1.38505  0.00382617
         184     1.36634     1.38495  0.00380672
         185     1.35242     1.38477  0.00379021
         186     1.37879     1.38474  0.00376996
         187     1.46161     1.38515  0.00377215
         188     1.35445     1.38499  0.00375561
         189      1.3919     1.38502  0.00373592
         190     1.38723     1.38503  0.00371628
         191     1.40536     1.38514  0.00369834
         192     1.40878     1.38526  0.00368113
         193     1.36877     1.38518  0.00366305
         194     1.41272     1.38532  0.00364692
         195      1.4417     1.38561  0.00363966
         196     1.42062     1.38579  0.00362547
         197     1.46221     1.38618  0.00362776
         198     1.47069      1.3866  0.00363446
         199     1.42806     1.38681  0.00362217
         200     1.43961     1.38707  0.00361366
         201      1.4149     1.38721  0.00359833
         202     1.31681     1.38686  0.00359736
         203     1.31987     1.38653  0.00359475
         204       1.357     1.38639  0.00358004
         205     1.38394     1.38638  0.00356259
         206     1.41429     1.38651  0.00354788
         207     1.38618     1.38651  0.00353074
         208     1.41938     1.38667   0.0035173
         209     1.44425     1.38695  0.00351124
         210      1.4258     1.38713  0.00349939
         211     1.42433     1.38731  0.00348724
         212     1.40403     1.38739  0.00347169
         213     1.43455     1.38761  0.00346244
         214     1.45272     1.38791  0.00345961
         215       1.481     1.38834  0.00347051
         216     1.47052     1.38872  0.00347523
         217     1.45644     1.38904   0.0034732
         218     1.43957     1.38927  0.00346499
         219     1.37582     1.38921  0.00344972
         220     1.42591     1.38937  0.00343807
         221     1.32909      1.3891  0.00343331
         222     1.42487     1.38926  0.00342163
         223     1.42401     1.38942  0.00340983
         224     1.42301     1.38957   0.0033979
         225     1.41488     1.38968  0.00338467
         226     1.39369      1.3897  0.00336974
         227     1.35881     1.38956  0.00335764
         228      1.3447     1.38937  0.00334867
         229     1.38979     1.38937  0.00333405
         230     1.45401     1.38965  0.00333138
         231      1.4479      1.3899  0.00332649
         232     1.45098     1.39016  0.00332255
         233     1.48663     1.39058  0.00333398
         234     1.41246     1.39067  0.00332105
         235     1.39671      1.3907  0.00330701
         236     1.32774     1.39043  0.00330374
         237      1.3749     1.39036  0.00329045
         238     1.38542     1.39034  0.00327669
         239     1.37249     1.39027  0.00326383
         240     1.39548     1.39029  0.00325031
         241     1.36754      1.3902  0.00323819
         242     1.44816     1.39044  0.00323366
         243     1.46204     1.39073  0.00323374
         244     1.45289     1.39099  0.00323051
         245     1.40551     1.39104  0.00321787
         246     1.40295     1.39109  0.00320515
         247      1.3929      1.3911  0.00319218
         248     1.33995     1.39089  0.00318597
         249     1.31736      1.3906  0.00318683
         250     1.35403     1.39045  0.00317744
         251     1.35527     1.39031  0.00316787
         252     1.37678     1.39026  0.00315576
         253     1.32559        1.39  0.00315362
         254       1.327     1.38975  0.00315094
         255     1.42374     1.38989   0.0031414
         256     1.41113     1.38997  0.00313023
         257     1.41736     1.39008  0.00311986
         258     1.47166     1.39039  0.00312375
         259     1.44977     1.39062  0.00312009
         260     1.43346     1.39079  0.00311244
         261     1.46166     1.39106  0.00311234
         262     1.44419     1.39126  0.00310706
         263     1.36373     1.39116  0.00309701
         264     1.30426     1.39083  0.00310272
         265     1.36101     1.39072  0.00309305
         266     1.35857      1.3906  0.00308378
         267     1.35713     1.39047  0.00307478
         268     1.39449     1.39048  0.00306334
         269     1.33891     1.39029  0.00305795
         270     1.30679     1.38998  0.00306222
         271     1.34748     1.38983  0.00305494
         272     1.39566     1.38985  0.00304378
         273     1.38084     1.38982  0.00303281
         274     1.26727     1.38937  0.00305454
         275     1.27899     1.38897  0.00306969
         276      1.3675     1.38889  0.00305955
         277     1.40764     1.38896  0.00304925
         278     1.44438     1.38916   0.0030448
         279     1.44283     1.38935  0.00303996
         280     1.46103      1.3896  0.00303986
         281     1.48867     1.38996  0.00304942
         282     1.45307     1.39018  0.00304681
         283     1.41744     1.39028  0.00303756
         284       1.425      1.3904  0.00302932
         285     1.40041     1.39043   0.0030189
         286     1.39696     1.39046  0.00300843
         287     1.41249     1.39053  0.00299893
         288     1.41804     1.39063  0.00299003
         289      1.4884     1.39097  0.00299876
         290     1.43476     1.39112  0.00299222
         291     1.42304     1.39123  0.00298395
         292     1.44674     1.39142  0.00297978
         293     1.47509      1.3917  0.00298326
         294     1.42106      1.3918  0.00297479
         295     1.39832     1.39183  0.00296478
         296     1.39356     1.39183  0.00295477
         297     1.40333     1.39187  0.00294508
         298     1.40495     1.39191  0.00293552
         299     1.49328     1.39225  0.00294522
         300     1.47023     1.39251  0.00294685
         301     1.44591     1.39269  0.00294239
         302     1.45268     1.39289  0.00293935
         303     1.44123     1.39305  0.00293397
         304     1.41011     1.39311  0.00292486
         305      1.3571     1.39299  0.00291765
         306     1.40297     1.39302   0.0029083
         307     1.40525     1.39306   0.0028991
         308     1.42912     1.39318  0.00289205
         309     1.36796      1.3931  0.00288384
         310     1.32807     1.39289  0.00288215
         311     1.37531     1.39283  0.00287344
         312     1.28443     1.39248  0.00288516
         313     1.25646     1.39205  0.00290848
         314     1.32531     1.39183  0.00290698
         315     1.34728     1.39169  0.00290119
         316      1.3652     1.39161  0.00289322
         317     1.38284     1.39158  0.00288422
         318     1.33895     1.39142   0.0028799
         319     1.35267     1.39129  0.00287343
         320     1.37514     1.39124   0.0028649
         321     1.33671     1.39107    0.002861
         322     1.35489     1.39096  0.00285432
         323     1.34695     1.39083  0.00284874
         324      1.3047     1.39056  0.00285232
         325     1.38719     1.39055  0.00284356
         326     1.44781     1.39072  0.00284026
         327     1.46071     1.39094  0.00283963
         328     1.40351     1.39098  0.00283123
         329     1.37053     1.39092   0.0028233
         330     1.38671      1.3909  0.00281478
         331     1.43593     1.39104  0.00280956
         332     1.45579     1.39123  0.00280786
         333     1.40038     1.39126  0.00279956
         334     1.44571     1.39142  0.00279592
         335     1.45231     1.39161  0.00279348
         336     1.49287     1.39191  0.00280137
         337     1.44924     1.39208  0.00279822
         338     1.41827     1.39215  0.00279102
         339     1.39265     1.39216  0.00278278
         340     1.43428     1.39228  0.00277735
         341     1.42714     1.39238  0.00277109
         342     1.37988     1.39235  0.00276323
         343     1.41746     1.39242  0.00275614
         344     1.45544      1.3926  0.00275421
         345      1.3726     1.39254  0.00274684
         346      1.4292     1.39265  0.00274094
         347     1.40263     1.39268   0.0027332
         348     1.42271     1.39277   0.0027267
         349     1.47441       1.393  0.00272891
         350     1.40587     1.39304  0.00272136
         351     1.42686     1.39313  0.00271531
         352      1.4326     1.39324  0.00270991
         353     1.37362     1.39319   0.0027028
         354     1.29658     1.39292  0.00270891
         355     1.41021     1.39296  0.00270172
         356     1.43729     1.39309    0.002697
         357      1.4665     1.39329  0.00269727
         358     1.41461     1.39335  0.00269039
         359     1.41933     1.39343  0.00268387
         360     1.38715     1.39341  0.00267647
         361     1.36998     1.39334  0.00266985
         362      1.4434     1.39348  0.00266605
         363     1.40729     1.39352  0.00265898
         364     1.46147     1.39371  0.00265822
         365     1.40446     1.39374   0.0026511
         366     1.30241     1.39349  0.00265557
         367      1.3171     1.39328  0.00265648
         368     1.31306     1.39306  0.00265819
         369      1.3916     1.39306  0.00265099
         370     1.32825     1.39288   0.0026496
         371     1.31792     1.39268  0.00265015
         372      1.3336     1.39252  0.00264778
         373     1.39651     1.39253  0.00264071
         374     1.28621     1.39225   0.0026489
         375     1.31208     1.39203  0.00265045
         376     1.35316     1.39193  0.00264542
         377      1.3503     1.39182   0.0026407
         378     1.37526     1.39178  0.00263408
         379     1.40507     1.39181  0.00262737
         380     1.35983     1.39173   0.0026218
         381     1.39044     1.39172  0.00261492
         382     1.34663     1.39161  0.00261074
         383     1.33447     1.39146  0.00260818
         384     1.37339     1.39141  0.00260181
         385     1.33329     1.39126  0.00259943
         386      1.3044     1.39103  0.00260242
         387     1.28182     1.39075  0.00261095
         388     1.36708     1.39069  0.00260493
         389     1.35493      1.3906  0.00259986
         390     1.40032     1.39062  0.00259331
         391     1.41888      1.3907  0.00258769
         392      1.4344     1.39081  0.00258349
         393     1.44044     1.39093     0.00258
         394      1.3409     1.39081  0.00257657
         395     1.34907      1.3907  0.00257222
         396     1.38452     1.39069  0.00256577
         397      1.4137     1.39074  0.00255996
         398     1.31226     1.39055  0.00256111
         399     1.33367      1.3904  0.00255866
         400     1.37317     1.39036  0.00255262
         401      1.3527     1.39027  0.00254798
         402      1.3869     1.39026  0.00254166
         403     1.38606     1.39025  0.00253537
         404     1.40934     1.39029  0.00252954
         405     1.42601     1.39038  0.00252483
         406     1.44018     1.39051  0.00252159
         407     1.38334     1.39049  0.00251545
         408      1.3738     1.39045  0.00250962
         409     1.34662     1.39034  0.00250577
         410     1.37479      1.3903  0.00249995
         411     1.39618     1.39032  0.00249391
         412     1.40916     1.39036  0.00248827
         413     1.30571     1.39016  0.00249067
         414     1.32158     1.38999  0.00249016
         415     1.36731     1.38994  0.00248476
         416     1.37354      1.3899   0.0024791
         417     1.46398     1.39007  0.00247951
         418      1.4874     1.39031  0.00248449
         419     1.41007     1.39035  0.00247901
         420     1.45068      1.3905  0.00247726
         421     1.48059     1.39071   0.0024806
         422     1.45066     1.39085  0.00247879
         423     1.44178     1.39098  0.00247585
         424      1.4368     1.39108  0.00247237
         425      1.3676     1.39103  0.00246717
         426     1.35783     1.39095  0.00246261
         427      1.4492     1.39109  0.00246062
         428     1.41119     1.39113  0.00245532
         429     1.38354     1.39112  0.00244966
         430     1.40043     1.39114  0.00244406
         431     1.44255     1.39126   0.0024413
         432      1.3959     1.39127  0.00243567
         433     1.41952     1.39133  0.00243092
         434     1.42203      1.3914  0.00242634
         435     1.37843     1.39137  0.00242095
         436     1.39339     1.39138   0.0024154
         437     1.41242     1.39143  0.00241035
         438     1.46117     1.39159   0.0024101
         439     1.44026      1.3917  0.00240716
         440     1.44432     1.39182  0.00240466
         441     1.43461     1.39191  0.00240117
         442       1.407     1.39195  0.00239598
         443     1.37168      1.3919    0.002391
         444     1.37571     1.39186   0.0023859
         445     1.32694     1.39172  0.00238499
         446      1.3886     1.39171  0.00237966
         447     1.33808     1.39159  0.00237736
         448     1.40735     1.39163  0.00237231
         449     1.48606     1.39184  0.00237633
         450     1.43526     1.39193  0.00237301
         451     1.44394     1.39205  0.00237055
         452     1.42472     1.39212   0.0023664
         453     1.36792     1.39207  0.00236178
         454      1.3524     1.39198   0.0023582
         455     1.34238     1.39187  0.00235553
         456     1.38691     1.39186  0.00235039
         457     1.35737     1.39179  0.00234646
         458     1.37394     1.39175  0.00234166
         459     1.37874     1.39172  0.00233673
         460     1.37875     1.39169  0.00233182
         461     1.37118     1.39165  0.00232719
         462      1.4316     1.39173  0.00232376
         463     1.29525     1.39152  0.00232806
         464     1.31358     1.39136   0.0023291
         465     1.42331     1.39142   0.0023251
         466      1.4257      1.3915  0.00232127
         467     1.37893     1.39147  0.00231646
         468      1.3753     1.39144  0.00231177
         469     1.40724     1.39147  0.00230708
         470     1.40134     1.39149  0.00230227
         471      1.3936      1.3915  0.00229739
         472     1.37481     1.39146  0.00229279
         473     1.36116      1.3914  0.00228884
         474      1.3327     1.39127  0.00228736
         475     1.38303     1.39125  0.00228261
         476     1.42942     1.39134  0.00227922
         477     1.41157     1.39138  0.00227484
         478     1.36509     1.39132  0.00227074
         479     1.31695     1.39117   0.0022713
         480     1.32796     1.39104  0.00227039
         481       1.314     1.39088  0.00227131
         482     1.34154     1.39077   0.0022689
         483     1.33031     1.39065  0.00226766
         484     1.38077     1.39063  0.00226306
         485     1.35791     1.39056   0.0022594
         486     1.35519     1.39049  0.00225592
         487     1.35896     1.39042  0.00225222
         488     1.38859     1.39042  0.00224761
         489     1.34093     1.39032  0.00224529
         490     1.36825     1.39027  0.00224116
         491     1.37865     1.39025  0.00223672
         492     1.30789     1.39008  0.00223843
         493     1.35761     1.39002  0.00223486
         494     1.37706     1.38999  0.00223049
         495     1.36866     1.38995   0.0022264
         496     1.36245     1.38989   0.0022226
         497     1.41503     1.38994   0.0022187
         498     1.48632     1.39013  0.00222267
         499     1.40871     1.39017  0.00221853
         500     1.47164     1.39034  0.00222007
         501      1.4321     1.39042   0.0022172
         502     1.42885     1.39049   0.0022141
         503      1.4071     1.39053  0.00220995
         504     1.33809     1.39042  0.00220801
         505     1.34969     1.39034  0.00220511
         506     1.34978     1.39026  0.00220221
         507     1.29571     1.39008  0.00220575
         508     1.37411     1.39005  0.00220163
         509     1.42489     1.39011  0.00219837
         510     1.40174     1.39014  0.00219418
         511     1.27174      1.3899  0.00220208
         512     1.34892     1.38982  0.00219923
         513     1.28611     1.38962  0.00220422
         514     1.24765     1.38935  0.00221717
         515     1.32255     1.38922  0.00221666
         516     1.30105     1.38905  0.00221894
         517     1.31583      1.3889  0.00221916
         518     1.43229     1.38899  0.00221646
         519     1.44827      1.3891  0.00221513
         520     1.48571     1.38929  0.00221864
         521      1.4273     1.38936  0.00221558
         522     1.43978     1.38946  0.00221344
         523      1.4856     1.38964  0.00221683
         524     1.46759     1.38979  0.00221759
         525     1.44293     1.38989  0.00221567
         526     1.37745     1.38987  0.00221159
         527     1.40697      1.3899  0.00220763
         528     1.28825     1.38971  0.00221182
         529     1.33813     1.38961  0.00220979
         530     1.45463     1.38973  0.00220903
         531     1.44587     1.38984  0.00220739
         532     1.38198     1.38982  0.00220329
         533     1.33216     1.38972  0.00220181
         534     1.43519      1.3898  0.00219934
         535      1.3784     1.38978  0.00219533
         536     1.39685     1.38979  0.00219127
         537     1.29946     1.38962  0.00219364
         538     1.33198     1.38952  0.00219218
         539     1.25095     1.38926  0.00220313
         540     1.38718     1.38926  0.00219906
         541     1.39061     1.38926  0.00219499
         542     1.40146     1.38928  0.00219106
         543     1.47492     1.38944  0.00219269
         544     1.46195     1.38957  0.00219271
         545     1.43958     1.38966  0.00219061
         546     1.43423     1.38975  0.00218811
         547     1.34687     1.38967  0.00218552
         548     1.29155     1.38949  0.00218885
         549     1.35421     1.38942  0.00218581
         550     1.39494     1.38943  0.00218186
         551     1.31385      1.3893   0.0021822
         552     1.38348     1.38929  0.00217828
         553     1.40675     1.38932  0.00217457
         554     1.40141     1.38934  0.00217075
         555     1.37642     1.38932  0.00216696
         556     1.33015     1.38921  0.00216568
         557     1.44596     1.38931  0.00216419
         558     1.42781     1.38938  0.00216141
         559     1.44402     1.38948  0.00215975
         560     1.47006     1.38962  0.00216068
         561     1.47573     1.38978  0.00216227
         562     1.42491     1.38984  0.00215933
         563     1.37867     1.38982  0.00215559
         564     1.30118     1.38966  0.00215748
         565     1.30546     1.38951  0.00215881
         566     1.36997     1.38948  0.00215527
         567     1.38019     1.38946  0.00215153
         568     1.36371     1.38942  0.00214822
         569     1.30281     1.38926  0.00214983
         570     1.33785     1.38917  0.00214795
         571     1.37447     1.38915  0.00214434
         572     1.38536     1.38914   0.0021406
         573     1.42552      1.3892  0.00213781
         574     1.40597     1.38923  0.00213428
         575     1.43536     1.38931  0.00213208
         576     1.45433     1.38943  0.00213136
         577     1.37927     1.38941  0.00212774
         578     1.37172     1.38938  0.00212428
         579     1.34866     1.38931  0.00212177
         580     1.38883     1.38931  0.00211812
         581     1.41669     1.38935    0.002115
         582     1.38659     1.38935  0.00211137
         583     1.42548     1.38941  0.00210865
         584     1.38419      1.3894  0.00210506
         585     1.38363     1.38939  0.00210149
         586     1.35538     1.38934   0.0020987
         587     1.31234      1.3892  0.00209922
         588     1.33777     1.38912  0.00209747
         589     1.36998     1.38908  0.00209416
         590     1.39338     1.38909  0.00209063
         591     1.39793     1.38911  0.00208714
         592     1.38355      1.3891  0.00208364
         593     1.35984     1.38905  0.00208071
         594     1.38739     1.38904  0.00207721
         595      1.4605     1.38917  0.00207719
         596     1.40943      1.3892  0.00207398
         597     1.36582     1.38916  0.00207087
         598     1.33527     1.38907  0.00206937
         599     1.39189     1.38907  0.00206592
         600     1.40693      1.3891  0.00206269
         601     1.47035     1.38924  0.00206369
         602     1.40699     1.38927  0.00206047
         603     1.43216     1.38934  0.00205828
         604     1.44588     1.38943    0.002057
         605     1.48562     1.38959  0.00205973
         606     1.49918     1.38977  0.00206426
         607     1.53178     1.39001  0.00207407
         608     1.45707     1.39012  0.00207359
         609     1.41081     1.39015  0.00207046
         610      1.4347     1.39022  0.00206836
         611      1.4374      1.3903  0.00206641
         612     1.38097     1.39029  0.00206309
         613     1.28547     1.39012   0.0020668
         614     1.32094        1.39   0.0020665
         615     1.34831     1.38994  0.00206425
         616     1.31735     1.38982  0.00206426
         617     1.30414     1.38968  0.00206558
         618     1.33198     1.38959  0.00206435
         619     1.41266     1.38962  0.00206135
         620     1.43911      1.3897  0.00205957
         621     1.38469     1.38969  0.00205627
         622     1.37455     1.38967  0.00205311
         623     1.36541     1.38963  0.00205018
         624     1.44559     1.38972  0.00204886
         625     1.43689      1.3898  0.00204697
         626      1.3886     1.38979   0.0020437
         627     1.42932     1.38986  0.00204141
         628     1.41814      1.3899  0.00203866
         629     1.42389     1.38996  0.00203613
         630     1.39659     1.38997  0.00203293
         631     1.39134     1.38997  0.00202971
         632     1.33638     1.38988  0.00202827
         633     1.33146     1.38979  0.00202716
         634     1.36071     1.38975  0.00202448
         635     1.32371     1.38964  0.00202396
         636     1.40751     1.38967  0.00202097
         637     1.38023     1.38966  0.00201786
         638     1.39663     1.38967  0.00201472
         639     1.36674     1.38963  0.00201189
         640     1.37182      1.3896  0.00200894
         641     1.34484     1.38953  0.00200702
         642     1.37119      1.3895   0.0020041
         643     1.44828      1.3896  0.00200306
         644     1.37056     1.38957  0.00200017
         645     1.36413     1.38953  0.00199746
         646      1.3477     1.38946  0.00199541
         647     1.38009     1.38945  0.00199238
         648     1.38996     1.38945  0.00198931
         649     1.37113     1.38942  0.00198644
         650      1.3684     1.38939  0.00198365
         651     1.39897      1.3894  0.00198066
         652     1.30039     1.38927  0.00198232
         653     1.32039     1.38916  0.00198209
         654      1.4074     1.38919  0.00197925
         655     1.33626     1.38911  0.00197788
         656     1.42048     1.38916  0.00197544
         657     1.38606     1.38915  0.00197244
         658      1.3892     1.38915  0.00196945
         659     1.43287     1.38922  0.00196757
         660     1.40234     1.38924  0.00196469
         661     1.43871     1.38931  0.00196315
         662     1.45004      1.3894  0.00196232
         663     1.39505     1.38941  0.00195938
         664     1.37006     1.38938  0.00195665
         665     1.36744     1.38935  0.00195398
         666     1.40401     1.38937  0.00195117
         667     1.40108     1.38939  0.00194833
         668     1.37601     1.38937  0.00194551
         669     1.41282      1.3894  0.00194292
         670     1.40001     1.38942  0.00194008
         671     1.37098     1.38939  0.00193739
         672     1.34337     1.38932  0.00193572
         673     1.40921     1.38935  0.00193306
         674     1.39626     1.38936  0.00193022
         675     1.40104     1.38938  0.00192744
         676     1.29368     1.38924  0.00192978
         677     1.34386     1.38917   0.0019281
         678     1.26543     1.38899  0.00193387
         679     1.39812       1.389  0.00193107
         680     1.47144     1.38912  0.00193203
         681     1.41163     1.38916  0.00192948
         682     1.39158     1.38916  0.00192665
         683     1.36684     1.38913  0.00192411
         684     1.36029     1.38909  0.00192176
         685     1.41322     1.38912  0.00191927
         686     1.46491     1.38923  0.00191965
         687     1.38586     1.38923  0.00191687
         688     1.43264     1.38929  0.00191512
         689     1.35048     1.38923  0.00191317
         690     1.42049     1.38928  0.00191093
         691     1.38707     1.38928  0.00190817
         692     1.40358      1.3893  0.00190552
         693     1.39053      1.3893  0.00190277
         694     1.41469     1.38934  0.00190038
         695     1.34429     1.38927  0.00189875
         696     1.39044     1.38927  0.00189603
         697      1.3798     1.38926  0.00189335
         698     1.38293     1.38925  0.00189066
         699      1.3195     1.38915  0.00189059
         700     1.41074     1.38918  0.00188814
         701     1.41006     1.38921  0.00188568
         702     1.38802     1.38921    0.001883
         703     1.38692     1.38921  0.00188032
         704     1.35828     1.38916  0.00187816
         705     1.34574      1.3891  0.00187651
         706     1.39247      1.3891  0.00187386
         707     1.35464     1.38906  0.00187184
         708     1.34626       1.389  0.00187017
         709     1.36319     1.38896  0.00186789
         710      1.3726     1.38894   0.0018654
         711       1.406     1.38896  0.00186293
         712     1.38458     1.38895  0.00186032
         713     1.34278     1.38889  0.00185884
         714     1.38086     1.38888  0.00185627
         715     1.33033      1.3888  0.00185548
         716     1.39915     1.38881  0.00185295
         717     1.37332     1.38879  0.00185049
         718     1.40045     1.38881  0.00184798
         719     1.43395     1.38887  0.00184648
         720     1.45523     1.38896  0.00184621
         721      1.4465     1.38904  0.00184538
         722      1.4464     1.38912  0.00184453
         723     1.35623     1.38907  0.00184254
         724     1.32254     1.38898  0.00184228
         725     1.32363     1.38889  0.00184195
         726     1.27875     1.38874  0.00184565
         727     1.28558      1.3886  0.00184856
         728      1.3675     1.38857  0.00184624
         729     1.35627     1.38852  0.00184424
         730     1.34709     1.38847  0.00184259
         731     1.37528     1.38845  0.00184016
         732     1.39321     1.38846  0.00183766
         733      1.4172      1.3885  0.00183557
         734     1.43749     1.38856  0.00183428
         735     1.37775     1.38855  0.00183184
         736     1.42511      1.3886  0.00183003
         737     1.35503     1.38855  0.00182811
         738     1.35572     1.38851  0.00182618
         739     1.37726     1.38849  0.00182377
         740      1.3842     1.38849  0.00182131
         741     1.39286     1.38849  0.00181886
         742     1.39994     1.38851  0.00181648
         743     1.37682     1.38849   0.0018141
         744     1.37714     1.38848  0.00181173
         745     1.36415     1.38844  0.00180959
         746     1.39183     1.38845  0.00180717
         747     1.41422     1.38848  0.00180508
         748     1.46643     1.38859  0.00180567
         749     1.43835     1.38865  0.00180448
         750     1.41329     1.38869  0.00180238
         751     1.39607      1.3887      0.0018
         752     1.34401     1.38864  0.00179859
         753     1.34966     1.38859  0.00179695
         754     1.32672      1.3885  0.00179643
         755     1.34944     1.38845   0.0017948
         756      1.4324     1.38851  0.00179337
         757     1.50481     1.38866  0.00179757
         758     1.44206     1.38873  0.00179658
         759     1.42581     1.38878  0.00179487
         760     1.38841     1.38878  0.00179251
         761     1.37834     1.38877  0.00179021
         762     1.38863     1.38877  0.00178786
         763     1.35338     1.38872  0.00178612
         764     1.40257     1.38874  0.00178387
         765     1.41261     1.38877  0.00178181
         766     1.41016      1.3888   0.0017797
         767     1.34772     1.38875  0.00177819
         768     1.38952     1.38875  0.00177587
         769     1.36361     1.38871  0.00177387
         770     1.42475     1.38876  0.00177218
         771     1.41535      1.3888  0.00177022
         772     1.40736     1.38882  0.00176809
         773     1.33468     1.38875  0.00176719
         774     1.36611     1.38872  0.00176514
         775     1.40637     1.38874  0.00176301
         776     1.40627     1.38877  0.00176089
         777     1.46705     1.38887   0.0017615
         778     1.42841     1.38892  0.00175997
         779     1.47516     1.38903  0.00176119
         780     1.43934     1.38909  0.00176011
         781     1.39908      1.3891   0.0017579
         782     1.34437     1.38905  0.00175659
         783      1.3884     1.38905  0.00175434
         784     1.32505     1.38897    0.001754
         785     1.36306     1.38893  0.00175208
         786     1.44408       1.389  0.00175126
         787     1.44173     1.38907  0.00175031
         788     1.46409     1.38916  0.00175068
         789     1.40467     1.38918  0.00174857
         790     1.43187     1.38924  0.00174719
         791     1.45651     1.38932  0.00174705
         792     1.42704     1.38937  0.00174549
         793     1.45581     1.38945   0.0017453
         794      1.4032     1.38947  0.00174319
         795     1.39459     1.38948  0.00174101
         796      1.4346     1.38954  0.00173974
         797     1.43604     1.38959  0.00173854
         798     1.44029     1.38966  0.00173752
         799     1.39201     1.38966  0.00173535
         800     1.45701     1.38974  0.00173522
         801     1.38956     1.38974  0.00173305
         802     1.36045     1.38971  0.00173128
         803     1.39946     1.38972  0.00172916
         804     1.44314     1.38979  0.00172829
         805     1.43707     1.38984  0.00172714
         806     1.44877     1.38992  0.00172654
         807     1.40212     1.38993  0.00172447
         808     1.41435     1.38996   0.0017226
         809     1.43863     1.39002  0.00172152
         810     1.37366        1.39  0.00171952
         811     1.42972     1.39005  0.00171809
         812     1.46055     1.39014  0.00171817
         813     1.45222     1.39022  0.00171775
         814     1.48604     1.39033  0.00171967
         815     1.47995     1.39044  0.00172107
         816      1.4937     1.39057  0.00172361
         817      1.4353     1.39062  0.00172237
         818     1.42756     1.39067  0.00172085
         819     1.43836     1.39073  0.00171974
         820     1.44506     1.39079  0.00171892
         821     1.40676     1.39081  0.00171693
         822     1.42034     1.39085  0.00171522
         823     1.40047     1.39086  0.00171318
         824      1.3568     1.39082   0.0017116
         825      1.3861     1.39081  0.00170953
         826      1.3969     1.39082  0.00170748
         827     1.38072     1.39081  0.00170546
         828     1.37995      1.3908  0.00170345
         829      1.3299     1.39072  0.00170298
         830     1.36192     1.39069  0.00170128
         831     1.38608     1.39068  0.00169924
         832     1.33244     1.39061  0.00169864
         833     1.30746     1.39051  0.00169953
         834     1.36002     1.39048  0.00169788
         835     1.35713     1.39044  0.00169632
         836     1.30027     1.39033  0.00169772
         837     1.36088     1.39029  0.00169605
         838     1.31974     1.39021  0.00169612
         839     1.33092     1.39014  0.00169557
         840      1.3561      1.3901  0.00169403
         841     1.31238        1.39  0.00169454
         842     1.33174     1.38994  0.00169394
         843     1.42348     1.38998   0.0016924
         844     1.38525     1.38997   0.0016904
         845     1.41997     1.39001  0.00168877
         846     1.45757     1.39009  0.00168866
         847      1.4553     1.39016  0.00168842
         848       1.471     1.39026  0.00168912
         849     1.49537     1.39038  0.00169166
         850     1.40223      1.3904  0.00168973
         851     1.34751     1.39035   0.0016885
         852      1.4261     1.39039  0.00168704
         853     1.38702     1.39038  0.00168506
         854     1.41755     1.39041  0.00168339
         855      1.4487     1.39048   0.0016828
         856     1.45205     1.39055  0.00168237
         857     1.41769     1.39059  0.00168071
         858     1.43942     1.39064  0.00167971
         859      1.4297     1.39069  0.00167837
         860     1.46036     1.39077  0.00167837
         861      1.4338     1.39082  0.00167717
         862     1.45363     1.39089   0.0016768
         863     1.42873     1.39094  0.00167543
         864     1.40935     1.39096  0.00167363
         865     1.33855      1.3909  0.00167279
         866     1.38134     1.39089   0.0016709
         867     1.40371      1.3909  0.00166903
         868     1.38217     1.39089  0.00166714
         869     1.36801     1.39086  0.00166543
         870      1.3505     1.39082  0.00166416
         871      1.4323     1.39087  0.00166293
         872     1.37486     1.39085  0.00166113
         873     1.34121     1.39079   0.0016602
         874     1.38382     1.39078  0.00165832
         875     1.36744     1.39076  0.00165664
         876     1.35647     1.39072  0.00165521
         877     1.35617     1.39068  0.00165379
         878     1.38739     1.39067  0.00165191
         879     1.35545     1.39063  0.00165052
         880      1.3073     1.39054  0.00165136
         881     1.30511     1.39044  0.00165233
         882     1.33389     1.39038   0.0016517
         883     1.35569     1.39034  0.00165029
         884     1.38555     1.39033  0.00164844
         885     1.45382     1.39041  0.00164813
         886     1.38758      1.3904  0.00164628
         887     1.41103     1.39043  0.00164458
         888     1.41194     1.39045  0.00164291
         889     1.45397     1.39052  0.00164262
         890      1.3996     1.39053   0.0016408
         891     1.40219     1.39054  0.00163901
         892     1.45093     1.39061  0.00163857
         893     1.49531     1.39073  0.00164093
         894      1.4335     1.39078  0.00163979
         895     1.35657     1.39074   0.0016384
         896     1.38442     1.39073  0.00163659
         897     1.40519     1.39075  0.00163484
         898     1.32239     1.39067  0.00163479
         899     1.32801      1.3906  0.00163446
         900      1.3487     1.39056  0.00163331
         901     1.22151     1.39037  0.00164224
         902     1.27854     1.39024  0.00164509
         903     1.37065     1.39022  0.00164341
         904      1.3929     1.39022  0.00164159
         905     1.43736     1.39028  0.00164061
         906     1.35646     1.39024  0.00163922
         907     1.39989     1.39025  0.00163745
         908     1.36829     1.39023  0.00163582
         909     1.34483     1.39018  0.00163479
         910     1.40367     1.39019  0.00163306
         911     1.43179     1.39024   0.0016319
         912     1.39551     1.39024  0.00163012
         913     1.42015     1.39028  0.00162867
         914      1.4341     1.39032  0.00162759
         915      1.3968     1.39033  0.00162583
         916     1.36994     1.39031   0.0016242
         917     1.40576     1.39032  0.00162252
         918     1.41522     1.39035  0.00162098
         919     1.38107     1.39034  0.00161925
         920     1.30586     1.39025  0.00162009
         921      1.3094     1.39016  0.00162071
         922     1.34027     1.39011  0.00161985
         923     1.39465     1.39011   0.0016181
         924     1.32386     1.39004  0.00161794
         925     1.26157      1.3899  0.00162214
         926     1.30526     1.38981  0.00162296
         927     1.33258     1.38975  0.00162239
         928     1.37635     1.38973   0.0016207
         929     1.37204     1.38972  0.00161907
         930     1.49276     1.38983  0.00162112
         931     1.36697      1.3898  0.00161956
         932     1.37452     1.38979  0.00161791
         933      1.4133     1.38981  0.00161637
         934     1.37129     1.38979  0.00161476
         935     1.41781     1.38982  0.00161331
         936     1.34834     1.38978   0.0016122
         937     1.36973     1.38976  0.00161062
         938     1.47493     1.38985  0.00161146
         939     1.34745      1.3898  0.00161037
         940     1.36795     1.38978  0.00160883
         941     1.34824     1.38973  0.00160772
         942     1.36136      1.3897   0.0016063
         943     1.39744     1.38971  0.00160462
         944      1.3797      1.3897  0.00160295
         945     1.35965     1.38967  0.00160157
         946     1.37811     1.38966  0.00159993
         947     1.46286     1.38973   0.0016001
         948     1.41345     1.38976  0.00159861
         949     1.44157     1.38981  0.00159786
         950     1.40565     1.38983  0.00159626
         951     1.39071     1.38983  0.00159458
         952     1.43051     1.38987  0.00159348
         953     1.41315      1.3899    0.001592
         954     1.49741     1.39001  0.00159431
         955     1.43084     1.39005  0.00159322
         956     1.35115     1.39001  0.00159207
         957      1.4228     1.39005  0.00159077
         958     1.51343     1.39018  0.00159432
         959     1.46091     1.39025  0.00159436
         960      1.4034     1.39026  0.00159276
         961      1.3838     1.39026  0.00159112
         962     1.37647     1.39024  0.00158953
         963       1.384     1.39024  0.00158789
         964     1.36002     1.39021  0.00158655
         965     1.29137      1.3901  0.00158821
         966     1.31391     1.39002  0.00158852
         967     1.36483        1.39  0.00158709
         968     1.42525     1.39003  0.00158587
         969     1.41269     1.39006  0.00158441
         970     1.52576      1.3902  0.00158894
         971     1.38488     1.39019  0.00158731
         972     1.40849     1.39021  0.00158579
         973     1.33013     1.39015  0.00158536
         974     1.30648     1.39006  0.00158606
         975     1.34769     1.39002  0.00158503
         976     1.38942     1.39002  0.00158341
         977     1.42055     1.39005  0.00158209
         978     1.38117     1.39004   0.0015805
         979     1.42236     1.39007  0.00157923
         980     1.42321     1.39011  0.00157798
         981     1.45931     1.39018  0.00157795
         982     1.40828      1.3902  0.00157645
         983     1.44058     1.39025  0.00157568
         984     1.36915     1.39023  0.00157422
         985     1.41259     1.39025  0.00157279
         986     1.46036     1.39032   0.0015728
         987     1.45828     1.39039  0.00157271
         988     1.43871     1.39044  0.00157188
         989      1.3615     1.39041  0.00157057
         990     1.44706     1.39047  0.00157002
         991     1.42085      1.3905  0.00156874
         992     1.40828     1.39052  0.00156726
         993      1.3695     1.39049  0.00156582
         994     1.44641     1.39055  0.00156526
         995     1.38372     1.39054   0.0015637
         996     1.42897     1.39058  0.00156261
         997      1.4291     1.39062  0.00156152
         998     1.37469      1.3906  0.00156003
         999     1.46632     1.39068  0.00156031
        1000     1.42238     1.39071  0.00155907
